000014 277 160 417 259 4.883038
000014 793 163 890 328 8.659422
000014 794 248 907 372 8.659422
000014 961 180 1075 249 15.081787
000015 277 160 417 259 4.883038
000015 793 163 890 328 8.659422
000015 794 248 907 372 8.659422
000015 961 180 1075 249 15.081787
000015 981 184 1098 251 15.793701
000016 981 184 1098 251 15.793701
000017 787 163 878 322 12.148725
000017 1001 181 1124 252 14.697258
000018 1021 184 1150 258 14.994953
000019 1045 192 1180 269 15.464949
000020 1071 196 1212 278 14.466472
000021 292 175 411 276 6.398235
000021 1096 199 1241 281 14.058317
000022 294 178 407 272 6.303766
000022 1126 198 1241 280 13.691364
000022 529 215 584 260 8.668192
000022 295 174 409 268 6.144864
000022 1155 195 1242 278 13.169861
000023 529 215 584 260 8.668192
000023 295 174 409 268 6.144864
000023 1155 195 1242 278 13.169861
000024 567 217 606 260 8.244858
000024 538 212 600 258 8.244858
000025 567 217 606 260 8.244858
000025 538 212 600 258 8.244858
000026 539 211 605 259 8.350971
000026 821 195 894 252 15.005846
000026 723 183 806 336 16.421843
000027 540 199 608 254 12.761896
000027 831 192 907 249 14.677356
000027 715 173 798 317 11.33277
000027 712 246 816 350 11.33277
000028 545 196 588 249 17.843952
000028 566 201 629 252 12.153492
000028 847 189 931 245 13.952871
000029 562 198 640 254 12.07753
000029 688 237 792 339 12.34508
000029 861 184 951 248 13.657313
000030 561 198 603 252 19.152466
000030 599 205 644 258 11.232963
000030 879 184 969 247 13.229325
000030 567 200 605 256 19.152466
000030 602 207 656 264 11.232963
000030 570 201 647 258 11.232963
000030 895 185 991 251 13.229325
000031 567 200 605 256 15.2708
000031 602 207 656 264 9.034297
000031 570 201 647 258 9.034297
000031 895 185 991 251 12.653469
000031 575 210 612 257 14.952846
000031 916 187 1015 256 12.376037
000031 649 235 751 337 10.533
000032 575 210 612 257 14.952846
000032 916 187 1015 256 12.376037
000032 649 235 751 337 10.533
000033 594 209 654 262 13.680348
000033 584 204 626 261 13.680348
000033 935 195 1043 263 12.191957
000034 595 204 638 262 13.344751
000034 960 193 1070 265 11.898423
000035 980 188 1099 264 11.581642
000035 620 220 711 327 14.705578
000035 619 164 691 308 14.705578
000035 1005 184 1132 266 11.544262
000036 620 220 711 327 14.705578
000036 619 164 691 308 14.705578
000036 1005 184 1132 266 11.544262
000036 682 200 749 280 9.162559
000036 1035 185 1172 269 11.2593
000037 682 200 749 280 9.162559
000037 1035 185 1172 269 11.2593
000038 1064 188 1138 264 10.974322
000038 1066 186 1213 275 10.974322
000039 300 184 329 209 40.248295
000039 1189 211 1241 284 10.757264
000039 1097 189 1235 277 10.614938
000040 301 183 343 208 39.85128
000040 1025 159 1100 239 11.467166
000040 706 209 809 301 8.238047
000040 1137 187 1242 278 10.921522
000041 319 183 355 216 39.345791
000041 1065 158 1146 243 10.902246
000041 672 208 725 285 11.504329
000041 689 159 775 211 18.691326
000041 720 207 833 312 7.964415
000042 704 159 792 215 17.998116
000042 752 209 862 313 7.907643
000043 1154 159 1242 259 10.351665
000043 696 198 769 304 10.886512
000043 720 165 803 218 22.441891
000043 772 217 893 330 7.133709
000044 747 218 835 312 8.239822
000044 722 208 789 308 8.239822
000044 729 164 831 220 16.631771
000044 804 223 930 344 6.412647
000045 749 214 823 321 7.815968
000045 829 228 978 362 6.158405
000045 377 194 406 219 36.779266
000045 754 164 868 223 21.788424
000045 777 219 851 329 7.332587
000045 861 228 1035 369 6.032753
000046 377 194 406 219 36.779266
000046 754 164 868 223 21.788424
000046 777 219 851 329 7.332587
000046 861 228 1035 369 6.032753
000046 773 163 874 222 11.485732
000046 801 216 885 339 7.058678
000046 896 232 1098 372 5.574493
000047 773 163 874 222 11.485732
000047 801 216 885 339 7.058678
000047 896 232 1098 372 5.574493
000048 837 223 922 352 6.765224
000048 938 242 1176 374 5.185913
000048 990 248 1235 373 4.841021
000049 990 248 1235 373 4.841021
000051 852 158 983 222 24.704586
000051 939 240 1072 372 5.402421
000052 871 159 971 224 8.741238
000052 982 246 1136 374 5.208117
000053 1058 266 1218 374 4.779337
000053 891 156 1034 226 8.755719
000054 1069 147 1142 226 12.777827
000054 693 155 811 240 6.316144
000055 1097 145 1182 226 12.024478
000055 696 155 833 238 6.896611
000055 336 191 389 227 21.282471
000055 951 156 1111 231 23.324135
000055 734 154 860 239 8.387429
000056 336 191 389 227 21.282471
000056 951 156 1111 231 23.324135
000056 734 154 860 239 8.387429
000057 346 193 401 228 24.451006
000057 978 156 1115 234 20.352194
000057 345 194 403 230 21.257795
000057 1173 142 1242 232 22.331621
000057 999 154 1163 236 15.894698
000057 778 152 907 237 7.932116
000058 345 194 403 230 21.257795
000058 1173 142 1242 232 22.331621
000058 999 154 1163 236 15.894698
000058 778 152 907 237 7.932116
000059 351 194 408 229 21.153641
000059 1013 149 1184 237 15.270093
000059 1203 140 1242 235 22.188593
000059 735 167 792 322 9.396629
000060 359 197 414 231 23.060745
000060 1044 151 1209 236 15.979654
000060 820 154 962 237 5.65446
000060 750 165 809 318 7.286774
000060 844 156 989 236 6.19192
000060 1049 151 1239 241 19.296871
000061 844 156 989 236 6.19192
000061 1049 151 1239 241 19.296871
000062 1067 152 1236 243 15.606436
000062 868 156 1013 237 7.327926
000063 890 154 1040 236 6.416647
000063 801 166 866 314 5.800706
000063 1084 150 1236 245 19.214088
000063 351 199 414 235 18.613527
000063 912 153 1067 237 7.43639
000063 817 162 885 322 5.409985
000063 1100 153 1242 247 18.485754
000064 351 199 414 235 18.613527
000064 912 153 1067 237 7.43639
000064 817 162 885 322 5.409985
000064 1100 153 1242 247 18.485754
000064 346 196 365 233 21.30077
000064 346 198 411 238 21.30077
000064 633 178 709 220 19.75992
000064 931 153 1094 234 6.566908
000064 836 162 903 315 6.279347
000064 1114 150 1242 247 18.174835
000065 346 196 365 233 21.30077
000065 346 198 411 238 21.30077
000065 633 178 709 220 19.75992
000065 931 153 1094 234 6.566908
000065 836 162 903 315 6.279347
000065 1114 150 1242 247 18.174835
000066 506 186 574 216 26.819719
000066 346 200 409 238 17.905149
000066 857 172 912 323 5.891968
000066 623 180 705 225 19.646582
000066 953 153 1112 238 6.649541
000066 863 166 923 305 5.964015
000066 1129 154 1238 254 18.722239
000067 332 201 397 239 17.505817
000067 621 181 705 223 19.180271
000067 875 166 935 314 5.718083
000067 974 154 1141 240 8.540221
000067 875 161 938 308 5.718083
000067 1140 151 1242 254 17.748522
000068 634 184 709 227 18.928898
000068 891 186 951 326 5.440264
000068 318 201 392 247 16.800323
000068 990 154 1156 241 8.141421
000068 1147 154 1242 253 18.104403
000068 896 166 958 314 5.440264
000069 497 192 572 224 25.64126
000069 615 186 701 233 18.841486
000069 1009 158 1168 246 8.279149
000069 1154 154 1242 255 17.797014
000069 911 163 975 317 5.305859
000070 1029 159 1183 244 8.003447
000070 1165 154 1242 262 17.172272
000070 932 163 991 313 6.66588
000070 281 207 353 253 15.569452
000070 1039 156 1212 244 7.846423
000070 1168 150 1242 263 16.839081
000070 942 161 1002 315 5.938821
000072 1054 157 1200 242 7.357647
000072 252 202 341 255 15.191462
000072 1174 155 1242 264 16.831612
000072 960 161 1019 317 5.598685
000072 583 182 675 234 17.435526
000072 1070 156 1203 242 7.413141
000072 236 202 318 255 17.362141
000072 1176 156 1242 261 16.392124
000073 583 182 675 234 17.435526
000073 1070 156 1203 242 7.413141
000073 236 202 318 255 17.362141
000073 1176 156 1242 261 16.392124
000073 561 185 659 236 14.202857
000073 207 203 293 256 17.114113
000073 1176 153 1242 264 15.915737
000074 561 185 659 236 14.202857
000074 207 203 293 256 17.114113
000074 1176 153 1242 264 15.915737
000075 437 187 497 223 23.560438
000075 183 205 274 261 14.318734
000075 1173 155 1242 268 15.567926
000075 982 163 1047 316 6.715946
000076 151 207 249 266 16.371405
000076 1169 160 1241 273 7.247328
000076 626 183 653 241 15.114191
000076 116 209 215 269 13.637944
000076 1101 161 1192 245 14.874681
000076 1164 157 1242 280 15.080285
000077 626 183 653 241 15.114191
000077 116 209 215 269 13.637944
000077 1101 161 1192 245 14.874681
000077 1164 157 1242 280 15.080285
000078 354 194 437 231 21.194359
000078 494 191 607 247 14.063831
000078 87 213 185 273 13.290821
000078 1106 162 1194 256 14.55827
000078 1160 162 1242 291 14.766809
000079 94 215 156 271 12.107364
000079 472 187 593 247 15.078867
000079 43 209 149 277 12.107364
000079 1106 164 1187 260 14.177628
000079 1150 162 1242 293 14.177628
000079 992 168 1050 314 7.977643
000080 282 201 376 239 20.105099
000080 339 195 393 238 20.989799
000080 452 191 589 254 13.321024
000080 6 218 114 284 12.008534
000080 1107 164 1180 247 13.897499
000080 1143 163 1242 293 14.033399
000080 990 166 1045 311 7.503199
000081 427 195 469 260 15.122451
000081 0 219 73 293 13.825067
000081 1107 165 1178 244 13.611213
000081 1138 164 1242 294 13.717915
000081 985 167 1042 310 9.072474
000082 1102 166 1165 243 13.35082
000082 979 165 1033 300 6.88757
000082 1131 162 1241 304 13.466673
000082 467 195 562 260 12.232269
000082 254 200 318 246 19.349239
000082 1095 169 1150 242 12.986465
000082 1119 160 1241 307 12.385308
000082 975 175 1029 295 7.091644
000083 467 195 562 260 12.232269
000083 254 200 318 246 19.349239
000083 1095 169 1150 242 12.986465
000083 1119 160 1241 307 12.385308
000083 975 175 1029 295 7.091644
000084 729 179 758 251 14.348089
000084 1085 169 1139 238 12.914315
000084 967 173 1022 298 7.696955
000084 1110 159 1241 311 12.207984
000085 713 179 741 254 13.631582
000085 1098 158 1241 312 12.038122
000085 958 171 1015 303 9.23247
000085 383 200 484 272 12.563979
000085 1081 169 1111 215 12.401232
000085 947 168 1000 302 7.059307
000085 1087 156 1241 316 8.46829
000086 383 200 484 272 12.563979
000086 1081 169 1111 215 12.401232
000086 947 168 1000 302 7.059307
000086 1087 156 1241 316 8.46829
000086 355 209 454 276 12.138643
000086 1065 166 1103 231 11.851562
000086 944 172 994 288 8.135081
000086 1082 155 1242 318 8.360585
000087 355 209 454 276 12.138643
000087 1065 166 1103 231 11.851562
000087 944 172 994 288 8.135081
000087 1082 155 1242 318 8.360585
000087 198 210 290 283 12.611633
000087 324 205 424 282 12.076871
000087 936 174 983 287 7.076359
000087 1075 155 1241 323 7.820955
000088 198 210 290 283 12.611633
000088 324 205 424 282 12.076871
000088 936 174 983 287 7.076359
000088 1075 155 1241 323 7.820955
000089 1063 153 1241 333 7.564008
000089 290 211 393 281 10.69949
000089 155 209 258 291 12.284711
000089 642 180 673 262 11.638742
000089 925 176 977 294 8.266764
000090 99 212 220 295 11.945405
000090 1057 152 1241 344 7.13663
000090 257 215 361 290 10.345474
000091 980 181 1008 206 5.556018
000091 603 179 639 268 10.700377
000091 52 209 174 309 11.252122
000091 1054 153 1241 348 6.858559
000091 910 175 957 288 7.524079
000091 213 216 330 298 9.937487
000092 903 182 947 282 8.041894
000092 903 227 941 288 8.041894
000092 1048 150 1242 355 9.212851
000092 1 213 128 322 11.154587
000092 903 174 950 279 8.041894
000092 169 212 294 308 9.574999
000092 1036 151 1242 354 8.97044
000092 896 175 942 287 7.483294
000092 115 214 253 315 9.242841
000093 1036 151 1242 354 8.97044
000093 896 175 942 287 7.483294
000093 115 214 253 315 9.242841
000094 254 197 291 241 23.59433
000094 888 231 925 296 7.327922
000094 886 179 936 284 7.327922
000094 58 225 204 320 8.866854
000094 1028 150 1242 344 8.511623
000094 0 218 152 330 8.385382
000094 1020 149 1241 351 8.444168
000095 0 218 152 330 8.385382
000095 1020 149 1241 351 8.444168
000096 3 227 95 341 8.396873
000096 1018 148 1240 361 7.862773
000097 475 170 513 283 7.985755
000097 1010 153 1239 363 7.584393
000097 448 172 487 282 7.530172
000097 1007 153 1239 365 7.204754
000098 448 172 487 282 7.530172
000098 1007 153 1239 365 7.204754
000099 418 172 460 297 7.068354
000099 1004 151 1239 365 6.782002
000099 995 146 1240 367 6.306675
000099 386 172 430 297 6.732769
000100 995 146 1240 367 6.306675
000100 386 172 430 297 6.732769
000101 348 169 399 288 6.25324
000101 768 178 816 223 33.687374
000101 974 142 1242 367 6.040806
000101 967 141 1242 369 5.840984
000101 311 167 365 253 9.290781
000101 751 178 798 221 45.137573
000102 967 141 1242 369 5.840984
000102 311 167 365 253 9.290781
000102 751 178 798 221 45.137573
000103 734 177 782 220 43.758766
000103 269 166 326 260 8.746084
000103 218 163 283 275 8.290442
000103 717 177 765 221 42.873184
000104 218 163 283 275 8.290442
000104 717 177 765 221 42.873184
000105 939 188 972 236 9.89992
000105 701 177 750 223 42.344891
000105 163 163 234 337 7.873865
000105 686 177 732 223 42.021049
000105 94 162 173 361 7.382878
000106 686 177 732 223 42.021049
000106 94 162 173 361 7.382878
000106 882 188 927 230 27.951338
000106 825 179 867 278 38.66061
000106 667 176 716 223 27.495049
000106 913 186 975 241 8.473822
000106 3 159 104 370 6.624074
000107 882 188 927 230 27.951338
000107 825 179 867 278 38.66061
000107 667 176 716 223 27.495049
000107 913 186 975 241 8.473822
000107 3 159 104 370 6.624074
000108 867 188 911 231 28.245916
000108 652 176 698 222 27.27457
000108 792 184 826 216 40.566078
000108 856 187 900 232 26.562698
000108 634 176 684 226 26.606533
000109 792 184 826 216 40.566078
000109 856 187 900 232 26.562698
000109 634 176 684 226 26.606533
000110 778 185 815 217 43.625576
000110 818 182 858 286 26.76754
000110 842 188 891 226 26.76754
000110 619 176 668 223 29.285889
000111 763 184 794 216 39.942623
000111 602 175 653 226 25.188639
000111 746 181 784 216 36.929043
000111 829 186 865 222 25.110846
000111 771 181 815 219 36.929043
000111 697 172 745 216 60.097092
000111 807 176 844 276 25.110846
000111 587 175 635 224 24.708921
000111 853 187 950 246 21.789024
000112 746 181 784 216 36.929043
000112 829 186 865 222 25.110846
000112 771 181 815 219 36.929043
000112 697 172 745 216 60.097092
000112 807 176 844 276 25.110846
000112 587 175 635 224 24.708921
000112 853 187 950 246 21.789024
000113 826 185 857 229 21.090796
000113 729 181 766 215 36.352108
000113 760 180 805 220 49.975826
000113 570 173 622 224 24.122515
000113 842 184 940 245 21.237103
000113 710 177 749 213 36.568577
000113 745 180 794 218 35.58989
000113 793 176 835 273 20.781294
000113 668 171 714 211 58.585918
000113 553 172 606 222 34.408051
000113 831 183 928 247 19.31436
000114 710 177 749 213 36.568577
000114 745 180 794 218 35.58989
000114 793 176 835 273 20.781294
000114 668 171 714 211 58.585918
000114 553 172 606 222 34.408051
000114 831 183 928 247 19.31436
000115 1168 103 1240 368 4.165679
000115 699 179 739 214 33.666428
000115 788 177 833 270 20.326107
000115 731 179 783 218 33.666428
000115 538 172 592 225 22.876635
000115 826 182 921 248 19.724552
000115 780 178 818 268 19.74358
000115 681 179 729 216 33.068405
000115 522 172 578 224 33.274731
000115 814 184 914 248 19.152073
000115 723 178 772 219 29.168224
000115 1 186 198 295 5.47424
000116 780 178 818 268 19.74358
000116 681 179 729 216 33.068405
000116 522 172 578 224 33.274731
000116 814 184 914 248 19.152073
000116 723 178 772 219 29.168224
000116 1 186 198 295 5.47424
000117 747 187 788 234 22.815968
000117 667 180 717 216 34.889496
000117 507 173 566 226 24.485722
000117 769 178 815 275 19.201332
000117 710 180 761 221 34.283173
000117 806 185 909 252 19.82288
000117 109 179 140 232 19.344269
000117 651 178 677 212 57.970882
000117 654 181 700 215 34.306206
000117 698 181 750 223 26.904402
000117 492 174 549 229 39.696117
000117 797 187 902 256 19.281843
000118 109 179 140 232 19.344269
000118 651 178 677 212 57.970882
000118 654 181 700 215 34.306206
000118 698 181 750 223 26.904402
000118 492 174 549 229 39.696117
000118 797 187 902 256 19.281843
000119 653 183 691 217 32.395477
000119 683 182 736 223 28.863981
000119 472 173 535 231 23.286699
000119 595 172 639 213 74.683365
000119 792 188 895 259 16.721102
000120 619 177 647 212 74.083305
000120 728 184 785 261 21.245268
000120 710 184 763 240 21.245268
000120 741 184 778 274 21.245268
000120 635 183 680 218 31.797924
000120 453 175 523 228 22.694407
000120 674 181 728 225 32.757389
000120 579 173 630 213 74.083305
000120 782 188 890 261 17.009689
000120 627 182 668 218 30.896975
000120 433 179 502 225 22.106943
000120 662 180 717 227 27.666584
000120 564 171 611 210 73.482079
000120 774 188 889 265 15.567281
000121 627 182 668 218 30.896975
000121 433 179 502 225 22.106943
000121 662 180 717 227 27.666584
000121 564 171 611 210 73.482079
000121 774 188 889 265 15.567281
000122 463 176 489 206 37.208954
000122 720 187 770 242 24.830484
000122 702 184 763 264 24.830484
000122 615 182 662 221 31.023243
000122 708 185 745 275 24.830484
000122 654 180 703 229 26.599794
000122 414 178 486 231 20.256777
000122 761 187 885 267 15.813057
000123 687 186 764 246 18.939312
000123 691 183 735 273 19.245327
000123 593 181 641 217 31.594734
000123 636 179 691 225 30.654888
000123 397 176 469 233 19.67178
000123 755 188 879 270 15.238932
000123 688 189 757 246 17.901043
000123 590 181 628 219 29.711483
000123 620 180 677 227 25.409739
000123 373 177 456 237 18.953798
000123 748 188 866 271 14.328509
000124 688 189 757 246 17.901043
000124 590 181 628 219 29.711483
000124 620 180 677 227 25.409739
000124 373 177 456 237 18.953798
000124 748 188 866 271 14.328509
000125 640 181 696 245 21.153355
000125 659 182 713 271 21.42989
000125 667 185 749 250 15.080889
000125 658 179 697 270 21.42989
000125 607 181 663 226 24.810076
000125 560 180 611 217 29.799568
000125 351 180 435 237 19.729206
000125 738 186 863 273 13.38972
000126 580 182 609 223 28.637699
000126 622 178 671 235 36.551838
000126 524 176 552 207 73.674362
000126 640 180 676 269 36.551838
000126 558 181 603 219 28.637699
000126 601 180 656 228 23.914612
000126 663 186 739 252 14.607297
000126 331 180 419 242 16.533018
000126 731 188 856 276 12.687812
000127 619 183 677 263 7.565415
000127 377 178 408 211 22.240974
000127 589 178 632 228 28.11108
000127 544 181 588 220 27.963839
000127 621 181 659 268 7.565415
000127 307 181 397 245 17.417822
000127 650 187 733 251 8.472485
000127 723 186 852 279 12.098702
000128 343 177 384 214 23.394337
000128 576 178 624 229 27.295662
000128 528 181 576 220 26.962448
000128 280 183 374 247 15.679275
000128 634 185 723 254 8.029126
000128 716 186 852 284 11.778898
000129 851 168 910 208 16.095745
000129 562 180 596 227 22.079887
000129 326 178 373 212 22.478081
000129 530 181 567 221 27.673588
000129 584 179 616 266 18.923981
000129 513 181 555 219 14.443602
000129 259 186 355 255 17.157352
000129 624 184 721 255 5.377493
000129 713 183 850 285 11.323679
000130 323 182 365 214 21.912128
000130 847 170 915 208 15.517905
000130 310 182 364 243 21.912128
000130 513 182 559 223 25.633791
000130 238 189 340 261 16.602461
000130 612 185 719 260 6.893308
000130 712 184 852 288 10.72613
000130 310 183 356 217 22.112268
000130 550 181 597 263 20.730715
000130 846 172 920 209 15.629281
000130 510 183 556 225 25.040644
000130 297 185 354 239 22.112268
000130 499 183 537 221 26.496807
000130 552 182 589 270 20.730715
000130 221 191 329 265 15.965515
000130 604 187 721 264 6.357648
000130 712 184 856 294 10.259695
000131 310 183 356 217 22.112268
000131 550 181 597 263 20.730715
000131 846 172 920 209 15.629281
000131 510 183 556 225 25.040644
000131 297 185 354 239 22.112268
000131 499 183 537 221 26.496807
000131 552 182 589 270 20.730715
000131 221 191 329 265 15.965515
000131 604 187 721 264 6.357648
000131 712 184 856 294 10.259695
000132 506 185 582 232 25.895948
000132 534 180 608 236 20.126804
000132 500 185 542 226 25.895948
000132 275 187 339 246 15.418029
000132 853 176 894 204 15.06113
000132 539 182 578 271 20.126804
000132 201 194 312 273 14.798544
000132 717 185 873 296 9.676466
000132 598 189 723 268 11.823669
000133 525 183 571 264 19.669165
000133 447 180 477 216 24.130169
000133 861 175 908 217 14.402905
000133 318 191 345 231 36.453152
000133 462 183 489 215 28.37262
000133 474 184 503 217 28.37262
000133 537 181 612 237 19.669165
000133 502 186 535 227 25.25667
000133 269 188 335 246 16.64698
000133 530 181 568 271 23.83918
000133 179 198 306 282 13.761479
000133 598 190 726 271 12.098457
000133 726 186 878 307 9.186043
000134 525 189 557 275 23.208235
000134 290 192 340 247 37.744453
000134 312 193 341 226 37.744453
000134 259 189 327 252 16.072287
000134 542 183 615 240 23.208235
000134 522 183 557 273 23.208235
000134 158 201 298 292 14.874317
000134 737 186 894 313 8.615379
000134 600 190 739 279 12.636645
000135 452 180 476 214 22.855953
000135 297 192 340 245 40.109882
000135 311 192 341 225 40.109882
000135 474 182 504 216 27.61964
000135 487 183 517 223 36.749573
000135 515 181 556 274 22.625814
000135 254 189 324 259 19.320833
000135 547 181 619 242 14.775202
000135 139 198 290 296 14.489069
000135 750 184 917 313 7.976963
000135 604 187 748 282 11.1405
000136 512 182 551 265 23.357361
000136 472 180 506 210 36.116314
000136 304 189 342 239 39.501266
000136 490 180 519 218 36.116314
000136 423 176 462 212 22.226421
000136 247 185 321 257 18.722778
000136 514 180 549 269 23.357361
000136 545 179 625 242 14.144199
000136 134 198 284 296 13.906786
000136 770 181 955 332 7.425512
000136 612 186 762 286 10.51369
000137 510 177 550 257 11.406625
000137 474 176 508 205 35.185257
000137 501 178 538 219 24.168657
000137 489 177 517 212 28.731562
000137 429 171 468 209 19.7134
000137 514 175 548 267 11.406625
000137 311 187 346 230 33.619694
000137 244 182 320 256 13.247851
000137 554 177 636 241 16.967955
000137 115 196 283 297 12.688198
000137 795 177 1001 351 6.815093
000137 619 181 781 286 7.905002
000138 513 172 549 266 22.461491
000138 312 186 350 235 21.816042
000138 245 180 323 255 17.138283
000138 559 172 648 242 16.231014
000138 97 196 280 307 12.471666
000138 627 179 802 289 9.394822
000138 824 172 1059 361 6.29518
000138 409 174 424 196 50.987087
000138 412 170 431 193 50.987087
000138 542 176 581 231 20.054447
000138 316 186 356 237 21.220026
000138 244 178 328 258 16.554743
000138 571 170 660 245 15.597812
000138 87 193 281 315 11.539073
000138 641 177 825 296 8.731661
000138 862 172 1134 367 5.78508
000139 409 174 424 196 50.987087
000139 412 170 431 193 50.987087
000139 542 176 581 231 20.054447
000139 316 186 356 237 21.220026
000139 244 178 328 258 16.554743
000139 571 170 660 245 15.597812
000139 87 193 281 315 11.539073
000139 641 177 825 296 8.731661
000139 862 172 1134 367 5.78508
000139 542 178 590 229 19.291552
000139 453 166 489 204 19.048779
000139 319 185 364 234 18.532263
000139 578 170 674 248 14.940919
000139 245 179 334 258 13.413489
000139 79 193 281 314 10.349643
000139 913 177 1225 370 5.161708
000139 652 179 857 304 7.911736
000140 542 178 590 229 19.291552
000140 453 166 489 204 19.048779
000140 319 185 364 234 18.532263
000140 578 170 674 248 14.940919
000140 245 179 334 258 13.413489
000140 79 193 281 314 10.349643
000140 913 177 1225 370 5.161708
000140 652 179 857 304 7.911736
000140 461 166 497 204 19.557161
000140 552 177 605 231 3.031888
000140 324 186 369 237 19.448807
000140 592 173 691 253 3.031888
000140 244 176 333 262 13.912407
000140 54 195 279 321 10.939453
000140 674 182 892 316 7.711545
000140 965 177 1240 370 4.521745
000141 461 166 497 204 19.557161
000141 552 177 605 231 3.031888
000141 324 186 369 237 19.448807
000141 592 173 691 253 3.031888
000141 244 176 333 262 13.912407
000141 54 195 279 321 10.939453
000141 674 182 892 316 7.711545
000141 965 177 1240 370 4.521745
000142 433 175 451 197 54.224232
000142 470 165 508 205 134.282394
000142 557 177 614 231 18.060286
000142 330 188 375 241 19.279072
000142 243 178 338 267 13.778211
000142 597 173 706 255 11.882631
000142 33 198 275 329 10.431491
000142 1020 177 1241 370 4.120252
000142 686 183 933 331 6.804914
000143 572 179 622 237 10.696293
000143 560 180 602 226 16.296793
000143 530 177 566 267 3.298404
000143 332 188 381 245 18.922411
000143 604 173 724 260 10.229537
000143 236 182 339 274 12.865457
000143 11 200 273 340 10.099749
000143 704 184 979 348 6.303951
000144 572 180 637 235 16.781984
000144 535 175 572 264 32.596836
000144 622 175 746 266 9.584596
000144 336 188 391 244 18.294249
000144 230 181 343 277 14.69939
000144 1 200 268 354 9.627439
000144 725 184 1041 368 6.185436
000144 423 163 464 204 51.006744
000144 569 177 597 221 27.860487
000144 580 182 618 234 27.860487
000144 379 163 463 211 25.720093
000144 589 182 647 240 16.158293
000144 340 188 398 243 16.626825
000144 739 188 1119 371 5.472997
000144 226 180 345 281 12.031279
000144 635 176 766 271 8.151557
000144 0 201 260 362 9.142253
000145 423 163 464 204 51.006744
000145 569 177 597 221 27.860487
000145 580 182 618 234 27.860487
000145 379 163 463 211 25.720093
000145 589 182 647 240 16.158293
000145 340 188 398 243 16.626825
000145 739 188 1119 371 5.472997
000145 226 180 345 281 12.031279
000145 635 176 766 271 8.151557
000145 0 201 260 362 9.142253
000146 569 175 598 213 28.538536
000146 588 181 638 235 15.983807
000146 601 181 662 244 15.505152
000146 352 186 404 239 17.487059
000146 340 190 378 250 17.307474
000146 774 190 1219 372 4.801627
000146 222 180 348 288 11.844736
000146 645 175 784 276 11.421284
000146 3 201 250 365 8.779536
000147 574 174 600 214 28.571363
000147 376 183 416 222 23.035007
000147 581 175 616 219 28.571363
000147 602 178 653 233 16.897465
000147 616 180 673 244 14.892266
000147 362 186 408 238 19.357244
000147 337 190 382 251 16.601221
000147 207 178 346 286 11.152403
000147 661 173 803 279 10.917213
000147 797 191 1239 372 4.308702
000147 2 203 241 368 8.16002
000148 487 171 503 196 48.819405
000148 410 177 450 208 22.966135
000148 607 175 650 230 19.751955
000148 596 173 625 219 27.458864
000148 587 171 616 209 27.458864
000148 630 177 690 247 13.215363
000148 335 187 382 255 16.059828
000148 367 181 415 235 18.674376
000148 194 178 350 289 10.531259
000148 672 171 830 285 10.154902
000148 828 190 1239 370 4.092273
000148 2 203 228 370 7.977175
000148 623 178 673 236 12.506673
000148 605 173 652 219 18.978466
000148 592 169 632 206 26.985054
000148 635 176 706 250 12.506673
000148 334 186 387 256 15.328356
000148 367 180 421 234 18.054987
000148 172 173 344 295 9.919524
000148 859 200 1239 370 3.667617
000148 685 169 857 289 7.387055
000148 3 203 211 372 8.001108
000149 623 178 673 236 12.506673
000149 605 173 652 219 18.978466
000149 592 169 632 206 26.985054
000149 635 176 706 250 12.506673
000149 334 186 387 256 15.328356
000149 367 180 421 234 18.054987
000149 172 173 344 295 9.919524
000149 859 200 1239 370 3.667617
000149 685 169 857 289 7.387055
000149 3 203 211 372 8.001108
000150 622 178 660 233 20.381544
000150 597 168 632 204 26.419552
000150 416 172 465 206 22.503979
000150 630 176 690 242 11.670789
000150 609 169 651 219 20.381544
000150 646 176 727 252 10.488233
000150 993 152 1046 276 10.313462
000150 154 172 342 312 9.108686
000150 366 179 423 235 17.922413
000150 331 187 392 258 14.756806
000150 907 207 1240 373 4.191978
000150 698 169 888 299 9.050529
000150 1 207 186 366 7.524529
000151 608 169 647 208 23.872639
000151 421 177 468 207 21.932774
000151 628 179 678 241 23.872639
000151 622 172 661 228 23.872639
000151 653 179 740 257 10.974472
000151 125 177 339 316 8.810471
000151 976 252 1241 373 3.953128
000151 1037 152 1096 290 9.23564
000151 326 190 394 258 14.194221
000151 368 181 425 237 17.555695
000151 714 172 922 312 8.41302
000151 1 213 159 366 7.509558
000152 365 190 402 254 16.694834
000152 614 174 651 215 23.101633
000152 629 174 663 221 23.101633
000152 638 179 676 239 23.101633
000152 663 177 761 263 9.381609
000152 324 193 393 266 13.615144
000152 368 185 428 243 16.694834
000152 85 176 338 331 7.845833
000152 729 174 962 324 7.679528
000152 1 217 128 371 7.845833
000153 471 162 517 207 43.947243
000153 669 182 720 254 12.174985
000153 625 177 662 219 22.414661
000153 638 177 673 228 18.54793
000153 646 180 706 246 13.49948
000153 679 183 780 270 8.71307
000153 44 181 324 342 7.701829
000153 366 188 430 246 16.037128
000153 1151 155 1237 325 7.769566
000153 310 196 393 274 12.971222
000153 1 224 87 370 7.347623
000153 745 177 1007 344 7.050686
000153 628 177 668 214 21.761648
000153 642 179 679 237 21.761648
000153 649 181 703 246 17.810471
000153 0 179 312 365 8.357269
000153 685 185 800 278 8.007798
000153 364 189 430 249 16.896231
000153 300 197 390 283 12.077847
000153 760 174 1065 364 6.411174
