2011.000000 -0.014375729 0.003747024 0.417414725 -0.003720247 -0.011680002 0.001760061 0.999923289
2011.000000 -0.027538730 0.007602029 0.618947148 -0.003101064 -0.017783877 0.002464775 0.999834001
2011.000000 -0.039906971 0.024747226 0.869462252 -0.002200458 -0.024463452 0.002169664 0.999695957
2011.000000 -0.057701450 0.012232130 1.023853779 -0.004544365 -0.029684519 0.001129418 0.999548376
2011.000000 -0.087584458 0.012657345 1.223800778 -0.002406496 -0.035006568 0.000064988 0.999384224
2011.000000 -0.109805837 0.003694502 1.424835801 0.001297038 -0.040850643 -0.000131913 0.999164402
2011.000000 -0.135692894 0.001582477 1.624562144 0.005016121 -0.046645731 0.001406415 0.998897910
2011.000000 -0.154115885 0.006061865 1.828849196 0.007543815 -0.052970815 0.003971847 0.998559654
2011.000000 -0.179260015 0.013505692 2.021206379 0.007022121 -0.059138510 0.004818197 0.998213470
2011.000000 -0.215803325 0.016908938 2.233643293 0.004251890 -0.065271854 0.003582509 0.997852027
2011.000000 -0.260079265 0.023224490 2.450444221 0.002482731 -0.070969976 0.002476907 0.997472286
2011.000000 -0.297304690 0.024183974 2.654972553 0.002663297 -0.077091478 0.002506065 0.997017324
2011.000000 -0.347904205 0.026104020 2.865127087 0.002551970 -0.082379088 0.001774690 0.996596217
2011.000000 -0.393535852 0.022868037 3.074316502 -0.001739050 -0.088948317 -0.000403339 0.996034622
2011.000000 -0.439687699 0.016219979 3.284406424 -0.005513423 -0.095058665 -0.000930990 0.995455980
2011.000000 -0.482519746 0.011669602 3.491626740 -0.006960360 -0.100756198 0.002054098 0.994884670
2011.000000 -0.523733914 0.013558645 3.704954863 -0.006353715 -0.106962971 0.004987112 0.994230211
2011.000000 -0.576469719 0.018944886 3.913651705 -0.005930624 -0.112917379 0.006446070 0.993565798
2011.000000 -0.641147375 0.026344379 4.108619213 -0.004812292 -0.118833199 0.002835158 0.992898524
2011.000000 -0.709121406 0.029482268 4.321530819 -0.003886401 -0.125355333 0.000215731 0.992104292
2011.000000 -0.773759723 0.034992572 4.533775806 -0.004119592 -0.131740555 0.001852000 0.991273940
2011.000000 -0.848574638 0.048978671 4.755254269 -0.004813232 -0.137354031 0.004465984 0.990500212
2011.000000 -0.921593189 0.047047481 4.984116077 -0.007073082 -0.143746227 0.005034334 0.989576519
2011.000000 -1.004369974 0.050876837 5.214165688 -0.008561318 -0.151019812 0.003385837 0.988487840
2011.000000 -1.090416670 0.051633138 5.453505516 -0.008387364 -0.158016205 0.003262152 0.987395525
2011.000000 -1.180451155 0.052547231 5.689449787 -0.007162499 -0.165201411 0.003445465 0.986227810
2011.000000 -1.277471900 0.059650529 5.934735298 -0.006127578 -0.172579050 0.003581034 0.984970093
2011.000000 -1.382051945 0.063248493 6.187505245 -0.006002292 -0.180542052 0.004864682 0.983536899
2011.000000 -1.486599445 0.070468083 6.444714069 -0.005426834 -0.188937277 0.007386459 0.981946349
2011.000000 -1.601174474 0.077117413 6.707557201 -0.003600583 -0.197479278 0.008870916 0.980260313
2011.000000 -1.731088996 0.080263004 6.964023590 -0.001838912 -0.206267238 0.006696775 0.978471100
2011.000000 -1.871103764 0.072208196 7.223533630 -0.002158350 -0.215500459 0.004996553 0.976488590
2011.000000 -2.010791540 0.073686205 7.485067844 -0.002880002 -0.224922433 0.004805860 0.974360585
2011.000000 -2.154154539 0.078382879 7.763444424 -0.003735608 -0.234575108 0.005491695 0.972075284
2011.000000 -2.304943562 0.083405621 8.027100563 -0.003981465 -0.243938655 0.005810473 0.969765067
2011.000000 -2.463033199 0.085947178 8.286731720 -0.004579553 -0.253128767 0.005632829 0.967405379
2011.000000 -2.626456738 0.088338330 8.539776802 -0.005302204 -0.262067646 0.005040066 0.965021789
2011.000000 -2.792803764 0.090324402 8.800617218 -0.005526303 -0.271111220 0.003776453 0.962524772
2011.000000 -2.961115360 0.093990132 9.048011780 -0.005931508 -0.279639482 0.003324914 0.960080981
2011.000000 -3.134256840 0.106335461 9.290266037 -0.005573176 -0.287686944 0.002822882 0.957704127
2011.000000 -3.314891338 0.120925553 9.535572052 -0.005234901 -0.295276225 0.002517647 0.955394268
2011.000000 -3.483984947 0.123658292 9.776119232 -0.005476439 -0.302782416 0.001620032 0.953042567
2011.000000 -3.660992861 0.131442130 10.017583847 -0.005620761 -0.309785545 0.001225697 0.950789034
2011.000000 -3.850084543 0.136186004 10.233850479 -0.005473228 -0.315536797 0.000644914 0.948897362
2011.000000 -4.024639130 0.137384534 10.470445633 -0.005957508 -0.321773678 0.000715189 0.946797609
2011.000000 -4.210858345 0.136641756 10.715689659 -0.006612256 -0.327311635 0.000151827 0.944893301
2011.000000 -4.369987965 0.131876022 10.950695992 -0.007149717 -0.332433045 -0.000433987 0.943099618
2011.000000 -4.583796501 0.155195773 11.165727615 -0.006417470 -0.335894793 -0.000372505 0.941877544
2011.000000 -4.789417267 0.163324118 11.355637550 -0.006489625 -0.338104039 -0.000285450 0.941086292
2011.000000 -4.975112438 0.176076964 11.602787018 -0.006423024 -0.340665370 -0.000472692 0.940162539
2011.000000 -5.158635139 0.196987644 11.803981781 -0.006210275 -0.341761172 -0.000074837 0.939766347
2011.000000 -5.339570045 0.216686279 12.031473160 -0.005580156 -0.342652202 0.000475606 0.939445615
2011.000000 -5.503199577 0.196393430 12.229300499 -0.005800750 -0.342350334 0.000369344 0.939554393
2011.000000 -5.687197685 0.246507972 12.464541435 -0.003547658 -0.341545254 0.001257681 0.939857781
2011.000000 -5.841351509 0.271165401 12.671499252 -0.001468312 -0.339790851 0.002263681 0.940497160
2011.000000 -6.050991058 0.244074970 12.882921219 -0.000912151 -0.335824907 0.002260637 0.941921294
2011.000000 -6.216758728 0.236683056 13.101003647 -0.000882957 -0.332191080 0.002258207 0.943208992
2011.000000 -6.387465954 0.242236242 13.340276718 -0.001697764 -0.328016758 0.001651139 0.944668949
2011.000000 -6.558453560 0.239372104 13.558362961 -0.002625058 -0.322339118 0.000220307 0.946620584
2011.000000 -6.716236115 0.236614615 13.790679932 -0.003314224 -0.316087335 -0.001345249 0.948723316
2011.000000 -6.892055511 0.232803643 14.029123306 -0.003872656 -0.308709919 -0.001741792 0.951146722
2011.000000 -7.050146103 0.241945893 14.266800880 -0.003324801 -0.300910115 -0.001974344 0.953644693
2011.000000 -7.199980736 0.248282313 14.500097275 -0.002431389 -0.292009503 -0.001947411 0.956410348
2011.000000 -7.359424591 0.252476573 14.738595009 -0.001415033 -0.281922489 -0.002547967 0.959432721
2011.000000 -7.500875473 0.263213575 14.970934868 -0.000132074 -0.271469384 -0.003646853 0.962440133
2011.000000 -7.625411034 0.263013214 15.211581230 0.000705225 -0.261352181 -0.004660028 0.965231955
2011.000000 -7.761097908 0.262532413 15.457270622 0.001125197 -0.250450015 -0.004104245 0.968120158
2011.000000 -7.878226757 0.263716757 15.701885223 0.001681489 -0.239345133 -0.003685179 0.970926106
2011.000000 -7.991961002 0.262175292 15.946807861 0.002422040 -0.227539733 -0.003735870 0.973758578
2011.000000 -8.104108810 0.259566039 16.205837250 0.003211559 -0.215660632 -0.003826301 0.976455629
2011.000000 -8.201482773 0.260814339 16.469795227 0.003120214 -0.203374982 -0.002657910 0.979092360
2011.000000 -8.312232018 0.261761904 16.733533859 0.002768265 -0.190155506 -0.001319879 0.981749177
2011.000000 -8.393712044 0.270289302 17.008064270 0.002543791 -0.177813932 -0.000130672 0.984060824
2011.000000 -8.483406067 0.272067785 17.293237686 0.002645970 -0.165041402 -0.000356545 0.986283064
2011.000000 -8.568175316 0.273135990 17.569862366 0.002998163 -0.152131170 -0.001494695 0.988354623
2011.000000 -8.642475128 0.271275580 17.856014252 0.002806526 -0.139353544 -0.002400862 0.990235806
2011.000000 -8.704911232 0.274033368 18.147750854 0.002659302 -0.126940623 -0.001427739 0.991905749
2011.000000 -8.761909485 0.271644413 18.448234558 0.002334324 -0.114587478 -0.000253834 0.993410349
2011.000000 -8.817115784 0.269445628 18.749195099 0.002186255 -0.101929657 -0.000911694 0.994788766
2011.000000 -8.866401672 0.273367703 19.051294327 0.002381377 -0.089497715 -0.002109924 0.995981932
2011.000000 -8.908133507 0.273875564 19.364801407 0.001922257 -0.077421606 -0.002835246 0.996992588
2011.000000 -8.940539360 0.272626340 19.672771454 0.000981589 -0.065341689 -0.003582990 0.997856021
2011.000000 -8.971405029 0.270602316 19.998676300 0.000548660 -0.053037442 -0.005292371 0.998578370
2011.000000 -8.993367195 0.276302606 20.324581146 0.001059427 -0.040744685 -0.006978360 0.999144614
2011.000000 -9.005825996 0.276206672 20.654291153 0.001260771 -0.028075671 -0.008662072 0.999567509
2011.000000 -9.008725166 0.280281663 20.991470337 0.001326233 -0.015348811 -0.008978641 0.999840975
2011.000000 -9.002238274 0.283347964 21.331224442 0.001112037 -0.002421986 -0.009468437 0.999951601
2011.000000 -8.984807968 0.285054296 21.673469543 0.000295470 0.010446358 -0.010027638 0.999895096
2011.000000 -8.961933136 0.286443114 22.023719788 -0.000716296 0.023184735 -0.011184877 0.999668360
2011.000000 -8.932175636 0.287075192 22.380685806 -0.001724234 0.035309765 -0.012127371 0.999301314
2011.000000 -8.889349937 0.288852125 22.740995407 -0.002080192 0.047140870 -0.012552728 0.998807192
2011.000000 -8.838983536 0.289671034 23.102611542 -0.002037172 0.059048939 -0.013278599 0.998164713
2011.000000 -8.778077126 0.291996062 23.473253250 -0.001590792 0.071299233 -0.013525707 0.997361958
2011.000000 -8.708097458 0.299291432 23.850557327 -0.001096317 0.083561532 -0.013997364 0.996403694
2011.000000 -8.629079819 0.297490954 24.226282120 -0.001339711 0.095383398 -0.014345422 0.995336354
2011.000000 -8.540508270 0.302039087 24.611293793 -0.001071591 0.106570743 -0.014986118 0.994191587
2011.000000 -8.443094254 0.304207653 24.999286652 -0.001389253 0.117615238 -0.015126870 0.992943048
2011.000000 -8.337928772 0.305878788 25.394357681 -0.002178609 0.128787622 -0.015502604 0.991548598
2011.000000 -8.221485138 0.303493917 25.789100647 -0.003111717 0.139599279 -0.015541588 0.990081191
2011.000000 -8.093095779 0.305095196 26.178903580 -0.003723386 0.150300562 -0.015447129 0.988512635
2011.000000 -7.959658146 0.307419598 26.561321259 -0.004141923 0.160520092 -0.015204108 0.986906767
2011.000000 -7.819399834 0.303040266 26.951028824 -0.004166274 0.170007750 -0.014931694 0.985320747
2011.000000 -7.664370537 0.308477402 27.337055206 -0.003637387 0.178974286 -0.014631634 0.983738244
2011.000000 -7.512822151 0.307374656 27.721733093 -0.003312325 0.188040450 -0.014883867 0.982042909
2011.000000 -7.361749649 0.301381022 28.099121094 -0.002916861 0.197350845 -0.015303282 0.980209112
2011.000000 -7.196579933 0.292726368 28.474603653 -0.002826879 0.206347510 -0.015368042 0.978353977
2011.000000 -7.011923790 0.292033672 28.849660873 -0.002631266 0.215177834 -0.014873973 0.976458073
2011.000000 -6.822666168 0.298143804 29.216754913 -0.002250427 0.224133864 -0.014549377 0.974447131
2011.000000 -6.635394096 0.292884439 29.580101013 -0.002592272 0.232929617 -0.014854156 0.972376704
2011.000000 -6.436872482 0.296086788 29.947288513 -0.002784461 0.242032990 -0.015075932 0.970146894
2011.000000 -6.231593132 0.303741634 30.309753418 -0.002251496 0.250974625 -0.014360286 0.967884541
2011.000000 -5.995824814 0.300476730 30.662242889 -0.002029799 0.259286731 -0.012323672 0.965719640
2011.000000 -5.791080475 0.291885227 31.011283875 -0.002035063 0.268498272 -0.009442638 0.963231742
2011.000000 -5.559944153 0.293807924 31.358161926 -0.001787595 0.276579708 -0.007110225 0.960963011
2011.000000 -5.328211784 0.294413447 31.702365875 -0.001159771 0.284215957 -0.003896659 0.958751678
2011.000000 -5.094037056 0.296398252 32.044506073 -0.000374458 0.289753795 -0.000910596 0.957100689
2011.000000 -4.837182045 0.296726435 32.393398285 0.000889795 0.293457121 0.002439733 0.955968678
2011.000000 -4.593997002 0.297354668 32.743652344 0.002235258 0.296257317 0.005106779 0.955091894
2011.000000 -4.344722748 0.301412404 33.093154907 0.003740031 0.297576815 0.007472854 0.954661310
2011.000000 -4.097129822 0.297090054 33.443763733 0.004796660 0.297465235 0.009814778 0.954670131
2011.000000 -3.855116844 0.296983033 33.801876068 0.005372220 0.296514571 0.011676271 0.954941869
2011.000000 -3.609279633 0.299571633 34.168392181 0.004334732 0.293804049 0.012486150 0.955774248
2011.000000 -3.369652748 0.300166517 34.536952972 0.002416931 0.289869577 0.013646958 0.956965744
2011.000000 -3.126506805 0.301383644 34.914146423 0.000770141 0.284864873 0.015682353 0.958439052
2011.000000 -2.886150360 0.304392666 35.293178558 -0.000348830 0.278772116 0.018405301 0.960180819
2011.000000 -2.660944939 0.310943365 35.674365997 -0.001201390 0.271856010 0.017926697 0.962170184
2011.000000 -2.438306808 0.317465872 36.065666199 -0.001310504 0.265011996 0.016758913 0.964098573
2011.000000 -2.219838142 0.321616709 36.460575104 -0.001015758 0.257734209 0.015737690 0.966087162
2011.000000 -2.003122330 0.328253984 36.860786438 -0.000004643 0.250288039 0.016545594 0.968030035
2011.000000 -1.795518875 0.334526598 37.266948700 0.000686506 0.243407324 0.016081819 0.969790578
2011.000000 -1.591763496 0.338811994 37.681274414 0.000726449 0.236399367 0.014791888 0.971543133
2011.000000 -1.392613411 0.342626631 38.099750519 0.000652644 0.229134053 0.013363349 0.973302901
2011.000000 -1.198166847 0.345812857 38.525402069 -0.000208202 0.222576156 0.012905658 0.974829853
2011.000000 -1.005538940 0.349905521 38.958332062 -0.001251579 0.216232464 0.012602621 0.976259768
2011.000000 -0.821960449 0.359593183 39.396427155 -0.002546029 0.209956810 0.011837751 0.977635682
2011.000000 -0.637290001 0.363615960 39.833992004 -0.003806067 0.203919634 0.011336157 0.978914618
2011.000000 -0.457007408 0.367711484 40.278583527 -0.003807690 0.198333398 0.010821438 0.980067492
2011.000000 -0.281785011 0.371328324 40.724330902 -0.002702322 0.193220451 0.010334313 0.981097221
2011.000000 -0.115523338 0.380958736 41.172840118 -0.000850104 0.188723832 0.009157712 0.981987119
2011.000000 0.055544853 0.381194472 41.630592346 0.000524294 0.184745014 0.008520395 0.982749403
2011.000000 0.224155426 0.386271983 42.086692810 0.001113617 0.181178257 0.008924885 0.983409107
