0.103391 -0.005498521 -0.002484440 0.853388071 0.002306757 0.000838052 -0.000305461 0.999996901
0.207106 0.001463740 -0.000744325 1.709710002 0.002727470 0.001020553 0.000836031 0.999995410
0.310262 -0.002303945 -0.001871193 2.569273949 0.000696221 0.001231545 0.001465028 0.999997914
0.413621 0.003697849 -0.003888771 3.422045469 -0.002325919 0.000752527 0.002564037 0.999993682
0.517929 0.005994303 -0.003203822 4.260592937 -0.002351589 0.000014104 0.004446079 0.999987364
0.620389 0.004832372 -0.000069461 5.098009586 -0.000898651 -0.000358798 0.005618094 0.999983728
0.724219 0.005760532 0.001936911 5.927775383 0.000855101 -0.000870973 0.006114272 0.999980569
0.827211 0.003729701 0.000077115 6.765365124 0.001085697 -0.001339277 0.005848036 0.999981403
0.930557 -0.007101621 -0.000432609 7.597333908 0.000156213 -0.001719502 0.005826680 0.999981523
1.034070 -0.007753816 -0.002275221 8.415001869 -0.001382986 -0.002222968 0.005686326 0.999980390
1.137438 -0.009717751 -0.001693286 9.240168571 -0.002141978 -0.002828793 0.005870469 0.999976456
1.244258 -0.018064078 0.001146529 10.060089111 -0.002581679 -0.003025996 0.006521099 0.999970794
1.344229 -0.026664983 0.008841339 10.879306793 -0.002450700 -0.003393634 0.006757813 0.999968410
1.447568 -0.038134750 0.009500634 11.687952995 -0.001835281 -0.003699440 0.006816512 0.999968231
1.551083 -0.057416026 0.018426087 12.498891830 -0.000597862 -0.004174011 0.007192699 0.999965250
1.654521 -0.062958352 0.015258165 13.299655914 -0.000062857 -0.005033542 0.007696562 0.999957681
1.757843 -0.072816774 0.011540445 14.107200623 0.000054471 -0.005954682 0.007456920 0.999954462
1.861353 -0.085642837 0.013111390 14.907866478 0.000655290 -0.006821178 0.006696571 0.999954104
1.964724 -0.101835057 0.011126457 15.711614609 0.000559183 -0.007601313 0.006096642 0.999952376
2.068236 -0.114262745 0.009585029 16.506799698 0.000073619 -0.008478765 0.006330587 0.999944031
2.171620 -0.134863734 0.006218619 17.308700562 -0.000682440 -0.009079112 0.006012134 0.999940455
2.275131 -0.152095124 0.011419524 18.097000122 -0.000760806 -0.009881684 0.005824799 0.999933898
2.378626 -0.171021283 0.008007457 18.883361816 -0.000855895 -0.010558721 0.006451976 0.999923050
2.482010 -0.193821013 0.013454771 19.660924911 -0.000405694 -0.011294153 0.006440822 0.999915361
2.585514 -0.214139700 0.013044402 20.438190460 -0.000714011 -0.011892713 0.006503468 0.999907851
2.689023 -0.237161666 0.016265914 21.205350876 -0.001612674 -0.012428388 0.006364450 0.999901235
2.793694 -0.258641124 0.016825154 21.968902588 -0.003097313 -0.012867466 0.006858767 0.999888897
2.896139 -0.279560238 0.018403918 22.719879150 -0.003918637 -0.013275106 0.006883751 0.999880493
2.999556 -0.308074743 0.023910448 23.464796066 -0.003252689 -0.013495127 0.006596098 0.999881864
3.103545 -0.331440419 0.024926439 24.191852570 -0.002066822 -0.014028598 0.005791912 0.999882698
3.206573 -0.357189864 0.028666720 24.911535263 -0.001150748 -0.014423313 0.005519958 0.999880075
3.310078 -0.379265130 0.028949589 25.624940872 -0.000947959 -0.014942103 0.005164566 0.999874592
3.413963 -0.406116992 0.027748469 26.326128006 -0.000715862 -0.015451351 0.005225255 0.999866724
3.517076 -0.428048819 0.025191009 27.031379700 -0.000462177 -0.016587654 0.005247149 0.999848545
3.620721 -0.456234753 0.025326058 27.720357895 -0.000395122 -0.017484581 0.005249626 0.999833286
3.724674 -0.487520039 0.029441146 28.410501480 -0.000892469 -0.018464409 0.005093377 0.999816120
3.827725 -0.514382362 0.032971509 29.080072403 -0.001961983 -0.019493695 0.005391867 0.999793530
3.931241 -0.554383814 0.036995083 29.746065140 -0.002590276 -0.020371409 0.004713128 0.999778032
4.034871 -0.581446409 0.035123825 30.403814316 -0.002772917 -0.021390559 0.004213919 0.999758482
4.142151 -0.616674304 0.037707739 31.049663544 -0.002367326 -0.022468725 0.002911295 0.999740481
4.243437 -0.651996851 0.039434381 31.692785263 -0.001993280 -0.023262549 0.002152428 0.999725103
4.345966 -0.685761452 0.043667890 32.311916351 -0.002554085 -0.024170771 0.002112238 0.999702334
4.449183 -0.728577852 0.044026867 32.937263489 -0.003506569 -0.024524610 0.001112656 0.999692440
4.552519 -0.764914513 0.043452889 33.545333862 -0.003823156 -0.024555920 -0.000252803 0.999691069
4.656235 -0.801511407 0.042702973 34.145023346 -0.002760157 -0.023990367 -0.001786829 0.999706805
4.760815 -0.842594385 0.046275154 34.721580505 -0.001152221 -0.022906352 -0.002628452 0.999733508
4.863788 -0.864127517 0.053635791 35.304153442 -0.000065472 -0.021970626 -0.002913130 0.999754369
4.966824 -0.892238379 0.052635297 35.876529694 -0.000596767 -0.020377260 -0.003475211 0.999786139
5.073257 -0.923214257 0.052169055 36.438404083 -0.001913532 -0.018656313 -0.005870452 0.999806881
5.174268 -0.946495295 0.053260610 37.002437592 -0.003535010 -0.016840655 -0.007854473 0.999821067
5.277498 -0.969669342 0.057355702 37.544784546 -0.004016397 -0.014747799 -0.010305395 0.999830067
5.381142 -0.986518443 0.055690587 38.073524475 -0.004230170 -0.012023155 -0.012117152 0.999845326
5.484644 -1.000274062 0.060342133 38.585357666 -0.005215836 -0.009143024 -0.014163436 0.999844253
5.588095 -1.016742110 0.064442396 39.080268860 -0.005899778 -0.005827200 -0.016678663 0.999826491
5.691619 -1.026593089 0.059483796 39.553050995 -0.005931439 -0.002224185 -0.018324818 0.999812007
5.795223 -1.027175307 0.070323765 40.014198303 -0.005855503 0.001395899 -0.020100027 0.999779880
5.898736 -1.030652523 0.069882303 40.452194214 -0.005793656 0.005214409 -0.022244895 0.999722123
6.002373 -1.029067993 0.067256123 40.853332520 -0.004667616 0.009150347 -0.024477253 0.999647617
6.105870 -1.021424770 0.066241458 41.252563477 -0.003331796 0.013132359 -0.025678070 0.999578476
6.209506 -1.010585308 0.071718663 41.631481171 -0.003192129 0.017207654 -0.025947873 0.999510050
6.313021 -0.989994168 0.071183145 41.988140106 -0.004009910 0.021125507 -0.025657093 0.999439538
6.416516 -0.972380638 0.074009970 42.333469391 -0.004450393 0.025301320 -0.026668396 0.999314189
6.524037 -0.953477144 0.075524449 42.647811890 -0.004662327 0.029561523 -0.027858041 0.999163806
6.623722 -0.936678886 0.076337621 42.933902740 -0.004502813 0.034015909 -0.030415840 0.998948216
6.727294 -0.918184757 0.074761868 43.204692841 -0.004833746 0.038529977 -0.032280810 0.998724222
6.830809 -0.892369032 0.073542833 43.454593658 -0.005273877 0.043214034 -0.031966414 0.998540401
6.934429 -0.858016491 0.074036390 43.699535370 -0.004395670 0.048541322 -0.031400938 0.998317778
7.038067 -0.828044415 0.061501481 43.916484833 -0.002576563 0.054477423 -0.030533776 0.998044729
7.141701 -0.788976192 0.067676775 44.149276733 -0.000620592 0.061068341 -0.030911896 0.997654617
7.245330 -0.746539116 0.053670406 44.379924774 -0.000243353 0.068915248 -0.032093562 0.997106135
7.353300 -0.718672752 0.065858275 44.574256897 0.000424956 0.077280842 -0.032859046 0.996467650
7.452592 -0.670084476 0.068161637 44.801700592 0.000823676 0.085772209 -0.032910869 0.995770752
7.556580 -0.615198135 0.059900522 45.020343781 0.000964133 0.095049538 -0.032605257 0.994937956
7.663357 -0.556694984 0.058982939 45.236343384 0.000872490 0.104861982 -0.032309271 0.993961453
7.763356 -0.496033669 0.061663300 45.448268890 0.001316989 0.115063176 -0.032454800 0.992826998
7.866988 -0.426894188 0.067232311 45.671379089 0.002154676 0.125942543 -0.033400778 0.991472781
7.970621 -0.355800629 0.057430744 45.881973267 0.002686531 0.137674063 -0.033896059 0.989893794
8.074250 -0.281678200 0.053781450 46.095745087 0.002698133 0.150469124 -0.034605060 0.988005221
8.177962 -0.191274643 0.045120895 46.297489166 0.002373296 0.163547799 -0.036081806 0.985872507
8.283921 -0.093637466 0.039967477 46.516838074 0.002355447 0.177799910 -0.037036408 0.983366668
8.385961 0.011093140 0.029434144 46.725460052 0.002295351 0.192796379 -0.037490606 0.980519652
8.488779 0.133554459 0.023896039 46.933258057 0.002988297 0.208727285 -0.036683846 0.977281094
8.593446 0.268547058 0.018492341 47.134017944 0.004137968 0.226080120 -0.035151206 0.973465502
8.696029 0.405483246 0.011078954 47.333980560 0.005857127 0.244641975 -0.034365598 0.968986571
8.799662 0.546428680 0.003191113 47.519073486 0.007769674 0.263720989 -0.034749955 0.963941574
8.903911 0.714632034 -0.011419773 47.714851379 0.009226532 0.283427060 -0.035280991 0.958300173
9.008027 0.892841339 -0.014415979 47.931747437 0.010192497 0.304237217 -0.036375988 0.951846957
9.110580 1.077562332 -0.022827387 48.123405457 0.010375613 0.325512856 -0.038531125 0.944695234
9.214197 1.295543671 -0.035334706 48.339206696 0.010304151 0.347381115 -0.040830500 0.936778009
9.317832 1.523126602 -0.044842124 48.542541504 0.010636225 0.370284379 -0.041683309 0.927921832
9.421456 1.794656754 -0.064514995 48.734340668 0.010717546 0.394321501 -0.040807378 0.918003500
9.525112 2.073558807 -0.086158276 48.936000824 0.010945865 0.418448836 -0.039953839 0.907295108
9.630085 2.351091385 -0.101282120 49.141105652 0.011230716 0.443490237 -0.039953910 0.895317793
9.732384 2.687789917 -0.112293839 49.328269958 0.012575817 0.468625546 -0.039523970 0.882422686
9.836009 3.030931473 -0.143004179 49.504020691 0.012754851 0.493616521 -0.038605794 0.868728697
9.939685 3.422403336 -0.164137244 49.669761658 0.012385209 0.517547131 -0.038280025 0.854708254
10.043900 3.815906525 -0.186884999 49.828193665 0.010924246 0.541189730 -0.038222760 0.839960277
10.146770 4.218605042 -0.208685994 49.967872620 0.009043296 0.563767850 -0.039694168 0.824929357
10.250360 4.634812355 -0.221526742 50.086364746 0.009827570 0.585461318 -0.039805956 0.809662819
10.353670 5.069192886 -0.251593590 50.162265778 0.012773193 0.605221689 -0.036058564 0.795137286
10.457170 5.533956528 -0.273990989 50.231769562 0.015624134 0.623433471 -0.030484077 0.781125665
10.562990 6.007698059 -0.300610840 50.287879944 0.018358503 0.640322328 -0.027794156 0.767383695
10.664530 6.494935989 -0.321581602 50.337734222 0.019803481 0.655150115 -0.027651338 0.754732728
10.767050 7.000240326 -0.359000981 50.371288300 0.022836296 0.667681992 -0.025310943 0.743665636
10.870220 7.513962746 -0.391148031 50.387733459 0.024565531 0.678487480 -0.022678418 0.733850777
10.973420 8.039872169 -0.420904726 50.396816254 0.026150709 0.687696099 -0.019983498 0.725252211
11.077200 8.577706337 -0.447737753 50.401508331 0.027133049 0.694970608 -0.018309906 0.718292713
11.180190 9.132546425 -0.472235739 50.405582428 0.028609836 0.700750649 -0.018237282 0.712599039
11.284150 9.694755554 -0.509004474 50.405361176 0.028497485 0.705564737 -0.018004594 0.707843304
11.385900 10.262963295 -0.539435089 50.392147064 0.029063717 0.709576845 -0.018093888 0.703795910
11.488980 10.867470741 -0.578977585 50.370090485 0.031587109 0.712742448 -0.017246699 0.700501978
11.592550 11.449054718 -0.610237896 50.350429535 0.033664759 0.714985788 -0.016705971 0.698128223
11.695270 12.080392838 -0.645821154 50.325798035 0.033650618 0.716619015 -0.016053287 0.696467638
11.799490 12.697414398 -0.680519819 50.315021515 0.031844627 0.717869759 -0.015916545 0.695266604
11.901710 13.354860306 -0.719074011 50.298381805 0.028466830 0.718916833 -0.014370397 0.694364250
12.004820 14.007094383 -0.748286247 50.267425537 0.027024528 0.719325721 -0.011929594 0.694044590
12.108000 14.664252281 -0.780413568 50.239349365 0.026927022 0.719529092 -0.010261558 0.693864167
12.211190 15.331791878 -0.816932678 50.211559296 0.028983660 0.719423473 -0.009711124 0.693898797
12.314500 15.994217873 -0.845730305 50.190540314 0.031866182 0.719146371 -0.012206769 0.694020152
12.417650 16.677104950 -0.881037116 50.170578003 0.035048831 0.718297720 -0.014686697 0.694697261
12.521050 17.364461899 -0.913129210 50.153850555 0.035640649 0.717610121 -0.014642320 0.695378363
12.624550 18.067960739 -0.953488588 50.135723114 0.033931442 0.716952741 -0.013259993 0.696169198
12.727430 18.792778015 -0.997833967 50.114948273 0.031420372 0.716035306 -0.011322498 0.697264671
12.830730 19.497407913 -1.040907145 50.107803345 0.030324474 0.715101540 -0.011366148 0.698270023
12.934130 20.197696686 -1.081529021 50.088253021 0.034882374 0.713972747 -0.010573897 0.699224055
13.037710 20.896015167 -1.121320367 50.070339203 0.037559401 0.712693989 -0.011898777 0.700367808
13.141650 21.606529236 -1.163603663 50.074916840 0.035602674 0.711903811 -0.014287807 0.701228380
13.244210 22.314619064 -1.206583261 50.079498291 0.032865144 0.710786045 -0.014508992 0.702490270
13.348030 23.033075333 -1.260027528 50.074890137 0.032940999 0.709265172 -0.011760547 0.704073429
13.452770 23.745590210 -1.303134561 50.061370850 0.035101809 0.707881391 -0.010471426 0.705380797
13.554880 24.445310593 -1.347360849 50.059646606 0.036663428 0.706822634 -0.012078636 0.706336796
13.657960 25.160879135 -1.390849113 50.069751740 0.035667650 0.705544591 -0.013615797 0.707636416
13.761270 25.878498077 -1.431593537 50.076545715 0.035416342 0.704206645 -0.013685273 0.708979070
13.864670 26.603181839 -1.483829260 50.087692261 0.035694044 0.703042388 -0.011074293 0.710165262
13.968170 27.307929993 -1.528013825 50.089454651 0.037666049 0.701708198 -0.009607811 0.711403251
14.071640 28.025211334 -1.576060891 50.112743378 0.038905200 0.700637162 -0.009071357 0.712398529
14.175050 28.741128922 -1.623953342 50.127399445 0.039013274 0.699724078 -0.008777481 0.713293135
14.278600 29.457754135 -1.663929701 50.139564514 0.039168201 0.698358059 -0.007873382 0.714632630
14.382120 30.182165146 -1.714331150 50.140766144 0.039597474 0.696753681 -0.006585545 0.716186404
14.485500 30.897071838 -1.758330345 50.184436798 0.039034531 0.696013510 -0.007326990 0.716929436
14.588970 31.619897842 -1.798924923 50.207469940 0.038776062 0.694804251 -0.008944385 0.718097031
14.692450 32.350040436 -1.844555140 50.237960815 0.039497368 0.693841159 -0.008299530 0.718996167
14.795970 33.068851471 -1.880147219 50.281066895 0.038820714 0.693079054 -0.009276509 0.719755769
14.899490 33.809413910 -1.933694363 50.309101105 0.038221557 0.692015111 -0.009812023 0.720803678
15.002870 34.536521912 -1.982978106 50.345890045 0.037245452 0.690952718 -0.010843870 0.721858442
15.106400 35.270294189 -2.027834415 50.389961243 0.037469864 0.689866781 -0.012132016 0.722864211
15.209870 36.006500244 -2.079306126 50.426853180 0.038240131 0.688560128 -0.013649490 0.724041700
15.313360 36.744602203 -2.131249666 50.469024658 0.039204288 0.687261999 -0.014256699 0.725210786
15.416750 37.482978821 -2.182004929 50.519710541 0.037937678 0.686139345 -0.016985444 0.726281643
15.520220 38.236122131 -2.233985424 50.574001312 0.036222540 0.685083807 -0.018029977 0.727339625
15.623920 38.990406036 -2.285445690 50.630691528 0.037438527 0.683934212 -0.017471097 0.728372931
15.727200 39.744476318 -2.340269566 50.675544739 0.037668921 0.682336748 -0.018143304 0.729841352
15.830620 40.509059906 -2.389310122 50.739330292 0.036827199 0.680969000 -0.019846508 0.731116295
15.934250 41.278381348 -2.444681883 50.803092957 0.035799526 0.679436624 -0.019456858 0.732602000
16.039410 42.048194885 -2.510897636 50.869892120 0.035995018 0.677680492 -0.019084640 0.734226942
16.140910 42.814849854 -2.570029497 50.949638367 0.036004499 0.675882816 -0.021508005 0.735814869
16.244300 43.581306458 -2.631976604 51.034343719 0.038552862 0.673573494 -0.024929207 0.737692952
16.348280 44.359107971 -2.692051888 51.118629456 0.039963081 0.670784831 -0.026918473 0.740085125
16.453450 45.134613037 -2.761819124 51.215541840 0.039535709 0.667992771 -0.029276919 0.742539823
16.554450 45.923309326 -2.829208374 51.324180603 0.037730440 0.665489376 -0.029943328 0.744851470
16.658020 46.711334229 -2.900879383 51.419158936 0.037137914 0.662546933 -0.029420139 0.747520387
16.761400 47.493633270 -2.965386391 51.526218414 0.035934500 0.659883559 -0.028181352 0.749978781
16.864710 48.278862000 -3.034233093 51.636646271 0.033007272 0.657069385 -0.027031202 0.752621830
16.968080 49.069240570 -3.096104622 51.761062622 0.029510697 0.654406071 -0.025157763 0.755148232
17.073430 49.846073151 -3.165795803 51.886131287 0.028297264 0.651633263 -0.024164613 0.757620931
17.175580 50.616146088 -3.218791962 52.005523682 0.029151851 0.648684978 -0.024920048 0.760090113
17.279480 51.379344940 -3.276886463 52.140464783 0.032065943 0.646481991 -0.026757263 0.761785269
17.383340 52.129673004 -3.334626198 52.273365021 0.032991864 0.644401431 -0.028429866 0.763446152
17.485440 52.880352020 -3.403203011 52.413364410 0.033753403 0.642439842 -0.029611824 0.765019536
17.588870 53.621593475 -3.466165543 52.563919067 0.032684352 0.640508115 -0.030460764 0.766650617
17.693880 54.361179352 -3.533717155 52.698730469 0.032920748 0.638529122 -0.028182484 0.768376529
17.795780 55.095802307 -3.586920261 52.840526581 0.030863645 0.636743724 -0.025660148 0.770030141
17.899360 55.817516327 -3.649312496 52.985233307 0.027513430 0.635535657 -0.024427831 0.771194339
18.003090 56.530208588 -3.700947523 53.142368317 0.025046378 0.634321153 -0.024325591 0.772280753
18.106340 57.242382050 -3.754476070 53.293457031 0.024455477 0.633048773 -0.024795342 0.773328125
18.209790 57.924579620 -3.801001072 53.438911438 0.024586203 0.632119000 -0.026125180 0.774040461
18.313370 58.603038788 -3.850856304 53.591369629 0.024684982 0.631460845 -0.029082913 0.774468839
18.417190 59.270759583 -3.903582811 53.730495453 0.026024150 0.630467653 -0.030555677 0.775177181
18.520470 59.934135437 -3.957455158 53.894004822 0.027719267 0.629798234 -0.032464437 0.775584877
18.623970 60.587493896 -4.011719704 54.038196564 0.028892830 0.629161298 -0.032782461 0.776045442
18.727490 61.230823517 -4.065752506 54.191764832 0.027818438 0.628766954 -0.033574548 0.776370406
18.830950 61.882820129 -4.119639397 54.332706451 0.026757987 0.628423274 -0.032604553 0.776727140
18.934680 62.514015198 -4.171694756 54.471458435 0.025864134 0.628155529 -0.031617384 0.777014792
19.038030 63.130874634 -4.216896057 54.602367401 0.026046857 0.628215253 -0.030706134 0.776996970
19.141510 63.752479553 -4.265480042 54.745948792 0.025582811 0.628869832 -0.030835992 0.776477575
19.245500 64.356338501 -4.319355011 54.881572723 0.025222793 0.629539907 -0.031655122 0.775913179
19.351800 64.950294495 -4.369068146 55.013866425 0.025989909 0.630396426 -0.032832008 0.775143206
19.452110 65.534118652 -4.423758030 55.138771057 0.027954957 0.631410003 -0.033413190 0.774224460
19.557750 66.108268738 -4.465000153 55.247116089 0.029266234 0.631885588 -0.033027306 0.773804426
19.660070 66.677009583 -4.510172844 55.364921570 0.028450992 0.632825613 -0.032897931 0.773071826
19.763960 67.238792419 -4.558349609 55.477989197 0.026974544 0.633835137 -0.032380290 0.772319138
19.866980 67.794853210 -4.607874393 55.588348389 0.025558060 0.634716749 -0.030796677 0.771707833
19.969850 68.333992004 -4.654935360 55.685447693 0.026647421 0.635419965 -0.029377123 0.771147430
20.073350 68.864990234 -4.695219040 55.785198212 0.028738741 0.636174202 -0.028651349 0.770477533
20.177180 69.372955322 -4.732035160 55.883213043 0.031073665 0.637339413 -0.028218457 0.769439161
20.280310 69.915710449 -4.774588108 55.976402283 0.031557541 0.637778580 -0.028880982 0.769030809
20.383850 70.442497253 -4.815238953 56.065444946 0.032529626 0.638014317 -0.029816682 0.768759012
20.487640 70.971595764 -4.866317272 56.169589996 0.032339443 0.638620853 -0.028611654 0.768309116
20.590890 71.502105713 -4.905290604 56.262763977 0.034230225 0.638512135 -0.026189318 0.768403947
20.694250 72.028198242 -4.944301605 56.357685089 0.035444487 0.637820363 -0.024064666 0.768992662
20.797730 72.571502686 -4.986042976 56.451549530 0.036346845 0.636873960 -0.023030739 0.769766271
20.902080 73.095115662 -5.026475906 56.565128326 0.035358332 0.635608256 -0.023847001 0.770832777
21.004610 73.641738892 -5.075236320 56.681983948 0.035079200 0.633577943 -0.024413146 0.772497535
21.108200 74.175354004 -5.112954617 56.803596497 0.035419334 0.631082833 -0.023411177 0.774552643
21.213570 74.723587036 -5.153830528 56.918735504 0.035026263 0.627991080 -0.024096146 0.777058363
21.316100 75.284538269 -5.199797630 57.054229736 0.034372613 0.624612093 -0.023155054 0.779834688
21.417970 75.833724976 -5.248426914 57.192813873 0.033033747 0.621015668 -0.023892269 0.782737195
21.524290 76.401504517 -5.294598579 57.337673187 0.032612495 0.617092907 -0.024007795 0.785847545
21.624800 76.964653015 -5.336706638 57.501693726 0.032217003 0.613177240 -0.026862320 0.788830876
21.730330 77.540687561 -5.375741005 57.664077759 0.031992365 0.609185100 -0.028664194 0.791863859
21.833000 78.122413635 -5.421742439 57.828643799 0.031560499 0.604502678 -0.030733835 0.795384109
21.936170 78.717834473 -5.468222618 58.020576477 0.032046136 0.600400686 -0.031573195 0.798432946
22.038410 79.314605713 -5.514321804 58.210060120 0.031378187 0.596217871 -0.032617491 0.801545858
22.141920 79.929946899 -5.561443329 58.417690277 0.031592630 0.591820598 -0.032706063 0.804786026
22.245290 80.543403625 -5.607184410 58.633804321 0.030445017 0.587391853 -0.034247115 0.808004379
22.348790 81.176681519 -5.662292480 58.843826294 0.028554784 0.582982838 -0.032768089 0.811321139
22.452170 81.806755066 -5.710752487 59.072124481 0.027175216 0.578661621 -0.029278118 0.814588845
22.555690 82.447097778 -5.753638268 59.317031860 0.026372604 0.574185431 -0.027293719 0.817845106
22.659440 83.113052368 -5.800231934 59.564247131 0.024817096 0.569551528 -0.026383903 0.821157098
22.762490 83.771324158 -5.844388008 59.819759369 0.026611624 0.565515816 -0.023407394 0.823975563
22.865960 84.476799011 -5.881483078 60.089805603 0.027460691 0.561664999 -0.020010086 0.826666772
22.969530 85.170349121 -5.921884060 60.362277985 0.027616678 0.558712423 -0.014317920 0.828777850
23.072970 85.860473633 -5.963623524 60.640548706 0.028122105 0.555500686 -0.011511068 0.830960631
23.176610 86.547676086 -6.017393589 60.937995911 0.029200647 0.552418470 -0.010350990 0.832991004
23.280040 87.240020752 -6.054643631 61.238243103 0.033374034 0.548947811 -0.011455743 0.835111499
23.384670 87.930900574 -6.092313766 61.542270660 0.037386123 0.545654356 -0.011705574 0.837094128
23.487620 88.620994568 -6.143809319 61.860225677 0.037715882 0.543235004 -0.012747987 0.838636220
23.590650 89.310821533 -6.201279640 62.180957794 0.035219371 0.541024506 -0.015559347 0.840124965
23.694540 89.977554321 -6.254525661 62.503990173 0.033885330 0.539174914 -0.018600948 0.841306269
23.798210 90.637031555 -6.316349030 62.815315247 0.035004880 0.537108064 -0.019632861 0.842558086
23.903510 91.292953491 -6.368359566 63.135566711 0.035609338 0.535233796 -0.022067806 0.843664467
24.004580 91.935745239 -6.422449112 63.460388184 0.035869297 0.533567131 -0.023290217 0.844675720
24.108220 92.577415466 -6.483284473 63.778648376 0.034599379 0.531886458 -0.023532441 0.845781207
24.213210 93.201820374 -6.540900230 64.084487915 0.033751130 0.529935360 -0.022073388 0.847078621
24.315110 93.835693359 -6.599176407 64.391273499 0.032310169 0.528250158 -0.021262361 0.848207355
24.422100 94.450012207 -6.653255463 64.703102112 0.031418946 0.526548088 -0.021426383 0.849294305
24.522420 95.052261353 -6.695588589 65.015441895 0.031609003 0.524863958 -0.022788826 0.850293696
24.625310 95.638732910 -6.750335693 65.320686340 0.032202885 0.523755491 -0.022532310 0.850961506
24.728750 96.222221375 -6.796679497 65.612854004 0.032590587 0.522629380 -0.021064246 0.851676404
24.832200 96.801483154 -6.849384785 65.905441284 0.032860063 0.521798968 -0.020491874 0.852189064
24.935580 97.366226196 -6.903444290 66.187675476 0.032149233 0.520704031 -0.020397706 0.852887869
25.039090 97.926025391 -6.942288399 66.493652344 0.032944757 0.519969881 -0.019715501 0.853321314
25.142500 98.471626282 -7.001853466 66.781349182 0.033020373 0.518831789 -0.021001078 0.853980184
25.245970 98.996810913 -7.058978558 67.047454834 0.034127187 0.517442763 -0.020095002 0.854800820
25.349360 99.538261414 -7.098945618 67.342811584 0.035089266 0.516053438 -0.019310033 0.855619490
25.452750 100.060340881 -7.154414177 67.622833252 0.035435919 0.514543116 -0.018134668 0.856540024
25.556300 100.566337585 -7.192993164 67.883895874 0.035964742 0.512810230 -0.017329322 0.857573271
25.659630 101.064170837 -7.231652260 68.157997131 0.036604226 0.511311948 -0.016732689 0.858452201
25.763160 101.557868958 -7.279706001 68.438781738 0.036436394 0.509754121 -0.016410243 0.859391570
25.866530 102.041557312 -7.328448296 68.712112427 0.036901671 0.508189201 -0.015847893 0.860308588
25.970230 102.524177551 -7.373477459 68.968391418 0.037453439 0.505945861 -0.016190477 0.861599624
26.074530 103.001007080 -7.417680740 69.252967834 0.038622096 0.504104316 -0.015883971 0.862632513
26.177790 103.482040405 -7.463870525 69.529861450 0.039398033 0.501597583 -0.017373880 0.864028811
26.280040 103.946144104 -7.505932808 69.809211731 0.041017644 0.498769224 -0.020065600 0.865531147
26.384510 104.406753540 -7.556366444 70.100875854 0.042036593 0.495766342 -0.023526633 0.867118895
26.486950 104.873413086 -7.611230850 70.389495850 0.042493831 0.492575169 -0.026903646 0.868815362
26.590190 105.345687866 -7.656516075 70.698410034 0.043402717 0.489211231 -0.029201334 0.870595098
26.693580 105.816375732 -7.690405846 70.997116089 0.042438012 0.486113846 -0.030070977 0.872346342
26.796950 106.282745361 -7.752017975 71.304992676 0.038084891 0.483375937 -0.032048550 0.873996615
26.900360 106.766479492 -7.799183369 71.627090454 0.033984777 0.480167627 -0.032968011 0.875897944
27.003850 107.249847412 -7.848910809 71.954872131 0.029961135 0.476987273 -0.034236811 0.877731919
27.107250 107.735786438 -7.892136574 72.285781860 0.027837301 0.473683387 -0.034399591 0.879582763
27.210600 108.224166870 -7.931952477 72.659057617 0.027568961 0.470476776 -0.036636326 0.881220341
27.313990 108.737579346 -7.988215446 73.012191772 0.027332274 0.466996074 -0.038885973 0.882981002
27.417420 109.247993469 -8.029534340 73.370964050 0.028021110 0.463382900 -0.040488739 0.884789109
27.520750 109.762832642 -8.076323509 73.751617432 0.027985433 0.459833175 -0.041876476 0.886575758
27.624170 110.292488098 -8.124425888 74.149009705 0.027137905 0.456436545 -0.042786572 0.888312161
27.727690 110.823165894 -8.162657738 74.537925720 0.025641812 0.452526480 -0.044898689 0.890250742
27.831080 111.374069214 -8.222585678 74.958724976 0.024224252 0.448570788 -0.044479795 0.892311037
27.934460 111.920883179 -8.271701813 75.390151978 0.023170855 0.444476277 -0.043938525 0.894412279
28.037820 112.472183228 -8.325194359 75.832115173 0.022986837 0.440348327 -0.044023648 0.896452367
28.141050 113.027870178 -8.374584198 76.297149658 0.021957422 0.435944349 -0.045734592 0.898542583
28.244420 113.596580505 -8.420931816 76.772109985 0.022045901 0.431438208 -0.046154190 0.900691330
28.348030 114.166084290 -8.471320152 77.249931335 0.021449285 0.427191585 -0.046924047 0.902687907
28.451340 114.753524780 -8.522097588 77.755340576 0.021011330 0.424437076 -0.046414543 0.904022872
28.554810 115.341217041 -8.569023132 78.260734558 0.021204628 0.422338992 -0.045754563 0.905034065
28.660870 115.920669556 -8.625328064 78.775650024 0.021836763 0.420504272 -0.043705188 0.905974150
28.761830 116.547286987 -8.676419258 79.289901733 0.022842871 0.418488979 -0.041406415 0.906989932
28.866830 117.165367126 -8.728245735 79.811561584 0.023806743 0.416512281 -0.037510883 0.908043861
28.970690 117.768272400 -8.787967682 80.356292725 0.023658961 0.414861172 -0.034057319 0.908939242
29.073550 118.414413452 -8.835280418 80.896347046 0.023953432 0.412828445 -0.031130617 0.909961402
29.176740 119.042388916 -8.882819176 81.449974060 0.023453435 0.410738707 -0.030771667 0.910931826
29.279330 119.666633606 -8.931193352 82.010879517 0.024097012 0.408720434 -0.031533781 0.911796331
29.384830 120.285331726 -8.984277725 82.588424683 0.023614587 0.406697959 -0.034247402 0.912615061
29.486390 120.911148071 -9.032345772 83.170639038 0.022088122 0.404633015 -0.037204813 0.913455009
29.589380 121.539794922 -9.083395958 83.766311646 0.020144928 0.403001279 -0.036080789 0.914265990
29.692890 122.179611206 -9.130409241 84.358932495 0.016626570 0.400759518 -0.036122341 0.915319920
29.796330 122.811119080 -9.176338196 84.965682983 0.013605494 0.398817450 -0.034316409 0.916287005
29.899820 123.445533752 -9.215015411 85.569320679 0.012661820 0.396135300 -0.032578953 0.917526662
30.003170 124.088027954 -9.256574631 86.169364929 0.014400159 0.393217653 -0.030125575 0.918838918
30.106560 124.721694946 -9.296245575 86.779815674 0.019256998 0.390333116 -0.026489548 0.920091033
30.211630 125.364219666 -9.342394829 87.389686584 0.024140099 0.386557728 -0.025078932 0.921608090
30.313330 125.988647461 -9.389924049 88.027809143 0.026561009 0.383316308 -0.024284311 0.922915697
30.416690 126.629905701 -9.430956841 88.671554565 0.025794772 0.379275113 -0.022581249 0.924648643
30.520070 127.254920959 -9.490057945 89.320449829 0.025142215 0.375800103 -0.019632284 0.926151574
30.623580 127.884567261 -9.537785530 89.974227905 0.026428776 0.372293174 -0.017466756 0.927574337
30.726980 128.510742188 -9.593558311 90.632568359 0.029389566 0.369040042 -0.017260155 0.928788364
30.830330 129.125732422 -9.645998955 91.299606323 0.029971715 0.366594583 -0.017778046 0.929727912
30.933840 129.743011475 -9.700675964 91.977371216 0.029949725 0.364602715 -0.016308513 0.930538476
31.037350 130.374282837 -9.751536369 92.646652222 0.028691001 0.362699449 -0.013648638 0.931364417
31.142770 130.996459961 -9.805529594 93.328758240 0.027962131 0.361909270 -0.011688612 0.931720555
31.244240 131.619110107 -9.857237816 94.009651184 0.027167859 0.361560404 -0.009767815 0.931901574
31.347740 132.242370605 -9.901082039 94.689895630 0.026804447 0.361243069 -0.009406953 0.932038903
31.451260 132.862106323 -9.955204010 95.384063721 0.025973681 0.361378223 -0.010030809 0.932003498
31.555590 133.479888916 -10.002032280 96.073410034 0.026417242 0.361840516 -0.010985117 0.931800902
31.661730 134.100250244 -10.049010277 96.764953613 0.026308633 0.362643898 -0.012974621 0.931465983
31.763200 134.723968506 -10.096900940 97.449638367 0.026558764 0.363765299 -0.015053282 0.930990219
31.865880 135.340484619 -10.151684761 98.138183594 0.025380833 0.365245283 -0.016950162 0.930410862
31.970850 135.965301514 -10.202400208 98.816864014 0.024727758 0.366753429 -0.017930424 0.929816604
32.074110 136.593154907 -10.251643181 99.489974976 0.023712311 0.368132293 -0.017932298 0.929298043
32.176640 137.220916748 -10.298383713 100.160781860 0.021990979 0.369892210 -0.017809976 0.928643584
32.280170 137.849304199 -10.345198631 100.829841614 0.021950765 0.371888757 -0.015744343 0.927884161
32.382560 138.473083496 -10.396011353 101.486778259 0.024301728 0.373668551 -0.017005101 0.927087963
32.486110 139.089523315 -10.444989204 102.134445190 0.027288096 0.375832856 -0.021458326 0.926037014
32.589890 139.709808350 -10.496865273 102.780914307 0.029758673 0.377830356 -0.024217408 0.925079525
32.694680 140.336318970 -10.550203323 103.429008484 0.027607242 0.380338490 -0.024346188 0.924114585
32.796560 140.969604492 -10.609010696 104.076408386 0.024419652 0.382738262 -0.024731578 0.923202813
32.902290 141.599990845 -10.656872749 104.712753296 0.021951461 0.385020614 -0.024868477 0.922311664
33.003430 142.222213745 -10.710119247 105.343673706 0.022031829 0.387395948 -0.024658412 0.921320200
33.106800 142.851730347 -10.755627632 105.959442139 0.022212394 0.389406979 -0.024009749 0.920484841
33.211600 143.486236572 -10.809111595 106.576408386 0.023979569 0.391391963 -0.022710018 0.919631243
33.314720 144.125030518 -10.858278275 107.185287476 0.025654480 0.393684089 -0.021786308 0.918629408
33.417090 144.775314331 -10.913217545 107.790916443 0.027645402 0.395908058 -0.021258848 0.917627752
33.520520 145.413085938 -10.966521263 108.398635864 0.027578445 0.398507327 -0.021393497 0.916500747
33.623980 146.059646606 -11.022872925 109.007720947 0.027026858 0.400990665 -0.022573078 0.915405095
33.727760 146.696151733 -11.077550888 109.605552673 0.027086902 0.404505193 -0.022259317 0.913863420
33.830820 147.359283447 -11.123939514 110.202560425 0.027289288 0.407502919 -0.023224389 0.912500560
33.934650 148.009201050 -11.192934036 110.782707214 0.028604038 0.411080062 -0.026612656 0.910761595
34.037880 148.675003052 -11.238023758 111.381065369 0.030473439 0.414654821 -0.028730061 0.909014463
34.142230 149.346450806 -11.293595314 111.977478027 0.031856645 0.418578267 -0.029545445 0.907140791
34.244700 150.030807495 -11.356937408 112.561149597 0.027796712 0.422742456 -0.028509339 0.905374706
34.348070 150.729019165 -11.417846680 113.141777039 0.021685731 0.426678240 -0.029168623 0.903672814
34.451590 151.431793213 -11.474361420 113.728713989 0.018966081 0.431034803 -0.027736748 0.901709437
34.555090 152.146362305 -11.513088226 114.289024353 0.016998244 0.434858948 -0.029287409 0.899861634
34.659100 152.861312866 -11.560208321 114.854179382 0.018488951 0.439345419 -0.029615920 0.897639453
34.764710 153.562545776 -11.611551285 115.395080566 0.021391308 0.443329751 -0.028123014 0.895661891
34.866170 154.285064697 -11.654331207 115.939216614 0.026648991 0.447125345 -0.030571923 0.893551409
34.969030 155.026321411 -11.715886116 116.470397949 0.029126981 0.451055646 -0.029564790 0.891530335
35.074860 155.741027832 -11.781528473 117.002006531 0.027985426 0.455269486 -0.027985925 0.889473617
35.176790 156.486511230 -11.840489388 117.509918213 0.026823476 0.459073633 -0.025038300 0.887640119
35.279490 157.246261597 -11.903194427 118.066627502 0.026525015 0.463086456 -0.024974957 0.885564029
35.382770 157.980606079 -11.961919785 118.570556641 0.026480522 0.466599822 -0.025578909 0.883701921
35.486280 158.706054688 -12.025988579 119.065544128 0.027493799 0.470217884 -0.023686858 0.881803930
35.589680 159.454910278 -12.080040932 119.552536011 0.027120184 0.472879648 -0.020611553 0.880468309
35.693160 160.175216675 -12.147568703 120.033241272 0.025357969 0.475666225 -0.020047812 0.879031658
35.796540 160.898895264 -12.202983856 120.512908936 0.024008019 0.477949351 -0.020028653 0.877830803
35.900040 161.609985352 -12.254909515 120.983924866 0.024779074 0.480596572 -0.020827230 0.876344204
36.006010 162.321426392 -12.313361168 121.445861816 0.026567621 0.482599556 -0.021380104 0.875176966
36.108200 163.015335083 -12.365961075 121.887832642 0.029208962 0.484176666 -0.023224678 0.874174118
36.210300 163.706939697 -12.413618088 122.333023071 0.029715423 0.486012340 -0.024378236 0.873106301
36.313700 164.410186768 -12.475671768 122.760002136 0.027089931 0.487237304 -0.023108745 0.872543395
36.417070 165.103363037 -12.527448654 123.186981201 0.024638660 0.488535792 -0.019736040 0.871972561
36.520460 165.786987305 -12.577663422 123.590911865 0.024315439 0.489809364 -0.016862696 0.871327281
36.623970 166.459121704 -12.625758171 123.989562988 0.026059052 0.491076827 -0.014892135 0.870599031
36.727360 167.129470825 -12.668555260 124.398567200 0.028219078 0.492190480 -0.015139592 0.869898260
36.830740 167.785171509 -12.720978737 124.791656494 0.030475494 0.493014872 -0.017883467 0.869303048
36.934690 168.431228638 -12.772010803 125.186454773 0.033967059 0.493972212 -0.020717194 0.868566930
37.040370 169.077621460 -12.818813324 125.554855347 0.036659382 0.494872451 -0.019958971 0.867962480
37.141020 169.724792480 -12.872866631 125.920532227 0.033182174 0.495963484 -0.018275771 0.867516637
37.244700 170.366958618 -12.919245720 126.307563782 0.025715442 0.497670442 -0.018164014 0.866794586
37.347880 171.005279541 -12.964633942 126.695251465 0.020283392 0.499155432 -0.019272657 0.866060615
37.451400 171.628128052 -13.013378143 127.053283691 0.020563157 0.499924690 -0.020406600 0.865584195
37.554790 172.239578247 -13.037514687 127.396514893 0.023703797 0.500920117 -0.020329574 0.864929974
37.658150 172.867538452 -13.088729858 127.758872986 0.024924507 0.502253056 -0.020391567 0.864120841
37.761670 173.479583740 -13.129149437 128.120635986 0.024112236 0.503739655 -0.020394912 0.863278031
37.865070 174.087005615 -13.175783157 128.472061157 0.023264231 0.505102575 -0.020253196 0.862507939
37.968550 174.683837891 -13.216578484 128.806732178 0.023002468 0.506218314 -0.020014677 0.861866176
38.072390 175.270904541 -13.258611679 129.120864868 0.023853293 0.507289171 -0.019783286 0.861218512
38.176120 175.868103027 -13.297930717 129.453399658 0.025133992 0.509218335 -0.019921295 0.860039592
38.278810 176.453369141 -13.343326569 129.779495239 0.025824223 0.511490047 -0.020533876 0.858655572
38.382320 177.037826538 -13.383018494 130.098388672 0.026642656 0.513811827 -0.021265261 0.857225418
38.485830 177.621078491 -13.431077003 130.384521484 0.027656937 0.515883923 -0.021868296 0.855932593
38.589330 178.172882080 -13.476412773 130.691436768 0.029697333 0.518788278 -0.022063531 0.854101837
38.692720 178.749160767 -13.528198242 130.983749390 0.031510450 0.521779180 -0.022219092 0.852208853
38.796340 179.324996948 -13.569892883 131.271728516 0.031880029 0.524709761 -0.023594139 0.850356758
38.899920 179.921981812 -13.608896255 131.575683594 0.030744527 0.527850032 -0.025447687 0.848399401
39.003240 180.507965088 -13.657351494 131.870574951 0.029442694 0.530999959 -0.027034627 0.846428573
39.106870 181.115661621 -13.710262299 132.149505615 0.029611649 0.533744454 -0.027384913 0.844683468
39.210380 181.713439941 -13.752740860 132.436630249 0.030443605 0.537034214 -0.028885374 0.842515886
39.313880 182.316558838 -13.801694870 132.718185425 0.031078495 0.540446222 -0.031233462 0.840224087
39.417430 182.935287476 -13.857989311 133.011413574 0.031607617 0.544060588 -0.032927934 0.837803543
39.520900 183.568084717 -13.901787758 133.297256470 0.032376535 0.547290385 -0.034543458 0.835602582
39.624300 184.214721680 -13.962778091 133.568695068 0.032838635 0.550564766 -0.035537135 0.833388984
39.727990 184.853546143 -14.015291214 133.851593018 0.033443764 0.554095745 -0.036953084 0.830959618
39.831290 185.497116089 -14.068201065 134.139251709 0.035103440 0.557723522 -0.036291156 0.828489661
39.934800 186.219009399 -14.144750595 134.389495850 0.034981519 0.560552597 -0.035242580 0.826628745
40.038300 186.907592773 -14.209230423 134.656082153 0.034279514 0.563823521 -0.033901144 0.824486911
40.141680 187.610260010 -14.274589539 134.928588867 0.032369159 0.567159534 -0.033565551 0.822286844
40.245190 188.333923340 -14.337185860 135.194366455 0.030710261 0.569967568 -0.032174841 0.820462465
40.350540 189.069076538 -14.393239975 135.460968018 0.030708479 0.572708845 -0.030170897 0.818627656
40.452080 189.816787720 -14.452897072 135.730117798 0.027733363 0.575138688 -0.028260592 0.817097127
40.556060 190.581588745 -14.506881714 136.001235962 0.025964390 0.577689230 -0.026529461 0.815412283
40.660160 191.352401733 -14.562299728 136.263824463 0.027581558 0.579832673 -0.025130333 0.813880682
40.764080 192.114440918 -14.625419617 136.515106201 0.032629162 0.581803739 -0.025903462 0.812261462
40.865860 192.890258789 -14.680543900 136.762603760 0.038920641 0.583636999 -0.028371070 0.810585022
40.969360 193.679168701 -14.740192413 137.022277832 0.044360414 0.585329354 -0.028792270 0.809068978
41.072760 194.479751587 -14.815153122 137.265869141 0.044962674 0.587295651 -0.025452968 0.807721674
41.176820 195.334060669 -14.891244888 137.534606934 0.044326711 0.589271426 -0.021175032 0.806440294
41.282760 196.206680298 -14.976704597 137.790802002 0.043002963 0.591190696 -0.018197443 0.805179000
41.385110 197.013412476 -15.051853180 138.054687500 0.044092391 0.593184054 -0.021154292 0.803580105
41.486770 197.871139526 -15.125993729 138.316772461 0.046000682 0.594838262 -0.025624510 0.802118957
41.592690 198.701232910 -15.205169678 138.575897217 0.045859348 0.596976459 -0.027581051 0.800471961
41.693290 199.556304932 -15.289577484 138.843383789 0.042515386 0.599361300 -0.027114203 0.798888803
41.796670 200.384658813 -15.373533249 139.075714111 0.039987605 0.601705670 -0.026876301 0.797263384
41.900180 201.287658691 -15.447086334 139.345336914 0.039880361 0.603945613 -0.027859258 0.795539498
42.003560 202.151596069 -15.526811600 139.583831787 0.041049041 0.605954289 -0.029260920 0.793900609
42.106940 203.030487061 -15.607831001 139.824798584 0.042339101 0.608041942 -0.028388094 0.792266726
42.210320 203.883865356 -15.690741539 140.033721924 0.043605067 0.609712899 -0.026903016 0.790964603
42.313830 204.797988892 -15.771553040 140.289382935 0.043724202 0.611412704 -0.026178166 0.789669156
42.417600 205.677993774 -15.851118088 140.507339478 0.044028141 0.612829804 -0.025226625 0.788584054
42.520590 206.571929932 -15.943117142 140.738281250 0.043898240 0.614129543 -0.024734326 0.787595153
42.623970 207.463302612 -16.023103714 140.963455200 0.042486999 0.615161121 -0.025329391 0.786848187
42.727360 208.378799438 -16.108791351 141.193420410 0.041520152 0.616352797 -0.024773013 0.785984457
42.830730 209.245605469 -16.194774628 141.415237427 0.040292781 0.617288649 -0.025623459 0.785286367
42.934150 210.168243408 -16.278020859 141.651550293 0.040424511 0.618057668 -0.027172199 0.784622371
43.037390 211.076980591 -16.356330872 141.876037598 0.040601660 0.618804395 -0.028065648 0.783992946
43.140760 211.981964111 -16.433284760 142.095855713 0.040608495 0.619594574 -0.028397867 0.783356309
43.244710 212.895233154 -16.519302368 142.311737061 0.040391587 0.620216608 -0.027963568 0.782890737
43.347610 213.792221069 -16.599487305 142.525054932 0.038721915 0.620770872 -0.025969155 0.782604456
43.450910 214.693435669 -16.696872711 142.733520508 0.039062899 0.621413112 -0.024500918 0.782124996
43.555160 215.603912354 -16.776973724 142.940124512 0.038530760 0.622060001 -0.025677269 0.781599283
43.660340 216.497177124 -16.855421066 143.145416260 0.041776989 0.622525990 -0.027714411 0.780991614
43.762280 217.413223267 -16.949176788 143.350967407 0.042538095 0.623305202 -0.028150650 0.780313194
43.865300 218.288421631 -17.034889221 143.554580688 0.042516202 0.624457777 -0.029005090 0.779361010
43.971430 219.192687988 -17.115407944 143.762191772 0.040207569 0.625692427 -0.028620493 0.778507054
44.071640 220.093185425 -17.203735352 143.961883545 0.038045242 0.627002299 -0.026530022 0.777635396
44.176790 220.998489380 -17.276775360 144.158554077 0.036655638 0.628494322 -0.025595600 0.776528239
44.278660 221.898971558 -17.365385056 144.354156494 0.036304735 0.630212903 -0.025564978 0.775151670
44.382090 222.794876099 -17.443836212 144.543350220 0.036766846 0.631863475 -0.025910674 0.773773432
44.485720 223.698654175 -17.515460968 144.727737427 0.037253462 0.633471906 -0.026093895 0.772427738
44.589150 224.598449707 -17.588306427 144.912567139 0.036725771 0.635183275 -0.026438629 0.771034658
44.692960 225.503845215 -17.670639038 145.077880859 0.036596976 0.636801004 -0.025583750 0.769734085
44.796760 226.391082764 -17.755485535 145.242767334 0.036023304 0.638229430 -0.025556553 0.768578112
44.899580 227.316131592 -17.823966980 145.427001953 0.035542130 0.639992595 -0.026586730 0.767098010
45.003060 228.205169678 -17.903236389 145.600738525 0.034968507 0.641681671 -0.027644584 0.765674651
45.107140 229.102600098 -17.979097366 145.754486084 0.033441253 0.642979681 -0.028529322 0.764620721
45.209900 230.001129150 -18.057821274 145.916687012 0.032429323 0.644429088 -0.029872084 0.763391852
45.313460 230.910552979 -18.139751434 146.082611084 0.032359809 0.645824015 -0.032671291 0.762100279
45.416890 231.818710327 -18.219337463 146.233215332 0.033283900 0.646882653 -0.035424650 0.761038840
45.520350 232.689712524 -18.269517899 146.392883301 0.033268556 0.648483157 -0.038008548 0.759551287
45.623680 233.577560425 -18.370903015 146.540664673 0.031679079 0.649801075 -0.036793314 0.758552074
45.727180 234.456436157 -18.439260483 146.679580688 0.030544763 0.651152015 -0.036164425 0.757469654
45.830550 235.352798462 -18.525423050 146.824188232 0.029589621 0.652551830 -0.034594674 0.756375372
45.933940 236.229095459 -18.601943970 146.954650879 0.029534610 0.653809905 -0.034091439 0.755313218
46.037440 237.127929688 -18.675027847 147.090637207 0.029383002 0.655247331 -0.034224708 0.754066467
46.140840 238.017486572 -18.752552032 147.207336426 0.030140761 0.656528533 -0.034758173 0.752896845
46.244200 238.900604248 -18.828487396 147.333404541 0.031057432 0.658363998 -0.036010072 0.751196086
46.347740 239.801666260 -18.896900177 147.438110352 0.032887910 0.660394013 -0.031336866 0.749543965
46.451100 240.692123413 -18.972599030 147.548080444 0.030811224 0.662118077 -0.029622229 0.748179674
46.554470 241.578063965 -19.051025391 147.653244019 0.031564835 0.664051533 -0.029731922 0.746428311
46.657980 242.449539185 -19.128355026 147.753280640 0.036889169 0.665441394 -0.033074781 0.744804025
46.761380 243.310531616 -19.209518433 147.852142334 0.041816309 0.667423606 -0.036788683 0.742592573
46.864950 244.174224854 -19.299995422 147.950332642 0.042738456 0.669395268 -0.038650274 0.740668356
46.968250 245.051376343 -19.388324738 148.051956177 0.039359063 0.671571732 -0.038250390 0.738904059
47.071770 245.922607422 -19.478897095 148.143096924 0.035671577 0.673674703 -0.037133627 0.737231970
47.175200 246.789459229 -19.559825897 148.212280273 0.033537492 0.675520658 -0.036037203 0.735695899
47.278520 247.660034180 -19.649200439 148.289993286 0.032124743 0.677756369 -0.037135512 0.733645141
47.382040 248.536315918 -19.725570679 148.365356445 0.029907577 0.680400372 -0.037841167 0.731251597
47.485460 249.395996094 -19.799827576 148.420455933 0.027098134 0.682820261 -0.037661210 0.729111612
47.588920 250.248687744 -19.881629944 148.476867676 0.025263349 0.685491741 -0.037060514 0.726697505
47.692300 251.094390869 -19.958435059 148.508865356 0.027685011 0.687812984 -0.035844427 0.724473655
47.795800 251.927505493 -20.050184250 148.540634155 0.029855562 0.689917922 -0.036075186 0.722371399
47.899190 252.796157837 -20.112335205 148.578704834 0.031043824 0.692378342 -0.036532655 0.719940186
48.002630 253.650863647 -20.185274124 148.611328125 0.031203078 0.694731772 -0.035423819 0.717718124
48.105950 254.506607056 -20.266975403 148.623153687 0.029231405 0.696768582 -0.035368819 0.715826869
48.209330 255.369613647 -20.341629028 148.659606934 0.029657125 0.699195921 -0.034089465 0.713500798
48.312780 256.217773438 -20.413848877 148.666275024 0.030888934 0.700928986 -0.034607328 0.711720943
48.416100 257.076171875 -20.493906021 148.684036255 0.031943120 0.702524900 -0.035741985 0.710042834
48.519480 257.898437500 -20.561443329 148.692260742 0.033561785 0.703745723 -0.035563387 0.708767116
48.622870 258.760772705 -20.642435074 148.705108643 0.034580097 0.704997480 -0.033705711 0.707563937
48.726120 259.595642090 -20.718814850 148.690689087 0.034725092 0.705377460 -0.031687170 0.707271338
48.829380 260.442199707 -20.797531128 148.700729370 0.034640782 0.706290960 -0.030507751 0.706415117
48.932760 261.294097900 -20.866743088 148.682510376 0.035229590 0.706605792 -0.029361404 0.706119716
49.036150 262.108489990 -20.938838959 148.694107056 0.036318202 0.707222998 -0.029094294 0.705457449
49.139410 262.967803955 -21.020032883 148.681976318 0.037649933 0.707212210 -0.028903622 0.705406189
49.242780 263.801055908 -21.095666885 148.680816650 0.039605141 0.707046151 -0.027979106 0.705502868
49.346620 264.607849121 -21.169086456 148.683563232 0.040708601 0.706772923 -0.027700568 0.705724776
49.452210 265.441741943 -21.243934631 148.684188843 0.041068021 0.706330359 -0.027648235 0.706148982
49.553030 266.233551025 -21.328920364 148.681808472 0.041909829 0.705570698 -0.026422087 0.706905544
49.656580 267.026550293 -21.404943466 148.681060791 0.042042103 0.704653084 -0.025289841 0.707853794
49.759580 267.809234619 -21.478868484 148.695404053 0.041542303 0.703968942 -0.024532164 0.708590209
49.863540 268.578979492 -21.554727554 148.715408325 0.040522825 0.703136683 -0.023179080 0.709520578
49.966330 269.367279053 -21.626121521 148.723403931 0.039260365 0.701752186 -0.022355177 0.710987151
50.069330 270.138244629 -21.689693451 148.745468140 0.037927251 0.700549066 -0.022326004 0.712245822
50.172720 270.890625000 -21.762670517 148.777938843 0.036209445 0.699290276 -0.023996919 0.713516712
50.276120 271.625854492 -21.825811386 148.806411743 0.035752099 0.697837889 -0.025374129 0.714912713
50.379340 272.337005615 -21.891628265 148.822998047 0.035840545 0.696302593 -0.025081713 0.716414034
50.483680 273.063629150 -21.957700729 148.847320557 0.034722134 0.694935739 -0.024218556 0.717824578
50.586570 273.777557373 -22.011533737 148.879058838 0.032965444 0.693753958 -0.024050079 0.719055176
50.691000 274.459228516 -22.065444946 148.923324585 0.031341780 0.692641795 -0.024583919 0.720180929
50.793430 275.132171631 -22.122171402 148.952743530 0.032026801 0.691154897 -0.024481231 0.721581519
50.896200 275.821472168 -22.170877457 148.992126465 0.032969009 0.689739108 -0.024643356 0.722887039
50.999580 276.474548340 -22.223299026 149.028259277 0.033408929 0.688384116 -0.025758013 0.724118590
51.103000 277.093505859 -22.278560638 149.064239502 0.034281701 0.687221944 -0.026722459 0.725145996
51.206270 277.730621338 -22.336347580 149.103622437 0.033233073 0.685963213 -0.027873712 0.726342261
51.309660 278.324310303 -22.384042740 149.146545410 0.032713663 0.684715629 -0.028818516 0.727505207
51.413610 278.928741455 -22.438177109 149.183715820 0.032198533 0.683344483 -0.029285615 0.728797615
51.516920 279.520812988 -22.488281250 149.233184814 0.031797450 0.682247281 -0.029504763 0.729833543
51.622300 280.104248047 -22.538921356 149.283523560 0.031824283 0.681094468 -0.030219655 0.730879188
51.723400 280.660583496 -22.582143784 149.330093384 0.031898774 0.679920435 -0.032645296 0.731864035
51.826760 281.214599609 -22.635601044 149.378784180 0.031260457 0.678912997 -0.032693479 0.732824028
51.930130 281.773742676 -22.684885025 149.434600830 0.030759199 0.677762091 -0.033140529 0.733889699
52.033540 282.315521240 -22.737001419 149.478698730 0.030156264 0.676554918 -0.033235602 0.735023379
52.136910 282.834472656 -22.780300140 149.527587891 0.030482737 0.675572634 -0.033412434 0.735904932
52.240390 283.352233887 -22.822242737 149.586074829 0.030415963 0.674509406 -0.034319881 0.736840606
52.343730 283.861724854 -22.870750427 149.633255005 0.030645298 0.673447013 -0.034851350 0.737777293
52.447130 284.344665527 -22.916057587 149.681335449 0.031267524 0.672479153 -0.035222717 0.738615930
52.550540 284.833312988 -22.958179474 149.733642578 0.031648025 0.671722949 -0.035937171 0.739253104
52.654640 285.319183350 -22.999872208 149.786239624 0.031768035 0.671085000 -0.036552619 0.739796996
52.757460 285.790069580 -23.041666031 149.842956543 0.032012783 0.670603812 -0.037550002 0.740172744
52.860930 286.253845215 -23.081802368 149.893783569 0.032398794 0.670280218 -0.038138900 0.740418971
52.964300 286.722412109 -23.125709534 149.946075439 0.032860305 0.670236945 -0.038183291 0.740435481
53.067800 287.201202393 -23.172428131 150.005722046 0.032850899 0.670554817 -0.038398821 0.740136862
53.171240 287.685150146 -23.220281601 150.048309326 0.032031205 0.670767307 -0.038595449 0.739970028
53.274690 288.170410156 -23.262722015 150.098449707 0.031360969 0.671272278 -0.038413398 0.739550173
53.378120 288.666595459 -23.305318832 150.148101807 0.032321196 0.671994865 -0.038105421 0.738868177
53.481550 289.165985107 -23.353244781 150.198974609 0.034448601 0.672836483 -0.038242579 0.737998486
53.585110 289.671508789 -23.411350250 150.228561401 0.037938576 0.673270524 -0.037476279 0.737470627
53.688500 290.190277100 -23.458766937 150.272079468 0.040681347 0.674055457 -0.038202491 0.736569643
53.792070 290.712738037 -23.500787735 150.325531006 0.041352391 0.675044477 -0.039915390 0.735534966
53.895510 291.257080078 -23.552980423 150.373413086 0.041429840 0.675875306 -0.039896403 0.734768271
53.999020 291.808197021 -23.605375290 150.418655396 0.041959222 0.676667154 -0.037779186 0.734121025
54.102390 292.379974365 -23.671957016 150.444747925 0.043439552 0.677182555 -0.032729372 0.733802140
54.205940 292.963317871 -23.732326508 150.482940674 0.043675844 0.677938759 -0.031764444 0.733131945
54.309430 293.544708252 -23.787416458 150.537506104 0.043117706 0.679003835 -0.034504876 0.732054710
54.412740 294.134033203 -23.847602844 150.587844849 0.042895779 0.679630935 -0.035736594 0.731426477
54.516280 294.739410400 -23.904180527 150.629547119 0.044032402 0.680314183 -0.033878263 0.730811894
54.619690 295.363616943 -23.965896606 150.655487061 0.045037214 0.680577040 -0.031381872 0.730617344
54.723200 295.995483398 -24.031803131 150.700744629 0.045696776 0.681280732 -0.030717028 0.729948521
54.826640 296.636505127 -24.097507477 150.757781982 0.044364188 0.682225525 -0.032788981 0.729057670
54.930030 297.287322998 -24.160701752 150.799682617 0.044661850 0.682826638 -0.033887755 0.728426218
55.033520 297.942810059 -24.223243713 150.841690063 0.045232177 0.683309615 -0.035413709 0.727865279
55.136960 298.619476318 -24.292179108 150.884185791 0.046609353 0.684026003 -0.035769299 0.727087677
55.240380 299.302795410 -24.367797852 150.926147461 0.044825066 0.684471786 -0.036350302 0.726751506
55.343740 300.000549316 -24.437608719 150.980651855 0.043273423 0.685347855 -0.037460223 0.725963116
55.447050 300.701843262 -24.508949280 151.027481079 0.043305628 0.686095536 -0.038051732 0.725223839
55.550620 301.394653320 -24.588592529 151.061233521 0.046456464 0.686587274 -0.038563345 0.724536121
55.653990 302.098419189 -24.663753510 151.096862793 0.049151253 0.687045634 -0.040140238 0.723837793
55.757510 302.825469971 -24.745981216 151.133819580 0.050362449 0.687395632 -0.041479930 0.723346651
55.860740 303.559356689 -24.829719543 151.166503906 0.051042221 0.687649548 -0.038914692 0.723200142
55.964160 304.297363281 -24.915359497 151.210205078 0.050632264 0.688462198 -0.035485543 0.722631991
56.067460 305.067291260 -25.001966476 151.225036621 0.050997771 0.688615382 -0.033083297 0.722574294
56.170950 305.823486328 -25.082332611 151.259857178 0.052076951 0.689045310 -0.032640498 0.722107410
56.274290 306.589630127 -25.164810181 151.290252686 0.052916143 0.689213514 -0.033119407 0.721864104
56.377670 307.365722656 -25.249931335 151.318145752 0.053725973 0.689228594 -0.033185232 0.721786857
56.481050 308.150512695 -25.334314346 151.360031128 0.053589437 0.689375281 -0.032703713 0.721678913
56.584420 308.936614990 -25.421897888 151.388366699 0.053201314 0.689033985 -0.031656943 0.722080052
56.687660 309.740447998 -25.506656647 151.437576294 0.053346116 0.688688338 -0.030573854 0.722445667
56.791050 310.536346436 -25.591764450 151.466567993 0.053332839 0.688167691 -0.030274235 0.722955287
56.894350 311.350067139 -25.678432465 151.514328003 0.052691199 0.687743306 -0.029553667 0.723435819
56.997680 312.165832520 -25.764385223 151.560775757 0.052195195 0.687035799 -0.028932054 0.724168777
57.100960 312.979797363 -25.864423752 151.596115112 0.051984012 0.686379194 -0.028241014 0.724833548
57.204360 313.813476562 -25.948482513 151.648315430 0.052254371 0.685924709 -0.027511010 0.725272298
57.307630 314.662078857 -26.029499054 151.691696167 0.053186040 0.684823096 -0.027119400 0.726259708
57.410890 315.509277344 -26.118843079 151.740921021 0.053360965 0.683731616 -0.026304899 0.727304459
57.514200 316.371398926 -26.210081100 151.796798706 0.053549770 0.682716906 -0.025145482 0.728284061
57.617510 317.236206055 -26.299797058 151.859039307 0.053860907 0.681734562 -0.024291536 0.729209840
57.720780 318.110168457 -26.387586594 151.915939331 0.054454856 0.680620074 -0.024300301 0.730205774
57.824090 318.987121582 -26.477424622 151.981140137 0.054912537 0.679514527 -0.024327613 0.731199563
57.927360 319.874755859 -26.568433762 152.052185059 0.054907378 0.678396642 -0.025222475 0.732207000
58.030610 320.763122559 -26.677536011 152.123092651 0.054215595 0.677341998 -0.026142227 0.733201981
58.133900 321.607452393 -26.745164871 152.203048706 0.054023139 0.676518321 -0.027787613 0.733915746
58.237240 322.499572754 -26.843669891 152.290985107 0.053259976 0.675767779 -0.028599249 0.734631479
58.340500 323.424316406 -26.938800812 152.400894165 0.052982245 0.675081432 -0.028284905 0.735294402
58.443830 324.265136719 -27.031511307 152.451965332 0.051851064 0.674503982 -0.027667360 0.735928178
58.547070 325.149932861 -27.123100281 152.533538818 0.050905176 0.674167037 -0.026882030 0.736331999
58.650440 326.076812744 -27.222957611 152.616744995 0.051009394 0.673701704 -0.026193988 0.736775339
58.753660 326.972473145 -27.327428818 152.681610107 0.052915730 0.673088551 -0.025820527 0.737214386
58.857110 327.866210938 -27.412672043 152.783126831 0.052211042 0.673015475 -0.026214829 0.737317443
58.960410 328.766357422 -27.517936707 152.859268188 0.050406948 0.673063517 -0.026576195 0.737386167
59.063680 329.668212891 -27.606769562 152.920593262 0.049420718 0.672608197 -0.026257677 0.737879634
59.167110 330.518707275 -27.704269409 153.011291504 0.049032032 0.672685742 -0.027196437 0.737800837
59.270460 331.419952393 -27.799215317 153.084716797 0.049797449 0.672309279 -0.026787624 0.738107681
59.373860 332.255310059 -27.885095596 153.168487549 0.049771033 0.672315478 -0.027361339 0.738082707
59.477160 333.131866455 -27.983928680 153.275894165 0.049120910 0.672358990 -0.028107330 0.738058627
59.580540 334.015350342 -28.069696426 153.373855591 0.049493305 0.672399879 -0.028487848 0.737981915
59.683780 334.917877197 -28.168767929 153.470764160 0.048904862 0.672406912 -0.028972138 0.737995803
59.787170 335.740936279 -28.241725922 153.547149658 0.048621014 0.672365904 -0.028300447 0.738077998
59.890360 336.667144775 -28.348896027 153.625595093 0.049021069 0.672105730 -0.028445035 0.738282919
59.993680 337.564697266 -28.431823730 153.707702637 0.049457882 0.672000527 -0.029921249 0.738291204
60.097040 338.461761475 -28.530143738 153.795593262 0.051125031 0.671691239 -0.029508157 0.738475680
60.200330 339.340606689 -28.622688293 153.882904053 0.050783314 0.671380758 -0.027146989 0.738872111
60.303580 340.239440918 -28.702774048 153.965957642 0.050290488 0.670759201 -0.026038546 0.739509940
60.406760 341.055908203 -28.808391571 154.048126221 0.052406754 0.670010626 -0.024981195 0.740077853
60.510030 341.913421631 -28.886331558 154.141601562 0.056125503 0.668810904 -0.025928227 0.740857422
60.613290 342.802886963 -28.984014511 154.217941284 0.058602963 0.667404473 -0.025338089 0.741953492
60.716680 343.676574707 -29.094335556 154.319076538 0.060220577 0.666252196 -0.023605976 0.742916048
60.819920 344.555541992 -29.192203522 154.425125122 0.060271047 0.665013313 -0.023308054 0.744030535
60.923310 345.407714844 -29.287818909 154.529052734 0.061454527 0.663986027 -0.023867322 0.744832993
61.026630 346.287597656 -29.398384094 154.610260010 0.061530195 0.662371099 -0.023237865 0.746283114
61.129940 347.168823242 -29.492660522 154.727386475 0.059823249 0.661179841 -0.022847805 0.747489333
61.233200 348.051818848 -29.592020035 154.844421387 0.057547167 0.659573913 -0.021898847 0.749113500
61.336450 348.876068115 -29.696413040 154.972747803 0.056499362 0.657796621 -0.021991160 0.750751436
61.439830 349.775024414 -29.784187317 155.082061768 0.055719491 0.655658841 -0.022390231 0.752665579
61.543140 350.632354736 -29.886875153 155.223175049 0.054743227 0.653571963 -0.022623587 0.754542887
61.646430 351.485473633 -29.970714569 155.346557617 0.054824222 0.651251554 -0.022525491 0.756543636
61.749770 352.330841064 -30.057487488 155.483947754 0.054883841 0.648528099 -0.023345897 0.758850515
61.853030 353.219299316 -30.151100159 155.620056152 0.054790411 0.645147800 -0.024504380 0.761696696
61.956290 354.098114014 -30.255130768 155.774444580 0.054754775 0.641504169 -0.025232121 0.764746785
62.059540 354.885589600 -30.348062515 155.940307617 0.054007526 0.637988508 -0.026171792 0.767703652
62.162940 355.726226807 -30.441669464 156.091369629 0.054243792 0.634240568 -0.025751192 0.770800531
62.266190 356.544830322 -30.520719528 156.282592773 0.053358968 0.630704284 -0.026884146 0.773719728
62.369430 357.368957520 -30.609666824 156.465942383 0.052756600 0.627272546 -0.027443690 0.776526034
62.472790 358.212066650 -30.706726074 156.646270752 0.052349400 0.623794675 -0.027638420 0.779343188
62.576200 359.023651123 -30.793466568 156.846481323 0.051635686 0.621146202 -0.028650470 0.781466722
62.679430 359.875549316 -30.899934769 157.058197021 0.051377442 0.618750334 -0.028392993 0.783391476
62.782780 360.718658447 -30.987989426 157.270523071 0.051258899 0.616771579 -0.029387113 0.784921467
62.886160 361.556549072 -31.082248688 157.478408813 0.051203068 0.614795685 -0.029175309 0.786481619
62.989540 362.389526367 -31.177623749 157.701278687 0.050563522 0.613029361 -0.029712735 0.787880361
63.092920 363.224731445 -31.273557663 157.913665771 0.050843883 0.611162424 -0.029283004 0.789327502
63.196200 364.082214355 -31.375032425 158.146011353 0.050848834 0.609432042 -0.029598534 0.790652215
63.299560 364.902191162 -31.461265564 158.365631104 0.050807524 0.607615113 -0.029529342 0.792054594
63.402810 365.750152588 -31.562015533 158.616317749 0.050228763 0.605897784 -0.029068023 0.793422997
63.506200 366.581146240 -31.652198792 158.848541260 0.049271028 0.604117870 -0.029042793 0.794839919
63.609460 367.452026367 -31.757020950 159.093917847 0.048507482 0.602155924 -0.028017489 0.796410859
63.712840 368.275024414 -31.844642639 159.331375122 0.047656547 0.600291312 -0.027559327 0.797884524
63.816090 369.087524414 -31.937419891 159.572219849 0.046702709 0.598521531 -0.027203565 0.799281418
63.919450 369.943817139 -32.040287018 159.842926025 0.046793379 0.596709847 -0.027013751 0.800635993
64.022620 370.765014648 -32.134704590 160.075393677 0.047530387 0.594528437 -0.028402444 0.802165866
64.125870 371.488311768 -32.211990356 160.339706421 0.047676027 0.592852294 -0.030317854 0.803326845
64.229120 372.431060791 -32.319236755 160.609115601 0.047637574 0.590897918 -0.030840691 0.804747880
64.332410 373.218963623 -32.407615662 160.876068115 0.045325406 0.589702785 -0.030051563 0.805787265
64.435680 374.007080078 -32.490135193 161.151245117 0.042660993 0.588812888 -0.030647447 0.806560695
64.539060 374.838867188 -32.589214325 161.409881592 0.041454177 0.588069022 -0.032202672 0.807105541
64.642350 375.614471436 -32.675163269 161.675018311 0.042402800 0.587533176 -0.034783956 0.807339370
64.745710 376.420684814 -32.756664276 161.926208496 0.043779787 0.587081730 -0.036628526 0.807512701
64.849050 377.182189941 -32.840774536 162.193191528 0.043243941 0.586818337 -0.037195921 0.807707012
64.952280 377.971374512 -32.932308197 162.465057373 0.040422607 0.586848795 -0.036950056 0.807842314
65.055650 378.751647949 -33.023426056 162.732376099 0.037611578 0.586775362 -0.036407419 0.808055997
65.158820 379.531372070 -33.104331970 162.997207642 0.036405399 0.586848855 -0.036138427 0.808069944
65.262120 380.301116943 -33.180927277 163.246643066 0.036360811 0.587004602 -0.035852265 0.807971597
65.365480 381.059112549 -33.256530762 163.509735107 0.036839928 0.587326109 -0.036252797 0.807698309
65.468780 381.846771240 -33.326690674 163.754776001 0.037171025 0.587346494 -0.036551218 0.807654917
65.571960 382.588653564 -33.404739380 164.009765625 0.038069148 0.587741792 -0.033337440 0.807464480
65.675410 383.384338379 -33.477077484 164.246856689 0.038089100 0.587612569 -0.032235779 0.807602346
65.778660 384.136840820 -33.557792664 164.503936768 0.038967714 0.587912858 -0.033116765 0.807306170
65.881970 384.908294678 -33.638191223 164.746475220 0.041668694 0.587810636 -0.033995178 0.807209253
65.985180 385.665802002 -33.723487854 165.001098633 0.043915361 0.587810040 -0.034803890 0.807056069
66.088540 386.426635742 -33.798702240 165.248199463 0.042953406 0.588141084 -0.034970608 0.806859374
66.191750 387.206634521 -33.883518219 165.516082764 0.041711148 0.588411689 -0.033699397 0.806781411
66.295140 387.991638184 -33.972618103 165.766052246 0.041211296 0.588433087 -0.033750713 0.806789339
66.398400 388.779510498 -34.048019409 166.028060913 0.041914314 0.588396966 -0.034214400 0.806759953
66.503710 389.554962158 -34.133270264 166.292709351 0.043854743 0.588357627 -0.034588199 0.806669533
66.605040 390.363891602 -34.223911285 166.550445557 0.044601817 0.588168800 -0.034404241 0.806774139
66.712060 391.199798584 -34.299320221 166.815216064 0.044010710 0.588231742 -0.034370862 0.806762099
66.811530 392.024658203 -34.390914917 167.086639404 0.043362923 0.588095665 -0.033004541 0.806953430
66.914810 392.862976074 -34.471817017 167.358337402 0.044121441 0.588030279 -0.032407064 0.806984186
67.018180 393.688018799 -34.573829651 167.628845215 0.046128627 0.587611139 -0.030508354 0.807251215
67.122370 394.519042969 -34.654342651 167.907028198 0.047681645 0.587433279 -0.029413179 0.807331085
67.224700 395.384399414 -34.754962921 168.169738770 0.047975726 0.586811781 -0.027706318 0.807825863
67.327990 396.220184326 -34.840667725 168.442764282 0.050053746 0.586203337 -0.025790036 0.808204889
67.431360 397.078613281 -34.935554504 168.710266113 0.051257234 0.585612416 -0.023687346 0.808622062
67.534610 397.922058105 -35.022689819 168.990432739 0.049207378 0.585417330 -0.023273788 0.808902681
67.638020 398.772308350 -35.114364624 169.277557373 0.045829214 0.585489750 -0.022608586 0.809067488
67.741230 399.612030029 -35.198425293 169.557174683 0.044433333 0.585134685 -0.021286214 0.809438050
67.844550 400.444396973 -35.278503418 169.836273193 0.045019753 0.585027754 -0.021998430 0.809463918
67.947740 401.275360107 -35.367446899 170.111541748 0.046403792 0.584730685 -0.022136999 0.809596598
68.051170 402.119537354 -35.454963684 170.382354736 0.047793947 0.584130108 -0.022016922 0.809952438
68.154890 402.928009033 -35.534820557 170.665374756 0.047835328 0.583950698 -0.021203352 0.810101092
68.257700 403.759277344 -35.618148804 170.941879272 0.047506835 0.583744168 -0.019825108 0.810304105
68.361010 404.592468262 -35.702064514 171.213317871 0.046651401 0.583551347 -0.019640079 0.810497224
68.464300 405.380126953 -35.784812927 171.485748291 0.046449754 0.583707035 -0.020174844 0.810383558
68.567750 406.178924561 -35.867870331 171.748138428 0.046217654 0.583724499 -0.020158658 0.810384691
68.670920 406.956176758 -35.943397522 172.015457153 0.045940273 0.584038973 -0.019443579 0.810191274
68.774690 407.729492188 -36.027576447 172.274780273 0.045115184 0.584443927 -0.018088637 0.809976995
68.877620 408.507202148 -36.106185913 172.533111572 0.044214904 0.584828436 -0.017781289 0.809755862
68.981020 409.255645752 -36.179908752 172.788208008 0.044384461 0.585385025 -0.017267393 0.809355438
69.084250 410.007324219 -36.252628326 173.031677246 0.045744441 0.585893631 -0.017231142 0.808912337
69.187640 410.750854492 -36.328388214 173.271255493 0.047497943 0.586263597 -0.018627230 0.808512211
69.290960 411.470062256 -36.407627106 173.517410278 0.049025565 0.586826921 -0.021013716 0.807953656
69.394410 412.209686279 -36.476608276 173.758819580 0.050485827 0.587305367 -0.022861280 0.807465732
69.497520 412.935516357 -36.556797028 174.005233765 0.051001113 0.587808371 -0.023079917 0.807061076
69.600870 413.651519775 -36.635654449 174.230758667 0.048938904 0.588465333 -0.022029605 0.806739271
69.704490 414.376647949 -36.714538574 174.462234497 0.046978541 0.589033186 -0.020517867 0.806481242
69.808000 415.099700928 -36.785957336 174.696548462 0.047004256 0.589324832 -0.019493999 0.806292057
69.910950 415.797180176 -36.863067627 174.919036865 0.047957994 0.589607120 -0.018961448 0.806042135
70.014150 416.497375488 -36.936248779 175.153503418 0.048474275 0.589841783 -0.019797564 0.805819452
70.118000 417.205718994 -37.006286621 175.366134644 0.049151324 0.589765370 -0.019792441 0.805834532
70.221570 417.889404297 -37.081695557 175.589294434 0.050095629 0.589844465 -0.019067254 0.805735946
70.324290 418.603210449 -37.149635315 175.819839478 0.050577179 0.589890063 -0.019483870 0.805662513
70.429610 419.317413330 -37.221118927 176.031433105 0.051790785 0.589720011 -0.019249072 0.805715501
70.530930 420.010559082 -37.298072815 176.262985229 0.051880177 0.589715123 -0.020105388 0.805692434
70.634290 420.717559814 -37.362823486 176.480209351 0.052223235 0.589751840 -0.019975521 0.805646598
70.738030 421.422760010 -37.436370850 176.706802368 0.051664464 0.589634120 -0.019865382 0.805771589
70.841960 422.131500244 -37.512657166 176.932861328 0.051261529 0.589305341 -0.018998634 0.806058586
70.946380 422.837982178 -37.584114075 177.161376953 0.050797250 0.588685811 -0.018314099 0.806556404
71.049300 423.542144775 -37.658348083 177.385604858 0.050119389 0.588069141 -0.017758874 0.807060897
71.151220 424.226593018 -37.733776093 177.613128662 0.049613260 0.587429404 -0.017166274 0.807570755
71.255370 424.903656006 -37.806365967 177.843109131 0.049259964 0.586648345 -0.017993208 0.808141947
71.359740 425.581878662 -37.876274109 178.078018188 0.049292386 0.585867763 -0.019060453 0.808681667
71.462150 426.222381592 -37.943927765 178.287750244 0.049428839 0.585001349 -0.019261250 0.809295475
71.564460 426.878143311 -38.013061523 178.520767212 0.048885483 0.584371507 -0.019594392 0.809775412
71.668000 427.498260498 -38.081703186 178.723922729 0.048000842 0.583720684 -0.019568551 0.810298145
71.771950 428.124847412 -38.151222229 178.940017700 0.047102362 0.583362758 -0.019282969 0.810615480
71.874710 428.730987549 -38.208389282 179.148681641 0.046767753 0.582843602 -0.019490965 0.811003208
71.977870 429.323669434 -38.282306671 179.361831665 0.046583973 0.582455695 -0.019365683 0.811295450
72.084410 429.914001465 -38.344963074 179.569976807 0.046742786 0.582129896 -0.019187504 0.811524332
72.184720 430.486755371 -38.406940460 179.769805908 0.046901781 0.581587374 -0.018705580 0.811915338
72.288020 431.099487305 -38.462928772 179.962402344 0.047169905 0.580895841 -0.018454636 0.812400401
72.394080 431.658630371 -38.525688171 180.162078857 0.047160100 0.580508411 -0.018541895 0.812675893
72.495110 432.222564697 -38.581707001 180.359985352 0.047150746 0.579914927 -0.018888947 0.813092113
72.601510 432.777679443 -38.630844116 180.548614502 0.047086619 0.579349220 -0.019744338 0.813478649
72.701420 433.305603027 -38.687633514 180.740005493 0.047015630 0.579044521 -0.019514289 0.813705206
72.804810 433.807647705 -38.745639801 180.932983398 0.046927921 0.578949034 -0.019514594 0.813778162
72.908190 434.345245361 -38.798473358 181.108688354 0.046238918 0.578364611 -0.019806577 0.814226031
73.011570 434.844970703 -38.852046967 181.291275024 0.045398403 0.578125656 -0.019872995 0.814441383
73.114920 435.346954346 -38.910331726 181.468521118 0.044700541 0.577811718 -0.019729810 0.814706206
73.218200 435.845855713 -38.947357178 181.628799438 0.045071911 0.577295959 -0.019471960 0.815057456
73.322240 436.299499512 -39.002758026 181.816955566 0.045651346 0.577370882 -0.019687187 0.814966977
73.425090 436.760223389 -39.050300598 181.978302002 0.046491563 0.576998115 -0.020939916 0.815152228
73.528470 437.213043213 -39.094573975 182.137802124 0.047311444 0.576656938 -0.022218600 0.815312624
73.632800 437.637054443 -39.140602112 182.300994873 0.047951914 0.576391935 -0.022974279 0.815441668
73.735300 438.084503174 -39.177230835 182.448989868 0.049091421 0.575892806 -0.022823179 0.815730691
73.838630 438.496276855 -39.222698212 182.598449707 0.049493868 0.575722098 -0.022429459 0.815837801
73.942010 438.913177490 -39.269119263 182.748458862 0.048830830 0.575984538 -0.021962600 0.815705180
74.045380 439.316864014 -39.319625854 182.898040771 0.047599159 0.576616645 -0.022160251 0.815326035
74.150730 439.698822021 -39.357227325 183.023559570 0.047238380 0.576963544 -0.022136392 0.815102160
74.252330 440.076293945 -39.403121948 183.168350220 0.046779271 0.577705681 -0.021854501 0.814610481
74.355660 440.445800781 -39.442619324 183.298080444 0.046738159 0.578226030 -0.021570217 0.814251125
74.459100 440.801452637 -39.478469849 183.418914795 0.046438538 0.578561962 -0.021499613 0.814031482
74.562490 441.142333984 -39.514755249 183.547637939 0.046135314 0.579231858 -0.021225797 0.813579381
74.665890 441.482147217 -39.545234680 183.660980225 0.046115987 0.579540730 -0.020918164 0.813368499
74.769280 441.803253174 -39.584869385 183.773864746 0.046018254 0.579997599 -0.020303177 0.813063860
74.872800 442.115539551 -39.617835999 183.881561279 0.045608610 0.580461979 -0.020444268 0.812751949
74.976100 442.419067383 -39.648944855 183.988906860 0.045069765 0.580890775 -0.020858817 0.812465131
75.079510 442.701538086 -39.679195404 184.097610474 0.044556882 0.581512332 -0.021320671 0.812036633
75.182880 442.994720459 -39.707054138 184.187866211 0.044762682 0.581789911 -0.021215566 0.811829209
75.286270 443.271362305 -39.738098145 184.282196045 0.045411177 0.582269609 -0.020910837 0.811457098
75.389540 443.544189453 -39.762489319 184.376129150 0.046205923 0.582556605 -0.021010136 0.811203659
75.492900 443.804687500 -39.791164398 184.461914062 0.046376474 0.582789004 -0.021130510 0.811023891
75.596260 444.069915771 -39.817253113 184.554397583 0.046056475 0.582882464 -0.021242352 0.810971975
75.699680 444.322265625 -39.843860626 184.645156860 0.045469921 0.582758307 -0.021427702 0.811089456
75.802980 444.579315186 -39.872501373 184.743865967 0.045112144 0.582477927 -0.021593578 0.811306417
75.906260 444.844665527 -39.897361755 184.832687378 0.044681266 0.581849337 -0.021968827 0.811771095
76.009520 445.088012695 -39.919616699 184.918640137 0.044237301 0.581138313 -0.022436388 0.812291741
76.112930 445.339233398 -39.943176270 185.004287720 0.044251863 0.579881549 -0.022568954 0.813184977
76.216170 445.598754883 -39.964824677 185.096206665 0.044508591 0.578095198 -0.022658378 0.814439416
76.319510 445.854125977 -39.993385315 185.194717407 0.044666529 0.575698137 -0.022342490 0.816135645
76.422600 446.116455078 -40.018119812 185.302825928 0.044722404 0.572415590 -0.023077318 0.818417847
76.526720 446.376373291 -40.047206879 185.411361694 0.044603754 0.568406940 -0.023608055 0.821198344
76.628920 446.635833740 -40.073936462 185.517837524 0.044806182 0.563760042 -0.024314523 0.824363887
76.732320 446.899108887 -40.099445343 185.633361816 0.045289509 0.558489442 -0.024233574 0.827919722
76.835380 447.158233643 -40.130546570 185.754882812 0.044797447 0.552142859 -0.024899146 0.832172751
76.938900 447.424377441 -40.157714844 185.884521484 0.044613414 0.544884443 -0.026215766 0.836912930
77.041770 447.692474365 -40.182655334 186.019668579 0.044216856 0.536592662 -0.027780082 0.842224121
77.144940 447.955841064 -40.210208893 186.157760620 0.045028061 0.527634382 -0.028710470 0.847791374
77.248120 448.221801758 -40.251518250 186.306594849 0.045832865 0.518555760 -0.029666841 0.853298962
77.351390 448.477020264 -40.274650574 186.462142944 0.046753723 0.509008765 -0.030280093 0.858957112
77.454530 448.715576172 -40.313304901 186.615997314 0.045632236 0.499201089 -0.032609478 0.864669085
77.557920 448.962097168 -40.329425812 186.791915894 0.046046574 0.492303640 -0.035477098 0.868480384
77.661290 449.192718506 -40.359275818 186.947937012 0.045362666 0.489279091 -0.038805753 0.870081782
77.764930 449.432891846 -40.387130737 187.105255127 0.045051843 0.489631325 -0.040025521 0.869844496
77.868560 449.667907715 -40.413276672 187.249893188 0.044935256 0.491930634 -0.040797055 0.868516386
77.972190 449.890258789 -40.440650940 187.371597290 0.045102566 0.496606827 -0.040844560 0.865840137
78.075790 450.117187500 -40.473384857 187.497512817 0.045790184 0.503382504 -0.039898198 0.861926615
78.179430 450.341217041 -40.502136230 187.596740723 0.046905648 0.510690033 -0.038616717 0.857615471
78.283030 450.561645508 -40.535282135 187.700653076 0.047895752 0.519556165 -0.036701418 0.852302969
78.386780 450.787322998 -40.563568115 187.791458130 0.048321500 0.529189646 -0.035845589 0.846367776
78.490350 451.016906738 -40.592906952 187.888015747 0.048345920 0.539157689 -0.035566192 0.840063512
78.593920 451.257965088 -40.618057251 187.978988647 0.048236690 0.548856080 -0.035441685 0.833770990
78.697630 451.488159180 -40.649780273 188.053161621 0.047806878 0.557836592 -0.034813005 0.827841103
78.800950 451.746368408 -40.678985596 188.142837524 0.048830204 0.566303253 -0.033281837 0.822075784
78.904330 451.984100342 -40.712699890 188.202102661 0.050237417 0.573463380 -0.031203164 0.817093849
79.007710 452.239837646 -40.740642548 188.276885986 0.051197980 0.580165505 -0.029861152 0.812339246
79.114220 452.489532471 -40.772426605 188.345520020 0.050667055 0.585819840 -0.029834315 0.808305562
79.214940 452.740203857 -40.798774719 188.426544189 0.050107155 0.590469003 -0.029078983 0.804978311
79.322290 452.979980469 -40.827941895 188.491592407 0.049306381 0.594262481 -0.027690398 0.802280664
79.422000 453.217346191 -40.854625702 188.565109253 0.049220908 0.597393930 -0.026855087 0.799985409
79.524510 453.445617676 -40.882637024 188.622116089 0.049393184 0.598196626 -0.026644999 0.799381733
79.631890 453.659393311 -40.905834198 188.679626465 0.049574610 0.596831143 -0.026837111 0.800384164
79.733660 453.882537842 -40.931388855 188.753433228 0.049952798 0.594418168 -0.025997149 0.802181959
79.833670 454.079345703 -40.957424164 188.808959961 0.050321337 0.589973629 -0.024752196 0.805472672
79.940110 454.274353027 -40.975097656 188.896911621 0.049860250 0.585151672 -0.025087090 0.809000671
80.044830 454.449432373 -40.995185852 188.972686768 0.048528478 0.579405248 -0.027472895 0.813129604
80.144160 454.610443115 -41.020767212 189.042160034 0.047216076 0.573226154 -0.029807702 0.817492485
80.245950 454.761840820 -41.044830322 189.118179321 0.046038110 0.566932678 -0.030878231 0.821896851
80.350710 454.914001465 -41.057487488 189.200057983 0.044601250 0.560724854 -0.031005288 0.826218545
80.453690 455.053894043 -41.069427490 189.265106201 0.044933673 0.553980470 -0.029894048 0.830778480
80.555530 455.174560547 -41.086284637 189.316329956 0.049254488 0.546995282 -0.026568549 0.835262954
80.658440 455.281341553 -41.104576111 189.364776611 0.052923176 0.539423406 -0.026076023 0.839965224
80.763430 455.394134521 -41.118396759 189.439987183 0.053232927 0.532354236 -0.027521867 0.844397902
80.864960 455.490478516 -41.128414154 189.518722534 0.050749674 0.525742710 -0.030483490 0.848581076
80.971640 455.579895020 -41.137699127 189.581588745 0.048224319 0.519109309 -0.032377038 0.852731884
81.071670 455.671630859 -41.152179718 189.654052734 0.046747204 0.512913644 -0.033051383 0.856528997
81.174860 455.752593994 -41.161842346 189.701019287 0.046469200 0.506758690 -0.032754440 0.860211253
81.278100 455.835662842 -41.169666290 189.765930176 0.046286590 0.501045644 -0.032838590 0.863557994
81.381470 455.908782959 -41.181922913 189.817626953 0.045943126 0.495294750 -0.032913789 0.866884708
81.484880 455.980010986 -41.188320160 189.878051758 0.045790322 0.490173548 -0.032393806 0.869818270
81.588120 456.053710938 -41.193252563 189.929199219 0.045359824 0.485266536 -0.031722091 0.872612536
81.691630 456.113800049 -41.201507568 189.978515625 0.044600580 0.481391609 -0.032500293 0.874766588
81.795010 456.157714844 -41.212116241 190.027175903 0.043478664 0.477409959 -0.035498317 0.876886070
81.900220 456.186157227 -41.222747803 190.076217651 0.041945372 0.472646952 -0.040347803 0.879327834
82.001790 456.221771240 -41.225463867 190.122238159 0.041516114 0.469255835 -0.043514621 0.881011784
82.106980 456.263000488 -41.230049133 190.162628174 0.041367441 0.466867447 -0.043208256 0.882301867
82.208520 456.309509277 -41.231437683 190.188934326 0.041610822 0.463449210 -0.040404413 0.884223282
82.312040 456.355407715 -41.235942841 190.216949463 0.041537542 0.460788548 -0.037578888 0.885740578
82.415420 456.392150879 -41.240547180 190.253295898 0.040958628 0.458927959 -0.036969170 0.886758626
82.518840 456.418273926 -41.249332428 190.284500122 0.039465666 0.456026047 -0.038596448 0.888252795
82.624270 456.442138672 -41.251182556 190.313201904 0.038689386 0.453403205 -0.040732101 0.889533341
82.726180 456.467315674 -41.250389099 190.353393555 0.038230073 0.451854557 -0.042782996 0.890244663
