0.103391 -0.000207406 -0.000141253 0.078106292 0.002272590 0.000724860 -0.000369291 0.999997079
0.207106 -0.000063852 0.000094289 0.155856103 0.002731150 0.001015702 0.000695805 0.999995470
0.310262 -0.000149655 -0.000043046 0.233546808 0.000680998 0.001139868 0.001592300 0.999997854
0.413621 -0.000124255 -0.000085163 0.311186612 -0.002327976 0.000836174 0.002747218 0.999993145
0.517929 -0.000132391 -0.000086832 0.387334913 -0.002392701 0.000231473 0.004414942 0.999987364
0.620389 -0.000380813 0.000303706 0.463526398 -0.000883717 -0.000146464 0.005587846 0.999983966
0.724219 -0.001057156 0.000494930 0.539851010 0.000767639 -0.000470723 0.005868510 0.999982357
0.827211 -0.000399990 0.000443888 0.614486575 0.001077886 -0.001092705 0.005936244 0.999981225
0.930557 -0.001242464 0.000245952 0.689216435 0.000114938 -0.001533408 0.005713275 0.999982476
1.034070 -0.001929197 0.000364213 0.764694571 -0.001295728 -0.001801027 0.005479262 0.999982536
1.137438 -0.001844707 0.000730575 0.839214563 -0.001983406 -0.002434848 0.005757558 0.999978483
1.244258 -0.003447205 0.001085838 0.914635777 -0.002366083 -0.002367210 0.006143618 0.999975502
1.344229 -0.002198361 0.001651946 0.987647235 -0.002259326 -0.003392219 0.006457399 0.999970853
1.447568 -0.002707945 0.001772757 1.062234163 -0.001664331 -0.003891150 0.006681995 0.999968708
1.551083 -0.004209871 0.001809128 1.134646535 -0.000700857 -0.004400440 0.006803039 0.999966919
1.654521 -0.004359744 0.001619596 1.207642078 -0.000157060 -0.005585498 0.007365071 0.999957263
1.757843 -0.006314789 0.001669714 1.280303359 0.000138424 -0.005937867 0.007175976 0.999956608
1.861353 -0.006684368 0.001861870 1.352220416 0.000650366 -0.007163237 0.006717912 0.999951541
1.964724 -0.009336785 0.001477177 1.425053716 0.000525492 -0.007541150 0.005678055 0.999955297
2.068236 -0.009737406 0.001922187 1.498081207 0.000243751 -0.008642114 0.006091360 0.999944091
2.171620 -0.012090596 0.001307815 1.569485426 -0.000653795 -0.009113528 0.005812131 0.999941349
2.275131 -0.014065446 0.001194230 1.641213894 -0.000988375 -0.009747479 0.005663962 0.999935985
2.378626 -0.015484687 0.001426643 1.712234020 -0.000854953 -0.010505957 0.006206660 0.999925196
2.482010 -0.016702272 0.001797830 1.782520175 -0.000547390 -0.011591874 0.006012199 0.999914587
2.585514 -0.019389741 0.001747368 1.853451014 -0.000738557 -0.011833488 0.006145242 0.999910831
2.689023 -0.021120161 0.002171652 1.923280120 -0.001510307 -0.012472854 0.006087877 0.999902546
2.793694 -0.023414046 0.002189765 1.991951823 -0.003119790 -0.012740823 0.006480809 0.999893010
2.896139 -0.024906330 0.002075033 2.060896635 -0.004066498 -0.013371577 0.006656555 0.999880195
2.999556 -0.027421752 0.002470666 2.126766920 -0.003325875 -0.013425699 0.006048720 0.999886036
3.103545 -0.029513894 0.003321596 2.192193747 -0.001786925 -0.013958125 0.005439379 0.999886155
3.206573 -0.032467224 0.002934627 2.255948544 -0.001156992 -0.014042428 0.005449833 0.999885857
3.310078 -0.034652561 0.003189447 2.321173429 -0.001019172 -0.014526868 0.004840716 0.999882221
3.413963 -0.037372500 0.003402304 2.383481264 -0.000642427 -0.015071562 0.004580760 0.999875724
3.517076 -0.039944105 0.003434109 2.446845293 -0.000143660 -0.016028948 0.004581016 0.999861002
3.620721 -0.041621920 0.002872381 2.509362221 -0.000271315 -0.017208446 0.004770493 0.999840498
3.724674 -0.044619672 0.002666360 2.570661068 -0.000985053 -0.017988537 0.004759290 0.999826372
3.827725 -0.046672266 0.003323638 2.632033348 -0.001957987 -0.019253710 0.004912524 0.999800622
3.931241 -0.049836494 0.003333938 2.692654371 -0.002683144 -0.020134596 0.004630221 0.999782920
4.034871 -0.052787572 0.003572080 2.751187086 -0.002785462 -0.021093950 0.003821728 0.999766350
4.142151 -0.055757072 0.003570881 2.810113668 -0.002363756 -0.022209577 0.002728912 0.999746799
4.243437 -0.058906019 0.004329620 2.867107630 -0.001864031 -0.022949703 0.001887010 0.999733090
4.345966 -0.062135164 0.004520081 2.925569534 -0.002420334 -0.023726970 0.001670642 0.999714136
4.449183 -0.065130107 0.004591678 2.980204582 -0.003453257 -0.024293860 0.000868911 0.999698520
4.552519 -0.068913966 0.004390658 3.035614252 -0.003808817 -0.024368238 -0.000514258 0.999695659
4.656235 -0.071607254 0.004098789 3.089653730 -0.002772426 -0.023715328 -0.002165957 0.999712586
4.760815 -0.073985904 0.004520487 3.141712904 -0.001156692 -0.022955421 -0.003071507 0.999731123
4.863788 -0.076540954 0.004638935 3.194122314 -0.000318197 -0.021925697 -0.003461395 0.999753594
4.966824 -0.079266064 0.005155683 3.246932983 -0.000560701 -0.020245593 -0.004019048 0.999786794
5.073257 -0.081924543 0.004892884 3.297277212 -0.002010556 -0.018594474 -0.006196433 0.999805868
5.174268 -0.084254242 0.004802739 3.348478079 -0.003668709 -0.016651671 -0.008406373 0.999819279
5.277498 -0.086206831 0.005502041 3.397601843 -0.003976084 -0.014623885 -0.011138912 0.999823093
5.381142 -0.087827682 0.005772425 3.445025921 -0.004115738 -0.011903149 -0.012692899 0.999840140
5.484644 -0.089146338 0.005701785 3.491645575 -0.005322960 -0.008965490 -0.014871009 0.999835014
5.588095 -0.090481751 0.005972299 3.536248684 -0.005930318 -0.005672369 -0.017178301 0.999818742
5.691619 -0.090950385 0.006125764 3.579763412 -0.005783709 -0.002142609 -0.018735718 0.999805450
5.795223 -0.091355696 0.006018894 3.619974375 -0.005973748 0.001616610 -0.020632936 0.999767959
5.898736 -0.091446422 0.006186974 3.660568714 -0.005863321 0.005403128 -0.022811102 0.999707997
6.002373 -0.090965837 0.006185750 3.698469877 -0.004645047 0.009149771 -0.024902623 0.999637246
6.105870 -0.091122858 0.006069839 3.732731819 -0.003322258 0.013440008 -0.025953574 0.999567270
6.209506 -0.090196565 0.006705995 3.766624212 -0.003181558 0.017481869 -0.026027741 0.999503255
6.313021 -0.087843105 0.006599464 3.798914433 -0.003973966 0.021253491 -0.025854679 0.999431849
6.416516 -0.085772261 0.006996914 3.829435110 -0.004260672 0.025100613 -0.026551884 0.999323189
6.524037 -0.085236005 0.007236044 3.858782530 -0.004468148 0.029696731 -0.028124845 0.999153197
6.623722 -0.082554959 0.006776521 3.884904861 -0.004444937 0.034042645 -0.030570544 0.998942852
6.727294 -0.081716977 0.006768659 3.908010006 -0.004852498 0.038566228 -0.032661602 0.998710334
6.830809 -0.079541095 0.006330697 3.929645777 -0.005342209 0.043288868 -0.032177977 0.998529971
6.934429 -0.076817989 0.005857642 3.950650454 -0.004684264 0.048735376 -0.031807680 0.998294115
7.038067 -0.073484533 0.006145115 3.970948935 -0.002592655 0.054618761 -0.031115644 0.998018980
7.141701 -0.069299616 0.005760115 3.992128372 -0.000781221 0.061193034 -0.031468119 0.997629464
7.245330 -0.067285493 0.005692771 4.014405727 0.000014300 0.069253758 -0.032291606 0.997076333
7.353300 -0.063518688 0.005292040 4.035347939 0.000318943 0.077460282 -0.033175204 0.996443272
7.452592 -0.060000453 0.005469002 4.057157516 0.000666822 0.086252622 -0.033758365 0.995700955
7.556580 -0.054225747 0.005804301 4.076288223 0.001205093 0.095296264 -0.032748412 0.994909406
7.663357 -0.048914097 0.005266920 4.095671654 0.001058262 0.105122976 -0.032157559 0.993938625
7.763356 -0.043300606 0.004843480 4.113578320 0.001287211 0.115224369 -0.032519642 0.992806196
7.866988 -0.037020642 0.005028636 4.133943081 0.002069881 0.126046747 -0.033558309 0.991454422
7.970621 -0.030086882 0.004911064 4.152260780 0.002749989 0.137599036 -0.033794906 0.989907503
8.074250 -0.022859840 0.004082664 4.172008038 0.002625372 0.150267079 -0.034831095 0.988028169
8.177962 -0.015102261 0.003692274 4.191662788 0.002411711 0.163710520 -0.036288340 0.985837817
8.283921 -0.006196161 0.002791629 4.210934162 0.002262396 0.177816138 -0.037377328 0.983351052
8.385961 0.003868466 0.001806172 4.230038166 0.002280457 0.192793801 -0.037810110 0.980507910
8.488779 0.014363611 0.001639089 4.248697758 0.003087830 0.208724245 -0.036933314 0.977271974
8.593446 0.026337840 0.000957803 4.267094612 0.004228877 0.226230443 -0.035384476 0.973421693
8.696029 0.039143935 0.000326982 4.285022259 0.005985845 0.244621679 -0.034563407 0.968983889
8.799662 0.051765017 -0.000495396 4.302340984 0.007804052 0.263755530 -0.035140872 0.963917673
8.903911 0.067558549 -0.001174496 4.320996761 0.009387289 0.283506751 -0.035700660 0.958259523
9.008027 0.082571730 -0.001531676 4.339450359 0.010324232 0.304368764 -0.036979910 0.951780200
9.110580 0.099523284 -0.002911350 4.357640266 0.010406792 0.325812131 -0.039033171 0.944571078
9.214197 0.119144700 -0.004297173 4.377017021 0.010285113 0.347713649 -0.041266154 0.936635733
9.317832 0.140246123 -0.005504979 4.395796299 0.010634953 0.370574296 -0.041897509 0.927796423
9.421456 0.162652776 -0.007138369 4.414765358 0.010685073 0.394792825 -0.040884376 0.917797863
9.525112 0.188230634 -0.008785710 4.433043957 0.010916857 0.418852687 -0.040248699 0.907096088
9.630085 0.215010673 -0.010248260 4.451255798 0.011196102 0.443675816 -0.040304262 0.895210564
9.732384 0.246072978 -0.011930290 4.468114853 0.012556502 0.468604267 -0.039453547 0.882437408
9.836009 0.278327316 -0.014660571 4.484478951 0.012714833 0.493716508 -0.038673881 0.868669510
9.939685 0.311866283 -0.016517894 4.499704838 0.012183406 0.517884314 -0.038105421 0.854514718
10.043900 0.349728256 -0.018412013 4.513588905 0.010867751 0.541089714 -0.038178224 0.840027511
10.146770 0.388214558 -0.019150805 4.527619839 0.009219646 0.563863277 -0.040047891 0.824845016
10.250360 0.427942604 -0.021973094 4.538183689 0.009707705 0.585149646 -0.040119909 0.809874058
10.353670 0.468701035 -0.024864819 4.545805454 0.012476997 0.605154455 -0.036441676 0.795175731
10.457170 0.511712432 -0.026889207 4.552022934 0.015433752 0.623348415 -0.030701073 0.781188846
10.562990 0.555124223 -0.030512515 4.555836201 0.017616872 0.639926374 -0.028015811 0.767723203
10.664530 0.602326035 -0.031677388 4.562161446 0.019418262 0.655086100 -0.027968399 0.754786670
10.767050 0.650164068 -0.034880824 4.565825939 0.022684351 0.667550027 -0.025661465 0.743776798
10.870220 0.698309541 -0.037565447 4.567133427 0.024453543 0.678423643 -0.022934159 0.733905613
10.973420 0.747170210 -0.040685784 4.568327427 0.026069611 0.687577486 -0.020071331 0.725365222
11.077200 0.799016058 -0.042914253 4.568927765 0.027151547 0.694974780 -0.018513106 0.718282759
11.180190 0.849701941 -0.045607839 4.569058895 0.028476387 0.700743496 -0.018303411 0.712609768
11.284150 0.904339254 -0.048762921 4.569041729 0.028445197 0.705519378 -0.018218515 0.707885146
11.385900 0.957195818 -0.051753253 4.568671703 0.029141994 0.709690213 -0.018018046 0.703680336
11.488980 1.014307022 -0.055523708 4.565908432 0.031441204 0.712747753 -0.017503506 0.700496793
11.592550 1.069687247 -0.058772136 4.564243793 0.033389542 0.715109229 -0.016847257 0.698011518
11.695270 1.128784060 -0.061724618 4.561746597 0.033453453 0.716634393 -0.016437190 0.696452379
11.799490 1.186107635 -0.064079292 4.560017586 0.031811550 0.717866242 -0.016420418 0.695259988
11.901710 1.248521328 -0.068004303 4.558763504 0.028518749 0.718874991 -0.014757376 0.694397330
12.004820 1.308373690 -0.070933186 4.556489468 0.027142836 0.719276071 -0.012281910 0.694085300
12.108000 1.371617198 -0.074301533 4.553516388 0.027090479 0.719465911 -0.010278070 0.693923056
12.211190 1.433945537 -0.078361660 4.551441669 0.028873775 0.719434321 -0.009767657 0.693891346
12.314500 1.497295380 -0.081008561 4.549180984 0.031840485 0.719179511 -0.012267117 0.693985999
12.417650 1.560697198 -0.084506676 4.546715736 0.034929622 0.718225658 -0.014742384 0.694776595
12.521050 1.625840664 -0.087433927 4.545918941 0.035561986 0.717579424 -0.014840935 0.695409834
12.624550 1.693698049 -0.090966403 4.543327808 0.033817634 0.716830075 -0.013594470 0.696294665
12.727430 1.760219693 -0.095041595 4.542823792 0.031352580 0.716114223 -0.011432813 0.697184920
12.830730 1.827107191 -0.100010261 4.541908264 0.030216265 0.715020120 -0.011224031 0.698360384
12.934130 1.893297076 -0.103370085 4.539337635 0.034951232 0.713908434 -0.010591505 0.699286044
13.037710 1.959230900 -0.107060514 4.538257122 0.037475519 0.712674677 -0.011925856 0.700391471
13.141650 2.024617672 -0.110091098 4.535270214 0.035808552 0.711260498 -0.014294024 0.701870263
13.244210 2.092844725 -0.114394449 4.537727833 0.032863446 0.710640311 -0.014859322 0.702630460
13.348030 2.160369158 -0.119804822 4.537111759 0.032922331 0.708998621 -0.011945182 0.704339683
13.452770 2.226289749 -0.124579735 4.536602020 0.034810938 0.707760394 -0.010704584 0.705513120
13.554880 2.292516708 -0.127990752 4.537111759 0.036607854 0.706878483 -0.012405326 0.706278086
13.657960 2.360473156 -0.131284088 4.537375927 0.035892036 0.705408037 -0.013930906 0.707754970
13.761270 2.426482201 -0.136636719 4.538401127 0.035150927 0.704070866 -0.013874128 0.709123492
13.864670 2.493447542 -0.140881255 4.539747715 0.035538848 0.703025639 -0.011387439 0.710184693
13.968170 2.561167955 -0.145345017 4.539116383 0.037408542 0.701611042 -0.010129198 0.711505473
14.071640 2.628603458 -0.150017336 4.540462017 0.039096069 0.700460374 -0.009182589 0.712560534
14.175050 2.696755648 -0.154840887 4.543558598 0.038939208 0.699666679 -0.008982990 0.713351011
14.278600 2.762914896 -0.158411726 4.542919636 0.038948003 0.698156536 -0.008200236 0.714837909
14.382120 2.830543756 -0.163008317 4.545137882 0.039324321 0.696868539 -0.007260861 0.716083169
14.485500 2.897143602 -0.167174444 4.547814369 0.038821615 0.695961654 -0.007940125 0.716984808
14.588970 2.966660023 -0.171338066 4.550606251 0.038618084 0.694757581 -0.009364630 0.718145430
14.692450 3.034286737 -0.175027475 4.553197384 0.039330665 0.693763077 -0.008864613 0.719073951
14.795970 3.101897717 -0.179366276 4.556642056 0.038424354 0.692879736 -0.009594937 0.719964743
14.899490 3.171937227 -0.184036374 4.560500145 0.038054105 0.692019820 -0.010290212 0.720801294
15.002870 3.240632772 -0.189068139 4.564458847 0.036933068 0.691045880 -0.011159319 0.721780479
15.106400 3.308805704 -0.192720160 4.567434311 0.037428226 0.689690053 -0.012304476 0.723032057
15.209870 3.378725767 -0.197867066 4.571686268 0.038189754 0.688507318 -0.013855327 0.724090636
15.313360 3.448501587 -0.202605993 4.575954437 0.039175842 0.687219441 -0.014441965 0.725248992
15.416750 3.518088341 -0.207092673 4.581428528 0.037985921 0.686266959 -0.017249292 0.726152301
15.520220 3.589275837 -0.212341875 4.586441040 0.036144733 0.685140908 -0.018448906 0.727279305
15.623920 3.659294367 -0.217394084 4.591374397 0.037278973 0.683901787 -0.017842930 0.728402495
15.727200 3.730319977 -0.222669914 4.597398281 0.037428729 0.682464778 -0.018652441 0.729721189
15.830620 3.803007126 -0.227776736 4.602984428 0.036436640 0.681163192 -0.020162476 0.730946362
15.934250 3.874147415 -0.232450232 4.608847141 0.035520013 0.679662347 -0.019983081 0.732392073
16.039410 3.946107864 -0.238158643 4.616139889 0.035633978 0.678126276 -0.019840542 0.733812869
16.140910 4.019998550 -0.244024307 4.621689320 0.035789292 0.675933421 -0.021931874 0.735766351
16.244300 4.091866493 -0.249998733 4.628073692 0.038332462 0.673414171 -0.025319083 0.737836659
16.348280 4.165998459 -0.255762786 4.636060238 0.039806779 0.670604944 -0.027380558 0.740239620
16.453450 4.237095356 -0.261898428 4.645453930 0.039280877 0.668005228 -0.030009948 0.742512882
16.554450 4.310826302 -0.269112080 4.655018806 0.037315998 0.665412962 -0.030455785 0.744919837
16.658020 4.384627819 -0.274806172 4.665452957 0.036900975 0.662682235 -0.030024279 0.747388184
16.761400 4.458531380 -0.281644493 4.673986435 0.035462216 0.659751356 -0.028936343 0.750088811
16.864710 4.532577038 -0.288990974 4.684086800 0.032170124 0.657001793 -0.028096957 0.752678037
16.968080 4.608798504 -0.294699401 4.696392536 0.028732091 0.654297233 -0.026043337 0.755242586
17.073430 4.678636074 -0.299344450 4.707911968 0.028285975 0.651527524 -0.024840962 0.757690370
17.175580 4.752235889 -0.305348933 4.720717907 0.029022945 0.648927808 -0.025306763 0.759874940
17.279480 4.823276997 -0.310127199 4.733048916 0.032035913 0.646703601 -0.027385917 0.761576116
17.383340 4.893735409 -0.315735936 4.743950367 0.032921374 0.644202709 -0.028907906 0.763598979
17.485440 4.964011669 -0.322084278 4.757940292 0.033699825 0.642289758 -0.030058457 0.765130520
17.588870 5.032877922 -0.328083873 4.769976616 0.032647684 0.639947116 -0.030674241 0.767112017
17.693880 5.103015900 -0.334138960 4.783703327 0.033021655 0.638220429 -0.028637957 0.768611789
17.795780 5.171791553 -0.339589089 4.796344757 0.030681279 0.636375725 -0.026337538 0.770318747
17.899360 5.240002632 -0.345440507 4.811654568 0.027460404 0.635351896 -0.025130918 0.771325111
18.003090 5.307199478 -0.350248009 4.825356960 0.024964029 0.634042978 -0.024782777 0.772497296
18.106340 5.372810841 -0.355352432 4.839441776 0.024317343 0.632819116 -0.025166661 0.773508370
18.209790 5.437737465 -0.359836876 4.854017735 0.024389429 0.632006168 -0.026663318 0.774120450
18.313370 5.501841068 -0.364701331 4.867815018 0.024557067 0.631204605 -0.029329570 0.774672508
18.417190 5.564827919 -0.369548351 4.881294727 0.026003461 0.630188525 -0.030685775 0.775399685
18.520470 5.626668453 -0.374603182 4.896067619 0.027862031 0.629461586 -0.032667138 0.775844455
18.623970 5.689038277 -0.379905254 4.909348488 0.029041803 0.628692329 -0.032917518 0.776414156
18.727490 5.749506950 -0.384495288 4.923787594 0.028068276 0.628270507 -0.033729821 0.776756465
18.830950 5.809735775 -0.389744490 4.937334061 0.026778761 0.628031433 -0.032923814 0.777029872
18.934680 5.868874073 -0.394896597 4.950266361 0.025898686 0.627801538 -0.031913318 0.777287602
19.038030 5.926623821 -0.399277389 4.962949276 0.025836352 0.627869248 -0.031400587 0.777255893
19.141510 5.985062122 -0.404349238 4.977311134 0.025314216 0.628718615 -0.031146543 0.776596427
19.245500 6.040070534 -0.409255505 4.988046646 0.025025673 0.629225731 -0.031781398 0.776169181
19.351800 6.095940113 -0.413884282 5.000265121 0.025822258 0.630003035 -0.032993522 0.775461674
19.452110 6.149645329 -0.418529630 5.011246204 0.028086545 0.630916119 -0.033571750 0.774615347
19.557750 6.204282284 -0.422500342 5.022110462 0.029424274 0.631402493 -0.032941863 0.774196327
19.660070 6.256800175 -0.427017838 5.032034874 0.028509900 0.632295907 -0.032901317 0.773502767
19.763960 6.309558392 -0.431367874 5.042692184 0.027190363 0.633233428 -0.032225326 0.772811532
19.866980 6.361418724 -0.436105311 5.053471088 0.025639191 0.634353995 -0.030841665 0.772001505
19.969850 6.412973881 -0.440793961 5.063417912 0.026548589 0.635112762 -0.029382145 0.771403670
20.073350 6.461726189 -0.444461644 5.072081089 0.028791633 0.635748744 -0.028473558 0.770833194
20.177180 6.510921001 -0.448384762 5.081025124 0.030988388 0.636816502 -0.027980296 0.769884109
20.280310 6.559868813 -0.451774597 5.090522289 0.031763989 0.637446404 -0.028766267 0.769302070
20.383850 6.609046936 -0.456128061 5.099971771 0.032559831 0.637761712 -0.029602721 0.768975675
20.487640 6.657922745 -0.460400790 5.108711720 0.032564376 0.638362408 -0.028463308 0.768519878
20.590890 6.707042217 -0.464132369 5.116283417 0.034477767 0.637964249 -0.025831789 0.768859923
20.694250 6.756463051 -0.467916250 5.126472950 0.035456456 0.637535989 -0.023876466 0.769233763
20.797730 6.805897713 -0.472230256 5.135537624 0.036151249 0.636710107 -0.022656053 0.769922078
20.902080 6.855531216 -0.475819051 5.145884991 0.035128515 0.635290682 -0.023659775 0.771110833
21.004610 6.906716347 -0.479994178 5.156953335 0.035165638 0.633231759 -0.024078745 0.772787869
21.108200 6.956991673 -0.484242529 5.167741776 0.035217158 0.630628824 -0.023304790 0.774934769
21.213570 7.007984161 -0.487481177 5.179657459 0.034918424 0.627739608 -0.023888782 0.777272820
21.316100 7.060068130 -0.491752237 5.191769123 0.034370948 0.624243140 -0.022808643 0.780140281
21.417970 7.111624718 -0.495826930 5.205595016 0.033061448 0.620887995 -0.023940468 0.782835722
21.524290 7.164651871 -0.499678850 5.218923092 0.032721408 0.616811395 -0.024220861 0.786057413
21.624800 7.217320919 -0.504188240 5.233831406 0.032193631 0.612870991 -0.026923001 0.789067745
21.730330 7.271031857 -0.507929862 5.249620438 0.031996831 0.608922184 -0.028682552 0.792065144
21.833000 7.324954987 -0.512257814 5.266382694 0.031614318 0.604562283 -0.030690813 0.795338333
21.936170 7.379822254 -0.516468167 5.282838821 0.032049257 0.600161195 -0.031561274 0.798613369
22.038410 7.435504913 -0.521367490 5.301142693 0.031180266 0.596164346 -0.032705057 0.801589847
22.141920 7.492573738 -0.526042700 5.320569992 0.031071818 0.591903567 -0.033021953 0.804732382
22.245290 7.549960136 -0.530333459 5.339819908 0.029944448 0.587459326 -0.034610171 0.807958543
22.348790 7.608744621 -0.534333348 5.360827446 0.028624579 0.583025694 -0.032632198 0.811293304
22.452170 7.669166088 -0.538784683 5.382509708 0.027404562 0.578638256 -0.029190132 0.814600945
22.555690 7.729668140 -0.543434322 5.405309200 0.026306028 0.574150324 -0.027402852 0.817868292
22.659440 7.792149544 -0.547968745 5.428762913 0.024709001 0.569544971 -0.026464833 0.821162343
22.762490 7.853485107 -0.552136421 5.453297138 0.026363643 0.565659404 -0.024000427 0.823867917
22.865960 7.919143677 -0.555619597 5.478580952 0.027209124 0.561789274 -0.020195872 0.826586068
22.969530 7.984894276 -0.558815479 5.503870487 0.027531328 0.558807790 -0.014401305 0.828714967
23.072970 8.049708366 -0.563055575 5.529841900 0.027914494 0.555649340 -0.011523453 0.830868125
23.176610 8.115728378 -0.567677915 5.559169769 0.029004326 0.552501857 -0.010626159 0.832939088
23.280040 8.179894447 -0.571024656 5.585700989 0.033178382 0.549004138 -0.011949058 0.835075378
23.384670 8.243206978 -0.574802458 5.613070011 0.037225455 0.545693696 -0.011558378 0.837077677
23.487620 8.307656288 -0.580229759 5.643244267 0.037097983 0.543408990 -0.013292594 0.838542640
23.590650 8.373271942 -0.585231960 5.674046040 0.034940537 0.541122258 -0.015654888 0.840071857
23.694540 8.435438156 -0.590536594 5.704869270 0.033604041 0.539363682 -0.018620620 0.841196060
23.798210 8.498285294 -0.596033752 5.735062122 0.034729835 0.537387788 -0.019942390 0.842383802
23.903510 8.560435295 -0.600885570 5.764631748 0.035385765 0.535502017 -0.022245774 0.843499005
24.004580 8.621461868 -0.606054723 5.794329166 0.035586271 0.533643007 -0.023840338 0.844624460
24.108220 8.681423187 -0.612085998 5.823613167 0.034286182 0.531750083 -0.023707075 0.845874846
24.213210 8.741546631 -0.617456257 5.852887154 0.033415202 0.529886782 -0.022317110 0.847115874
24.315110 8.799471855 -0.622125566 5.882519722 0.032183703 0.528461277 -0.021514431 0.848074317
24.422100 8.856488228 -0.627346158 5.912260532 0.031302962 0.526884675 -0.021773586 0.849081039
24.522420 8.914469719 -0.632452667 5.940529823 0.031240139 0.524967790 -0.022707999 0.850245357
24.625310 8.969481468 -0.637579679 5.969296455 0.031900305 0.523794413 -0.022509573 0.850949526
24.728750 9.024796486 -0.642157018 5.997544289 0.032081518 0.522751749 -0.021513140 0.851609409
24.832200 9.080278397 -0.646674395 6.023576736 0.032444410 0.521561027 -0.020850480 0.852341890
24.935580 9.133925438 -0.651391029 6.053890705 0.031940665 0.521043420 -0.020901240 0.852676213
25.039090 9.185617447 -0.656158328 6.081167698 0.032262370 0.520181000 -0.020507235 0.853200018
25.142500 9.236732483 -0.660394073 6.107542038 0.032902833 0.518935978 -0.020938616 0.853922963
25.245970 9.288089752 -0.665119290 6.134942055 0.034371126 0.517582119 -0.020029910 0.854708254
25.349360 9.338324547 -0.669196725 6.160721302 0.035127632 0.515975237 -0.019364977 0.855663836
25.452750 9.387368202 -0.673485398 6.188412189 0.035919737 0.514648259 -0.017921807 0.856461227
25.556300 9.435112953 -0.677135825 6.214007378 0.036641151 0.513081074 -0.017107230 0.857387066
25.659630 9.481628418 -0.682485521 6.238097668 0.036198679 0.511367083 -0.016831074 0.858434677
25.763160 9.528017998 -0.685634911 6.262277126 0.036498111 0.509429812 -0.016281437 0.859583616
25.866530 9.573332787 -0.689301431 6.286193371 0.037359431 0.507588208 -0.015543874 0.860649109
25.970230 9.619863510 -0.695136011 6.315994740 0.037416272 0.506182730 -0.016112233 0.861463606
26.074530 9.665647507 -0.698247135 6.339953423 0.038994566 0.503836632 -0.015570996 0.862777889
26.177790 9.710823059 -0.703399897 6.366115093 0.039432138 0.501319051 -0.017161690 0.864193201
26.280040 9.754830360 -0.707597375 6.392579556 0.040914916 0.498578399 -0.019738063 0.865653515
26.384510 9.798792839 -0.711155832 6.420440674 0.042354263 0.495521903 -0.023392888 0.867246747
26.486950 9.842839241 -0.715878308 6.446410656 0.043215219 0.492019236 -0.026633643 0.869103074
26.590190 9.886582375 -0.720366716 6.473304272 0.043998834 0.488350391 -0.028785443 0.871062219
26.693580 9.931132317 -0.725273311 6.504586697 0.042060904 0.485933036 -0.030254159 0.872458994
26.796950 9.975625992 -0.730263889 6.535367489 0.038377639 0.483323783 -0.031971551 0.874015510
26.900360 10.021676064 -0.735394478 6.566936493 0.033959098 0.480272561 -0.032967541 0.875841439
27.003850 10.067626953 -0.739916027 6.595341206 0.030242451 0.476549208 -0.034003172 0.877969265
27.107250 10.114770889 -0.744299352 6.630712032 0.027859692 0.473818809 -0.034423638 0.879508138
27.210600 10.160383224 -0.746717691 6.659839153 0.028119912 0.469730824 -0.036468133 0.881607831
27.313990 10.209211349 -0.751695931 6.695309639 0.027852654 0.466392636 -0.038878262 0.883283973
27.417420 10.256957054 -0.756290793 6.733454704 0.028365318 0.463487774 -0.040462889 0.884724379
27.520750 10.308255196 -0.761383772 6.768589020 0.028299557 0.459866613 -0.041947618 0.886545122
27.624170 10.357175827 -0.764331877 6.804525375 0.027973110 0.456128597 -0.042694200 0.888448894
27.727690 10.409496307 -0.768288970 6.848948956 0.025826439 0.453352392 -0.045699012 0.889784396
27.831080 10.459182739 -0.774315417 6.886332989 0.024345700 0.449153781 -0.045138761 0.891981363
27.934460 10.514689445 -0.780043781 6.926018715 0.023152322 0.444697380 -0.044210073 0.894289494
28.037820 10.565080643 -0.785363019 6.968281746 0.023082092 0.440638542 -0.044115506 0.896302819
28.141050 10.617741585 -0.791747272 7.010279179 0.021648215 0.435710162 -0.045421109 0.898679554
28.244420 10.674529076 -0.794219136 7.057422161 0.022222534 0.431673318 -0.046320710 0.900565743
28.348030 10.728117943 -0.798985481 7.100975037 0.021528125 0.427194268 -0.047026403 0.902679384
28.451340 10.778494835 -0.803948700 7.144344330 0.020938851 0.423604339 -0.046585310 0.904406309
28.554810 10.841206551 -0.808421910 7.197359085 0.021235391 0.422335058 -0.045942221 0.905025661
28.660870 10.896714211 -0.813222945 7.245553970 0.022130847 0.420278281 -0.044002011 0.906057537
28.761830 10.955488205 -0.818615019 7.294967651 0.022830036 0.418533742 -0.041640140 0.906958878
28.866830 11.013183594 -0.823190987 7.344354630 0.023882942 0.416673720 -0.037908908 0.907951295
28.970690 11.072537422 -0.828159750 7.394621849 0.024097160 0.414386392 -0.034460153 0.909129143
29.073550 11.132268906 -0.832979560 7.446778774 0.024172800 0.412896752 -0.031477679 0.909912646
29.176740 11.190362930 -0.838272214 7.499258041 0.023431938 0.410841733 -0.031104762 0.910874605
29.279330 11.250231743 -0.843204856 7.552619457 0.024122983 0.408998668 -0.031378735 0.911676228
29.384830 11.307855606 -0.847246468 7.608133793 0.023785478 0.407314062 -0.034298923 0.912333846
29.486390 11.368160248 -0.852070928 7.662062645 0.022239733 0.404799998 -0.037018616 0.913384914
29.589380 11.427762985 -0.856411815 7.718035221 0.020446461 0.403104067 -0.036100563 0.914213240
29.692890 11.487436295 -0.861633301 7.774137497 0.016721731 0.400996834 -0.035995249 0.915219247
29.796330 11.548200607 -0.866266251 7.831828117 0.013519372 0.398923695 -0.034510542 0.916234791
29.899820 11.607357025 -0.869841874 7.887968063 0.012640478 0.396153152 -0.032555226 0.917520046
30.003170 11.668128014 -0.873816967 7.945340157 0.014425131 0.393331081 -0.030085180 0.918791294
30.106560 11.727779388 -0.877104044 8.002876282 0.019462721 0.390298158 -0.026521422 0.920100629
30.211630 11.786880493 -0.881849289 8.059043884 0.024168005 0.386848420 -0.025024178 0.921486855
30.313330 11.846749306 -0.885472000 8.118869781 0.026779538 0.383221179 -0.024868449 0.922933340
30.416690 11.905889511 -0.890758276 8.177879333 0.025558060 0.379450262 -0.022487180 0.924585640
30.520070 11.963568687 -0.896232724 8.239772797 0.025052249 0.376058787 -0.019702161 0.926047504
30.623580 12.024636269 -0.900808454 8.300930023 0.026235556 0.372218877 -0.017725842 0.927604735
30.726980 12.081686020 -0.905593634 8.361229897 0.029312279 0.369038939 -0.017459257 0.928787529
30.830330 12.140300751 -0.910822868 8.425736427 0.029852878 0.366752207 -0.018081220 0.929663718
30.933840 12.198668480 -0.915856183 8.488653183 0.029801140 0.364643812 -0.016604437 0.930521965
31.037350 12.257761955 -0.921035767 8.552380562 0.028446406 0.362899601 -0.014289006 0.931284308
31.142770 12.316442490 -0.925642967 8.615674019 0.027893785 0.361876458 -0.012044268 0.931730807
31.244240 12.375095367 -0.930501103 8.680222511 0.027075727 0.361684918 -0.010016519 0.931853354
31.347740 12.433422089 -0.934882104 8.744699478 0.026634865 0.361449212 -0.009794024 0.931959867
31.451260 12.491467476 -0.939535797 8.809661865 0.025972582 0.361560941 -0.010093116 0.931931973
31.555590 12.549948692 -0.943975627 8.874107361 0.026423985 0.361914337 -0.011386714 0.931767225
31.661730 12.607742310 -0.948602557 8.938355446 0.026221137 0.362658262 -0.013161170 0.931460261
31.763200 12.665811539 -0.953357220 9.002140045 0.026315115 0.363727212 -0.015142758 0.931010604
31.865880 12.723782539 -0.958059072 9.067473412 0.025272073 0.365362048 -0.016992161 0.930367231
31.970850 12.783577919 -0.962952554 9.131110191 0.024640556 0.366577744 -0.017990157 0.929887056
32.074110 12.840759277 -0.967674971 9.194464684 0.023522919 0.368463099 -0.018205918 0.929166436
32.176640 12.900272369 -0.971233010 9.257593155 0.022117179 0.370014459 -0.018075017 0.928586841
32.280170 12.960160255 -0.975880265 9.320880890 0.021857860 0.371948808 -0.016549394 0.927848279
32.382560 13.017750740 -0.981631100 9.381163597 0.023941163 0.373835087 -0.017472774 0.927021503
32.486110 13.075055122 -0.985877872 9.441065788 0.026974434 0.375888079 -0.021718180 0.926017702
32.589890 13.133704185 -0.990922332 9.504266739 0.029417526 0.378328860 -0.024524547 0.924878597
32.694680 13.192545891 -0.995832980 9.563530922 0.027420223 0.380606949 -0.024469325 0.924006343
32.796560 13.252490044 -1.001452923 9.624771118 0.024285290 0.382987171 -0.024856910 0.923099756
32.902290 13.311276436 -1.005935192 9.683590889 0.021683792 0.385266513 -0.024987165 0.922212124
33.003430 13.370087624 -1.010958195 9.741434097 0.021936581 0.387371749 -0.024466820 0.921337724
33.106800 13.428925514 -1.015671968 9.799263954 0.021927983 0.389378607 -0.023819437 0.920508623
33.211600 13.488438606 -1.020752311 9.855926514 0.023656825 0.391240478 -0.022301003 0.919714034
33.314720 13.548744202 -1.025166154 9.913431168 0.025385229 0.393552929 -0.021170143 0.918707490
33.417090 13.609524727 -1.029586673 9.970624924 0.027586371 0.395907372 -0.020636104 0.917644024
33.520520 13.668764114 -1.034697294 10.025799751 0.027288126 0.398522615 -0.021021586 0.916511416
33.623980 13.729437828 -1.040353060 10.084036827 0.026635628 0.401081711 -0.022268359 0.915384114
33.727760 13.792072296 -1.044715524 10.139530182 0.026990455 0.403700888 -0.021713614 0.914234996
33.830820 13.851333618 -1.049785733 10.192070007 0.026718009 0.407160848 -0.023225386 0.912670135
33.934650 13.912045479 -1.054921746 10.248353004 0.028507030 0.411048979 -0.026365185 0.910785913
34.037880 13.973731995 -1.059628129 10.302223206 0.030448832 0.414359272 -0.028113708 0.909169316
34.142230 14.036217690 -1.065785170 10.355367661 0.031081418 0.418073416 -0.029843906 0.907390714
34.244700 14.099582672 -1.071878076 10.410218239 0.026904367 0.422318280 -0.028590124 0.905597031
34.348070 14.166932106 -1.076440096 10.467402458 0.021186212 0.426466465 -0.029091960 0.903787076
34.451590 14.232328415 -1.081712127 10.520880699 0.018647308 0.430574000 -0.027543731 0.901942134
34.555090 14.301901817 -1.086043119 10.575257301 0.016351217 0.434244961 -0.028859066 0.900183916
34.659100 14.366042137 -1.090593815 10.626139641 0.017795129 0.438783705 -0.029145202 0.897943616
34.764710 14.434589386 -1.095032096 10.678725243 0.020865263 0.442754120 -0.027720878 0.895971537
34.866170 14.502130508 -1.099557877 10.729678154 0.026225971 0.446245402 -0.029587906 0.894036770
34.969030 14.572091103 -1.104553223 10.783160210 0.028667726 0.450868785 -0.029335365 0.891647339
35.074860 14.642473221 -1.111127138 10.832630157 0.027461538 0.454739094 -0.027389323 0.889779747
35.176790 14.711295128 -1.116655111 10.884289742 0.026349733 0.459249496 -0.024473898 0.887579083
35.279490 14.782573700 -1.123888135 10.932513237 0.025647648 0.462856501 -0.024174327 0.885732234
35.382770 14.853632927 -1.130097032 10.980918884 0.025264855 0.466402024 -0.025093865 0.883855820
35.486280 14.924348831 -1.133737326 11.025445938 0.026945133 0.469170749 -0.023348439 0.882387459
35.589680 14.993318558 -1.136271119 11.071247101 0.026934758 0.472000033 -0.020749856 0.880942643
35.693160 15.063209534 -1.144881487 11.117419243 0.025012095 0.474684000 -0.019389009 0.879587173
35.796540 15.132090569 -1.149848580 11.161828995 0.023536505 0.476780057 -0.019449027 0.878492177
35.900040 15.198517799 -1.154596090 11.206505775 0.024362417 0.479563385 -0.020187778 0.876936615
36.006010 15.267351151 -1.161627769 11.250814438 0.025782799 0.481401622 -0.020767761 0.875874698
36.108200 15.333370209 -1.164425850 11.291207314 0.028978867 0.482634455 -0.022575773 0.875051141
36.210300 15.399062157 -1.169329762 11.332751274 0.029115655 0.484349459 -0.024015872 0.874060154
36.313700 15.466515541 -1.174353957 11.373153687 0.027165305 0.485393792 -0.022156229 0.873592615
36.417070 15.532050133 -1.179651022 11.415018082 0.024508256 0.486848563 -0.019044502 0.872934759
36.520460 15.597424507 -1.183656454 11.453877449 0.024497859 0.488028437 -0.016135894 0.872334659
36.623970 15.661660194 -1.188688993 11.493961334 0.026106045 0.489631772 -0.014164248 0.871423304
36.727360 15.724802971 -1.192517400 11.531858444 0.028160702 0.490742743 -0.014494882 0.870728672
36.830740 15.787054062 -1.198314548 11.568637848 0.030131001 0.491400152 -0.017316720 0.870240271
36.934690 15.849424362 -1.203534245 11.607956886 0.033446196 0.492550224 -0.020326644 0.869403481
37.040370 15.911746025 -1.208795667 11.646139145 0.035895769 0.493894190 -0.019446200 0.868563116
37.141020 15.973207474 -1.212412834 11.681338310 0.032886200 0.494909912 -0.017839860 0.868138433
37.244700 16.034145355 -1.217498779 11.717287064 0.025106357 0.496393323 -0.017900933 0.867549956
37.347880 16.094814301 -1.221982360 11.755227089 0.019660486 0.498099506 -0.018864376 0.866691709
37.451400 16.153720856 -1.225720406 11.790420532 0.020237602 0.499002904 -0.019835483 0.866136909
37.554790 16.212379456 -1.229575872 11.824491501 0.022607254 0.500134110 -0.019953556 0.865422785
37.658150 16.273105621 -1.233673453 11.858819962 0.024238458 0.501551390 -0.019960025 0.864557862
37.761670 16.331066132 -1.236432433 11.891894341 0.023837153 0.502770722 -0.019749580 0.863865376
37.865070 16.389762878 -1.241959453 11.925860405 0.022602465 0.504085839 -0.019785928 0.863130987
37.968550 16.446922302 -1.245620131 11.958102226 0.022498211 0.505226612 -0.019621460 0.862470210
38.072390 16.502838135 -1.249699831 11.989494324 0.023278974 0.506583691 -0.019263322 0.861661196
38.176120 16.558952332 -1.253450751 12.020136833 0.024338596 0.508411109 -0.019465093 0.860550344
38.278810 16.615144730 -1.258161068 12.050946236 0.024774166 0.510517597 -0.019987235 0.859277904
38.382320 16.669471741 -1.260911822 12.080964088 0.026003137 0.512825906 -0.020755798 0.857847691
38.485830 16.723159790 -1.264491677 12.108937263 0.027111784 0.514980793 -0.021547716 0.856501877
38.589330 16.777290344 -1.269406557 12.137667656 0.028831184 0.517819762 -0.021768857 0.854726613
38.692720 16.831932068 -1.274096847 12.163985252 0.030653773 0.520390332 -0.022021636 0.853093982
38.796340 16.888610840 -1.277439952 12.194379807 0.031213149 0.523987472 -0.023496019 0.850829482
38.899920 16.943523407 -1.280947685 12.224069595 0.029889109 0.527331531 -0.025527360 0.848749936
39.003240 17.001934052 -1.286373258 12.251255989 0.028577313 0.530064225 -0.026923338 0.847048044
39.106870 17.058845520 -1.289958954 12.279398918 0.029028881 0.533102572 -0.027517123 0.845104635
39.210380 17.116996765 -1.294954538 12.305396080 0.029874574 0.535977840 -0.028699834 0.843214989
39.313880 17.175281525 -1.300652981 12.333451271 0.030153275 0.539595306 -0.030933511 0.840815544
39.417430 17.234416962 -1.305607796 12.360522270 0.030650333 0.542910695 -0.032795146 0.838589907
39.520900 17.295558929 -1.310659170 12.387607574 0.031248203 0.546200395 -0.033886299 0.836385310
39.624300 17.356403351 -1.316052556 12.414191246 0.031912033 0.549544513 -0.035051633 0.834118545
39.727990 17.418603897 -1.321736574 12.441225052 0.032177988 0.552990139 -0.036170822 0.831780076
39.831290 17.483844757 -1.327257156 12.466532707 0.033857819 0.555927992 -0.035384174 0.829786479
39.934800 17.547948837 -1.333012819 12.492732048 0.034160364 0.559394896 -0.034482881 0.827478886
40.038300 17.612588882 -1.339399934 12.519008636 0.033132892 0.563040733 -0.033046257 0.825103164
40.141680 17.681171417 -1.344921708 12.545190811 0.031530723 0.566168010 -0.033104025 0.823021114
40.245190 17.749601364 -1.350457191 12.570933342 0.030001968 0.569044113 -0.031717300 0.821147203
40.350540 17.820293427 -1.355944157 12.596446991 0.029980332 0.571710706 -0.029584112 0.819373429
40.452080 17.892021179 -1.361429214 12.622715950 0.027029056 0.574171603 -0.027882520 0.817813575
40.556060 17.964061737 -1.366710544 12.648531914 0.025259852 0.576731443 -0.025737628 0.816137433
40.660160 18.037042618 -1.371883273 12.673245430 0.026711952 0.578840137 -0.024741894 0.814627767
40.764080 18.109514236 -1.376827240 12.697902679 0.031835631 0.580764055 -0.025391882 0.813052773
40.865860 18.181339264 -1.382023573 12.720641136 0.038131040 0.582523167 -0.028046824 0.811434627
40.969360 18.257085800 -1.388484001 12.746440887 0.043721609 0.584285975 -0.027763471 0.809893489
41.072760 18.332031250 -1.395610571 12.769328117 0.044275317 0.586149395 -0.024288891 0.808627605
41.176820 18.412277222 -1.402024984 12.794905663 0.043642048 0.588244021 -0.020203765 0.807252228
41.282760 18.489677429 -1.410554171 12.817181587 0.042228457 0.590235651 -0.016883900 0.805948853
41.385110 18.565217972 -1.416480899 12.842522621 0.043248083 0.592256427 -0.020650521 0.804323018
41.486770 18.648044586 -1.423192143 12.869221687 0.045252789 0.594025970 -0.024802819 0.802788973
41.592690 18.727334976 -1.430341363 12.894321442 0.045006718 0.595960736 -0.026973605 0.801297486
41.693290 18.808448792 -1.437934399 12.919409752 0.041637234 0.598476946 -0.026545143 0.799616814
41.796670 18.887250900 -1.444687247 12.942760468 0.039140608 0.600826144 -0.026955338 0.797965705
41.900180 18.967912674 -1.452898026 12.964431763 0.039244439 0.602978706 -0.026686486 0.796344399
42.003560 19.050035477 -1.459771037 12.988497734 0.040264256 0.605015874 -0.028774301 0.794673920
42.106940 19.129777908 -1.467010021 13.010467529 0.041427176 0.607111394 -0.028112914 0.793037951
42.210320 19.217794418 -1.473312497 13.035240173 0.042971797 0.608872116 -0.026890954 0.791647077
42.313830 19.299585342 -1.482907295 13.053903580 0.043114111 0.610317171 -0.024898749 0.790591002
42.417600 19.387905121 -1.490058303 13.078083992 0.043069240 0.611873984 -0.025151670 0.789381206
42.520590 19.472917557 -1.498184323 13.100394249 0.043010559 0.613220513 -0.024838494 0.788348734
42.623970 19.557176590 -1.504946470 13.123055458 0.041738667 0.614358664 -0.025273526 0.787516773
42.727360 19.646263123 -1.513884783 13.144049644 0.040834781 0.615279555 -0.024127090 0.786880851
42.830730 19.733814240 -1.521835923 13.167252541 0.039392326 0.616186500 -0.025322972 0.786206841
42.934150 19.821022034 -1.530321360 13.190749168 0.039679203 0.617062271 -0.026688579 0.785459995
43.037390 19.902088165 -1.538013220 13.210300446 0.039671298 0.617786884 -0.027613515 0.784858644
43.140760 19.988365173 -1.544783354 13.231513023 0.039812312 0.618488252 -0.027560731 0.784300745
43.244710 20.076850891 -1.552880049 13.252921104 0.039394636 0.618987024 -0.027758826 0.783921301
43.347610 20.163988113 -1.561866522 13.272697449 0.037762176 0.619386077 -0.025224838 0.783771992
43.450910 20.249355316 -1.570374250 13.293892860 0.038089298 0.620257676 -0.024224268 0.783098221
43.555160 20.328416824 -1.576565385 13.313601494 0.037635848 0.621159494 -0.025280509 0.782371581
43.660340 20.412555695 -1.582385540 13.331905365 0.040814143 0.621653020 -0.027576063 0.781742454
43.762280 20.501142502 -1.590213180 13.355264664 0.041689139 0.622533143 -0.028278507 0.780970454
43.865300 20.583120346 -1.601000547 13.371496201 0.041509837 0.623425007 -0.028513115 0.780259728
43.971430 20.659528732 -1.608672500 13.391722679 0.039234422 0.624845684 -0.027855553 0.779264152
44.071640 20.759508133 -1.617400169 13.414457321 0.036980547 0.625867665 -0.026822738 0.778590143
44.176790 20.839134216 -1.624126911 13.428551674 0.035707716 0.627318859 -0.024419894 0.777560055
44.278660 20.921319962 -1.631958961 13.447130203 0.035245802 0.629040062 -0.024783261 0.776177883
44.382090 21.004932404 -1.638573766 13.466151237 0.035616551 0.630909383 -0.025663005 0.774613619
44.485720 21.091014862 -1.645576239 13.482965469 0.036014117 0.632299364 -0.025747409 0.773458183
44.589150 21.175668716 -1.653185964 13.500450134 0.035724424 0.634215534 -0.025152551 0.771920800
44.692960 21.259496689 -1.660495639 13.516691208 0.035514176 0.635595381 -0.024724873 0.770808637
44.796760 21.343761444 -1.666412830 13.532833099 0.034997214 0.637105584 -0.025067795 0.769573450
44.899580 21.428998947 -1.674354196 13.549317360 0.034537040 0.638645649 -0.025736155 0.768294632
45.003060 21.511566162 -1.681137800 13.566428185 0.033789821 0.640470982 -0.027106684 0.766759634
45.107140 21.598091125 -1.687372684 13.580626488 0.032747332 0.641689062 -0.027679447 0.765765369
45.209900 21.683113098 -1.693494916 13.596407890 0.031458639 0.643194735 -0.029589329 0.764483690
45.313460 21.766681671 -1.700916409 13.611524582 0.031300902 0.644295216 -0.032882284 0.763428271
45.416890 21.850315094 -1.707028866 13.626358986 0.032193799 0.645571709 -0.036075722 0.762167454
45.520350 21.933933258 -1.715472341 13.641278267 0.032405648 0.646926403 -0.036572665 0.760985255
45.623680 22.020145416 -1.724446654 13.654833794 0.030901931 0.648091674 -0.035597567 0.760102034
45.727180 22.102203369 -1.731152058 13.668830872 0.029738531 0.649488866 -0.034737658 0.758994818
45.830550 22.186180115 -1.738019466 13.682789803 0.028620383 0.650831938 -0.033854786 0.757926464
45.933940 22.269281387 -1.744966149 13.695695877 0.028951725 0.652144492 -0.033095367 0.756818354
46.037440 22.350822449 -1.753166795 13.708027840 0.029238002 0.653553367 -0.031593487 0.755655348
46.140840 22.435825348 -1.759125590 13.720515251 0.029390965 0.655093193 -0.033523656 0.754231572
46.244200 22.517766953 -1.766356230 13.732264519 0.030216064 0.656842589 -0.034428559 0.752635002
46.347740 22.603439331 -1.772577882 13.743424416 0.031995680 0.658876896 -0.030137338 0.750965536
46.451100 22.687284470 -1.778770804 13.753705025 0.029953854 0.660555661 -0.028750958 0.749628127
46.554470 22.772260666 -1.785911202 13.765242577 0.030962106 0.662615359 -0.028404459 0.747780323
46.657980 22.854068756 -1.792657256 13.774912834 0.036238253 0.664012969 -0.031941026 0.746159077
46.761380 22.934408188 -1.800212741 13.783910751 0.041425597 0.665866792 -0.035318132 0.744081974
46.864950 23.016485214 -1.808781147 13.792737007 0.042084448 0.667838454 -0.037498754 0.742168844
46.968250 23.099309921 -1.816845536 13.802801132 0.038378637 0.670089245 -0.037517041 0.740337789
47.071770 23.182157516 -1.825002551 13.810272217 0.035159241 0.671912849 -0.035857037 0.738925695
47.175200 23.263929367 -1.833206654 13.819545746 0.032768939 0.674167037 -0.035126735 0.737015009
47.278520 23.346033096 -1.841360450 13.825640678 0.031563766 0.676096976 -0.035865601 0.735262036
47.382040 23.427371979 -1.849087000 13.833230972 0.029193034 0.678864658 -0.036490984 0.732774794
47.485460 23.509109497 -1.855977058 13.839772224 0.026164558 0.681514919 -0.036395915 0.730430126
47.588920 23.592418671 -1.863279462 13.845397949 0.023792149 0.684118867 -0.036440741 0.728071034
47.692300 23.673521042 -1.869507909 13.851255417 0.026249206 0.686701715 -0.035271332 0.725608468
47.795800 23.753311157 -1.878513336 13.855255127 0.028122095 0.688971162 -0.035869420 0.723354161
47.899190 23.833702087 -1.883012533 13.856863022 0.029413991 0.691102147 -0.036585014 0.721230984
48.002630 23.914442062 -1.890021086 13.861393929 0.029066700 0.693640947 -0.035728484 0.718846858
48.105950 23.995374680 -1.896819830 13.863502502 0.027645985 0.695729136 -0.035419457 0.716897547
48.209330 24.075469971 -1.903617382 13.864698410 0.027697649 0.697934389 -0.034526583 0.714792550
48.312780 24.155996323 -1.910512328 13.866146088 0.029306825 0.699696124 -0.034459155 0.713007033
48.416100 24.237993240 -1.916891456 13.868741035 0.030569654 0.701422513 -0.035945836 0.711181998
48.519480 24.318944931 -1.924208999 13.870826721 0.031890072 0.702834845 -0.035656501 0.709742785
48.622870 24.397689819 -1.930831194 13.870179176 0.033110041 0.703673899 -0.033674464 0.708951890
48.726120 24.479600906 -1.937530398 13.870570183 0.033176299 0.704345882 -0.032171372 0.708351016
48.829380 24.559896469 -1.946030259 13.870772362 0.033250745 0.705220163 -0.030387318 0.707556009
48.932760 24.638204575 -1.952262282 13.871372223 0.033428296 0.705837667 -0.029481515 0.706969976
49.036150 24.717552185 -1.959339619 13.871435165 0.034564801 0.706251025 -0.029261930 0.706511497
49.139410 24.801988602 -1.965986371 13.869353294 0.036165088 0.706045449 -0.029141735 0.706641793
49.242780 24.876216888 -1.973056436 13.870987892 0.037789784 0.706154466 -0.028370649 0.706479251
49.346620 24.953956604 -1.980783463 13.872679710 0.038400378 0.706055820 -0.028282659 0.706548452
49.452210 25.030815125 -1.987518191 13.871403694 0.039216317 0.705390155 -0.027782096 0.707188010
49.553030 25.106618881 -1.994664550 13.870255470 0.040050842 0.704378486 -0.026714154 0.708190084
49.656580 25.182447433 -2.001946688 13.872645378 0.039848018 0.704000354 -0.026094776 0.708600521
49.759580 25.257610321 -2.008432627 13.873930931 0.039496180 0.703172028 -0.025286317 0.709471405
49.863540 25.334417343 -2.015559673 13.874258041 0.038336642 0.702007711 -0.024177579 0.710725605
49.966330 25.403959274 -2.021554232 13.876428604 0.037160959 0.700944364 -0.023197209 0.711869359
50.069330 25.479885101 -2.028317213 13.877244949 0.035807405 0.699478388 -0.023055859 0.713383675
50.172720 25.546394348 -2.034342527 13.881363869 0.034270834 0.698337853 -0.024680827 0.714521229
50.276120 25.617597580 -2.040076256 13.883666039 0.033885591 0.696936727 -0.026061337 0.715857387
50.379340 25.684463501 -2.045946360 13.886327744 0.033795994 0.695461929 -0.025938679 0.717298925
50.483680 25.754198074 -2.051970243 13.888254166 0.032881048 0.694044113 -0.025045721 0.718744993
50.586570 25.820337296 -2.057226181 13.892202377 0.030958749 0.692997158 -0.024919122 0.719844162
50.691000 25.886899948 -2.062575102 13.895205498 0.029424004 0.691613078 -0.025219258 0.721227825
50.793430 25.951107025 -2.067697287 13.898784637 0.030141719 0.690239668 -0.025152992 0.722515047
50.896200 26.014499664 -2.072807789 13.901883125 0.030802432 0.688724458 -0.025259759 0.723927975
50.999580 26.074623108 -2.077464819 13.905771255 0.031273108 0.687439740 -0.026300715 0.725090981
51.103000 26.134357452 -2.082229853 13.909439087 0.032141514 0.686200023 -0.027667886 0.726175606
51.206270 26.194116592 -2.087435484 13.914491653 0.030966809 0.685190022 -0.028848384 0.727133751
51.309660 26.252721786 -2.092340708 13.918558121 0.030556208 0.683880806 -0.029700534 0.728348315
51.413610 26.308254242 -2.097275019 13.923300743 0.029867314 0.682744265 -0.030210095 0.729421377
51.516920 26.364494324 -2.101960897 13.927422523 0.029465480 0.681439340 -0.030418787 0.730648279
51.622300 26.418626785 -2.106292963 13.931934357 0.029567476 0.680198312 -0.031201532 0.731766701
51.723400 26.471250534 -2.110720634 13.936518669 0.029637089 0.679155529 -0.033365361 0.732636452
51.826760 26.523340225 -2.115165710 13.940936089 0.028961109 0.678162158 -0.033742253 0.733565748
51.930130 26.574764252 -2.120235205 13.945338249 0.028596956 0.676867723 -0.033927277 0.734766066
52.033540 26.626619339 -2.124500751 13.950387955 0.027986588 0.675773263 -0.034035746 0.735791266
52.136910 26.676900864 -2.128810883 13.955154419 0.028362645 0.674729884 -0.034200069 0.736726224
52.240390 26.725833893 -2.133352518 13.959749222 0.028344773 0.673511565 -0.034680240 0.737818420
52.343730 26.773096085 -2.137533188 13.965619087 0.028458243 0.672672391 -0.035429284 0.738543630
52.447130 26.819984436 -2.141501665 13.970729828 0.029079458 0.671811223 -0.035974495 0.739276588
52.550540 26.865215302 -2.145762682 13.975302696 0.029453153 0.670967937 -0.036440991 0.740004420
52.654640 26.911157608 -2.149562120 13.980708122 0.029511306 0.670438349 -0.037111323 0.740448654
52.757460 26.956731796 -2.152805805 13.985737801 0.030119786 0.669853747 -0.037920274 0.740912139
52.860930 27.000797272 -2.157066345 13.990461349 0.030165840 0.669453323 -0.038642284 0.741234839
52.964300 27.045967102 -2.161481142 13.995766640 0.030734083 0.669386446 -0.038615443 0.741273284
53.067800 27.092243195 -2.165552855 14.000626564 0.030848512 0.669666231 -0.038707502 0.741010964
53.171240 27.137651443 -2.169757843 14.006050110 0.029934349 0.670037627 -0.039066941 0.740693808
53.274690 27.183469772 -2.173685074 14.010909081 0.029178558 0.670546889 -0.038987547 0.740267158
53.378120 27.231302261 -2.177983761 14.015658379 0.030047256 0.671214402 -0.038637806 0.739645541
53.481550 27.277637482 -2.182432413 14.020332336 0.032032881 0.671993375 -0.038814381 0.738845229
53.585110 27.325742722 -2.187526703 14.023339272 0.035801668 0.672508419 -0.038007479 0.738245308
53.688500 27.375013351 -2.191467285 14.027867317 0.038461782 0.673286200 -0.038899183 0.737355530
53.792070 27.424928665 -2.196359396 14.031813622 0.039265316 0.674154282 -0.040124454 0.736453831
53.895510 27.474645615 -2.199590921 14.037510872 0.039279629 0.675012589 -0.040551789 0.735643029
53.999020 27.528570175 -2.205705404 14.040547371 0.039734967 0.675601542 -0.038078137 0.735209942
54.102390 27.582033157 -2.211138010 14.043466568 0.041322250 0.676263273 -0.033197153 0.734750509
54.205940 27.636680603 -2.217267752 14.048145294 0.041489035 0.677092850 -0.032403298 0.734012187
54.309430 27.693380356 -2.222470045 14.053344727 0.041051939 0.678016007 -0.034783036 0.733075142
54.412740 27.749559402 -2.227395058 14.058081627 0.040804118 0.678768039 -0.036332589 0.732317507
54.516280 27.805797577 -2.232900858 14.061821938 0.041828156 0.679280162 -0.034361176 0.731879890
54.619690 27.864797592 -2.238443375 14.064942360 0.042839184 0.679768801 -0.031864945 0.731480539
54.723200 27.925674438 -2.243549347 14.068841934 0.043596823 0.680251956 -0.031500537 0.731002271
54.826640 27.985328674 -2.249664545 14.073979378 0.042320728 0.681197643 -0.033546142 0.730104983
54.930030 28.045040131 -2.254504681 14.077526093 0.042680070 0.681849480 -0.034747232 0.729419172
55.033520 28.108886719 -2.261133909 14.082359314 0.043159105 0.682234466 -0.036264203 0.728956997
55.136960 28.171808243 -2.267907619 14.086841583 0.044394821 0.682959080 -0.036740202 0.728179991
55.240380 28.237844467 -2.273625135 14.091021538 0.042780545 0.683491409 -0.037310936 0.727748036
55.343740 28.303455353 -2.280595064 14.096623421 0.040935788 0.684457242 -0.038810726 0.726867437
55.447050 28.371185303 -2.288546562 14.101045609 0.040920936 0.685076952 -0.039065614 0.726270497
55.550620 28.433980942 -2.294899464 14.103766441 0.044364821 0.685492158 -0.039130665 0.725672841
55.653990 28.505060196 -2.302877426 14.109441757 0.046916980 0.686067224 -0.041146375 0.724856913
55.757510 28.574451447 -2.310252190 14.113091469 0.048142143 0.686485052 -0.042355936 0.724311113
55.860740 28.644081116 -2.318575621 14.117795944 0.048654128 0.686886132 -0.040072788 0.724026501
55.964160 28.714918137 -2.326282740 14.121650696 0.048277598 0.687286854 -0.036903977 0.723839879
56.067460 28.787401199 -2.334422588 14.124046326 0.048653662 0.687818289 -0.034215264 0.723441899
56.170950 28.857500076 -2.341354609 14.127439499 0.050024290 0.688243806 -0.033548422 0.722974777
56.274290 28.932355881 -2.351062775 14.131835938 0.050055619 0.688601434 -0.034772482 0.722574174
56.377670 29.003812790 -2.358026266 14.135563850 0.051395226 0.688975573 -0.034374602 0.722142339
56.481050 29.078252792 -2.365288258 14.137091637 0.051123135 0.688637674 -0.034007195 0.722501278
56.584420 29.152889252 -2.373552084 14.139671326 0.050872378 0.688081384 -0.032753386 0.723106623
56.687660 29.227993011 -2.382062912 14.145343781 0.050566725 0.688021183 -0.031973444 0.723220289
56.791050 29.301189423 -2.389335155 14.147126198 0.050567579 0.687323689 -0.031761203 0.723892450
56.894350 29.383041382 -2.397362471 14.153797150 0.049611609 0.687047660 -0.031652704 0.724225342
56.997680 29.459545135 -2.405862808 14.158115387 0.049232546 0.686444461 -0.031056937 0.724848688
57.100960 29.536083221 -2.414520741 14.163030624 0.049038935 0.685848117 -0.030396208 0.725454032
57.204360 29.618793488 -2.422543764 14.168057442 0.049707536 0.685139954 -0.029208092 0.726126194
57.307630 29.702188492 -2.429807186 14.173890114 0.050415687 0.684328675 -0.028808808 0.726858079
57.410890 29.779785156 -2.437119961 14.178482056 0.051240180 0.683396876 -0.027455309 0.727728903
57.514200 29.857976913 -2.445435524 14.182070732 0.051414456 0.682299972 -0.026244041 0.728789806
57.617510 29.944509506 -2.455433607 14.189110756 0.051079147 0.681166828 -0.025811320 0.729888022
57.720780 30.026790619 -2.464570761 14.195786476 0.051467299 0.680260479 -0.025959458 0.730700254
57.824090 30.105472565 -2.471790314 14.203001022 0.052092452 0.679297984 -0.025869034 0.731554091
57.927360 30.193454742 -2.480545282 14.212576866 0.051984083 0.678283334 -0.027069349 0.732459307
58.030610 30.272747040 -2.490378141 14.216455460 0.050565105 0.677273691 -0.028889891 0.733422697
58.133900 30.358600616 -2.497870207 14.226011276 0.050869204 0.676265240 -0.029593341 0.734303653
58.237240 30.442350388 -2.507800817 14.233646393 0.050214425 0.675550938 -0.030343547 0.734975338
58.340500 30.529474258 -2.516351461 14.242341995 0.050040446 0.674829841 -0.029731777 0.735674322
58.443830 30.609989166 -2.524107456 14.249185562 0.048738275 0.674298763 -0.029758725 0.736247301
58.547070 30.698034286 -2.533165693 14.258274078 0.047621191 0.673867106 -0.028957887 0.736747384
58.650440 30.791915894 -2.543184042 14.265599251 0.048400071 0.673275173 -0.027487658 0.737293959
58.753660 30.880758286 -2.553259134 14.274465561 0.050089609 0.672958612 -0.027280020 0.737477779
58.857110 30.964834213 -2.562215090 14.281359673 0.049968366 0.672529459 -0.026650453 0.737900436
58.960410 31.050949097 -2.571400642 14.290150642 0.048225470 0.672511637 -0.026943652 0.738022029
59.063680 31.144121170 -2.580279827 14.297681808 0.046826147 0.672405064 -0.027200237 0.738199770
59.167110 31.225976944 -2.589496851 14.306288719 0.046234209 0.672188997 -0.028816661 0.738372445
59.270460 31.309234619 -2.599152803 14.316058159 0.046689320 0.672217607 -0.028750094 0.738320410
59.373860 31.402196884 -2.607841730 14.324048042 0.046713993 0.672178268 -0.028910264 0.738348424
59.477160 31.487649918 -2.616009951 14.333603859 0.046189100 0.672152817 -0.030132057 0.738355756
59.580540 31.570484161 -2.624799728 14.340875626 0.046661325 0.671985447 -0.030114628 0.738479078
59.683780 31.653532028 -2.634150028 14.350677490 0.046134744 0.672171175 -0.030314092 0.738335013
59.787170 31.741510391 -2.642268658 14.357958794 0.045916822 0.671908915 -0.029298704 0.738628268
59.890360 31.824266434 -2.651608467 14.365952492 0.045979533 0.671813309 -0.029715648 0.738694608
59.993680 31.906059265 -2.659562826 14.373709679 0.046939116 0.671583235 -0.030530650 0.738810182
60.097040 31.992753983 -2.668535948 14.382946968 0.048440050 0.671384871 -0.030131992 0.738910019
60.200330 32.075538635 -2.676412821 14.391749382 0.048178561 0.671093047 -0.028178744 0.739269197
60.303580 32.156673431 -2.684451342 14.402129173 0.047284331 0.670833707 -0.027043553 0.739604592
60.406760 32.240608215 -2.693975925 14.409686089 0.049487874 0.669835389 -0.025933502 0.740404606
60.510030 32.329544067 -2.702188730 14.416551590 0.053665802 0.668529809 -0.026155762 0.741285205
60.613290 32.411716461 -2.711913109 14.426957130 0.056233194 0.667302966 -0.025517395 0.742221951
60.716680 32.497814178 -2.721126556 14.434967995 0.057161704 0.666052878 -0.024880735 0.743294716
60.819920 32.580467224 -2.730549812 14.446738243 0.057376031 0.664877653 -0.024149004 0.744353771
60.923310 32.663589478 -2.739696980 14.453076363 0.058783814 0.663431525 -0.024395093 0.745525301
61.026630 32.745571136 -2.748401165 14.463144302 0.058550969 0.662194133 -0.024510365 0.746639073
61.129940 32.827056885 -2.757371902 14.471922874 0.057424806 0.660707951 -0.023189966 0.748083949
61.233200 32.911781311 -2.765160322 14.484169960 0.055196051 0.659125626 -0.022709528 0.749660611
61.336450 32.999809265 -2.776013374 14.497249603 0.054154195 0.657403111 -0.022545522 0.751252413
61.439830 33.080558777 -2.783816099 14.507418633 0.053497273 0.655303180 -0.022541236 0.753131926
61.543140 33.165164948 -2.792415380 14.522197723 0.052583802 0.653400540 -0.022963097 0.754834652
61.646430 33.248134613 -2.802595854 14.534529686 0.052045930 0.650982201 -0.023430480 0.756944120
61.749770 33.332714081 -2.811501026 14.549088478 0.052146684 0.648151159 -0.024221994 0.759337902
61.853030 33.416801453 -2.820675850 14.562308311 0.052049488 0.644861639 -0.024901019 0.762118280
61.956290 33.496379852 -2.828092813 14.580096245 0.051674109 0.641567767 -0.026483551 0.764865458
62.059540 33.571025848 -2.836962938 14.592562675 0.051147155 0.637797534 -0.027210897 0.768022060
62.162940 33.649116516 -2.845209122 14.606936455 0.051138580 0.634006500 -0.026990360 0.771162808
62.266190 33.721946716 -2.853981972 14.625941277 0.050418492 0.630604208 -0.027350178 0.773982108
62.369430 33.814769745 -2.862897873 14.644392967 0.049782012 0.626967251 -0.028550006 0.776929021
62.472790 33.892910004 -2.870183468 14.661706924 0.049701173 0.623673677 -0.028478939 0.779583156
62.576200 33.975128174 -2.880640745 14.680844307 0.048625663 0.620848835 -0.029284108 0.781872511
62.679430 34.060104370 -2.890159130 14.703668594 0.048336633 0.618701816 -0.029541302 0.783580840
62.782780 34.141494751 -2.897958040 14.723467827 0.048067905 0.616601765 -0.030855579 0.785200417
62.886160 34.225696564 -2.907735109 14.745722771 0.047928035 0.614738703 -0.030327145 0.786688983
62.989540 34.303947449 -2.917186737 14.766361237 0.047559775 0.612906218 -0.030336887 0.788139403
63.092920 34.391345978 -2.925473690 14.789119720 0.047714554 0.611058474 -0.030663898 0.789550900
63.196200 34.470474243 -2.934579849 14.810584068 0.047891930 0.609273434 -0.030681757 0.790917754
63.299560 34.551254272 -2.943456650 14.832796097 0.047837060 0.607508779 -0.030564707 0.792281806
63.402810 34.637508392 -2.953319550 14.856453896 0.047137797 0.605649710 -0.030153496 0.793761432
63.506200 34.716968536 -2.962291479 14.879312515 0.046228301 0.603956938 -0.029980076 0.795110106
63.609460 34.797077179 -2.970961571 14.902131081 0.045587789 0.601960599 -0.028883966 0.796700001
63.712840 34.886062622 -2.980323553 14.927703857 0.044630729 0.600103796 -0.028437305 0.798169672
63.816090 34.965263367 -2.988425732 14.952108383 0.043747775 0.598352611 -0.028121267 0.799543321
63.919450 35.045509338 -2.997568607 14.976686478 0.043794494 0.596584022 -0.028114531 0.800861478
64.022620 35.123687744 -3.005956173 15.000869751 0.044504322 0.594485819 -0.029480409 0.802332163
64.125870 35.209663391 -3.014702082 15.027465820 0.044757042 0.592587888 -0.031591773 0.803640723
64.229120 35.286994934 -3.022928715 15.052043915 0.044458251 0.590735316 -0.032193288 0.804996192
64.332410 35.364128113 -3.032281160 15.077982903 0.042155523 0.589441895 -0.031313341 0.806102157
64.435680 35.448657990 -3.040494919 15.105973244 0.039608128 0.588552415 -0.031614326 0.806869090
64.539060 35.524505615 -3.048491240 15.131147385 0.038517606 0.587900579 -0.033289302 0.807329595
64.642350 35.601890564 -3.056943893 15.158063889 0.039477147 0.587400496 -0.035862170 0.807537079
64.745710 35.681865692 -3.065073013 15.184389114 0.040784266 0.586906075 -0.037709590 0.807747424
64.849050 35.756881714 -3.072587729 15.209924698 0.040164236 0.586732328 -0.038490284 0.807867944
64.952280 35.834075928 -3.081156492 15.236781120 0.037407923 0.586755991 -0.038253129 0.807994246
65.055650 35.913799286 -3.089875221 15.262553215 0.034556895 0.586615980 -0.037830982 0.808242679
65.158820 35.989387512 -3.097197533 15.288006783 0.033170894 0.586648405 -0.037813410 0.808278084
65.262120 36.063518524 -3.104581594 15.312747955 0.033120658 0.586907744 -0.037408117 0.808110714
65.365480 36.140384674 -3.112678051 15.338109970 0.033826541 0.587045133 -0.037332918 0.807985187
65.468780 36.215713501 -3.120224953 15.363265038 0.034003083 0.587187231 -0.037706267 0.807857156
65.571960 36.286079407 -3.128489971 15.387775421 0.035007346 0.587463796 -0.034183163 0.807769895
65.675410 36.365818024 -3.134841204 15.411578178 0.034842063 0.587493777 -0.033503786 0.807783723
65.778660 36.439777374 -3.141746759 15.436271667 0.035798553 0.587724388 -0.034258835 0.807542443
65.881970 36.516597748 -3.148867607 15.460155487 0.038448516 0.587634265 -0.035313111 0.807440817
65.985180 36.590408325 -3.157340527 15.484996796 0.040809203 0.587646425 -0.035938494 0.807288468
66.088540 36.666294098 -3.165441751 15.510403633 0.039792020 0.588043034 -0.035939906 0.807050347
66.191750 36.742458344 -3.173174143 15.534860611 0.038672037 0.588075459 -0.034596168 0.807139874
66.295140 36.818241119 -3.181219816 15.560590744 0.038099382 0.588298321 -0.034895506 0.806991875
66.398400 36.899719238 -3.188822269 15.586518288 0.038769826 0.588219106 -0.035444599 0.806993723
66.503710 36.976375580 -3.196988583 15.611742973 0.040770538 0.588033020 -0.035714064 0.807018816
66.605040 37.055263519 -3.205532074 15.637191772 0.041530695 0.587936461 -0.035589121 0.807055950
66.712060 37.134895325 -3.213216543 15.664505959 0.040939771 0.588010848 -0.035394296 0.807040572
66.811530 37.213760376 -3.220921993 15.691638947 0.040242463 0.587859213 -0.034019515 0.807245195
66.914810 37.295780182 -3.230305672 15.717748642 0.041052274 0.587783635 -0.032972548 0.807302892
67.018180 37.377990723 -3.237187147 15.744771004 0.043021314 0.587550521 -0.032144349 0.807403445
67.122370 37.462345123 -3.246560097 15.770504951 0.044490173 0.587182999 -0.030598074 0.807651222
67.224700 37.541919708 -3.255406618 15.796908379 0.044794749 0.586672723 -0.028877966 0.808068395
67.327990 37.623649597 -3.263252258 15.824660301 0.046813920 0.586188436 -0.027326558 0.808359325
67.431360 37.708133698 -3.273083687 15.850172043 0.047898244 0.585610509 -0.025023492 0.808789194
67.534610 37.793308258 -3.281112909 15.878788948 0.045978773 0.585395694 -0.024889303 0.809060156
67.638020 37.877262115 -3.289791107 15.907632828 0.042515311 0.585348070 -0.023987999 0.809311271
67.741230 37.957580566 -3.297198296 15.935751915 0.041105919 0.585179031 -0.022791067 0.809540868
67.844550 38.039012909 -3.305966377 15.962959290 0.041830331 0.584931970 -0.022922149 0.809678614
67.947740 38.124561310 -3.313887119 15.989815712 0.043200672 0.584585667 -0.023473244 0.809840918
68.051170 38.206634521 -3.320494652 16.017183304 0.044655830 0.584160686 -0.023759432 0.810060263
68.154890 38.285678864 -3.328729153 16.042959213 0.044666246 0.583752751 -0.022376051 0.810393095
68.257700 38.366195679 -3.336866856 16.070528030 0.044371072 0.583669007 -0.021219015 0.810500741
68.361010 38.446941376 -3.345151424 16.097316742 0.043446694 0.583460033 -0.020873034 0.810710251
68.464300 38.524089813 -3.352198601 16.124004364 0.043224432 0.583630681 -0.021562368 0.810581207
68.567750 38.600326538 -3.359473467 16.149230957 0.043017872 0.583665907 -0.021676172 0.810563803
68.670920 38.679695129 -3.365500927 16.175668716 0.042982269 0.583866000 -0.020869799 0.810442746
68.774690 38.756805420 -3.375389814 16.203119278 0.041945983 0.584394932 -0.019456225 0.810150921
68.877620 38.830211639 -3.383778811 16.228387833 0.040985927 0.584891021 -0.018908456 0.809854984
68.981020 38.905063629 -3.389700890 16.252662659 0.041202489 0.585318148 -0.018650189 0.809541345
69.084250 38.979652405 -3.396518707 16.275209427 0.042656593 0.585551381 -0.018465895 0.809301496
69.187640 39.049697876 -3.403429270 16.298667908 0.044242535 0.586221635 -0.020139281 0.808691084
69.290960 39.117572784 -3.410840511 16.321262360 0.045803264 0.586734354 -0.022372380 0.808173418
69.394410 39.192298889 -3.418424606 16.347745895 0.047328983 0.587274671 -0.023806080 0.807651937
69.497520 39.262054443 -3.425375700 16.370933533 0.047739930 0.587745130 -0.024132764 0.807275772
69.600870 39.329212189 -3.433491707 16.394121170 0.045601182 0.588665843 -0.023158425 0.806756914
69.704490 39.405139923 -3.440200329 16.417016983 0.043871112 0.588932097 -0.021846041 0.806695163
69.808000 39.471942902 -3.447398186 16.438758850 0.043656114 0.589405596 -0.020678701 0.806391716
69.910950 39.540729523 -3.454223633 16.461326599 0.044720098 0.589700282 -0.020110549 0.806132317
70.014150 39.611122131 -3.460800648 16.483257294 0.045294173 0.589691222 -0.020937858 0.806085765
70.118000 39.676158905 -3.468953848 16.505874634 0.045870047 0.589973152 -0.020616466 0.805855215
70.221570 39.749382019 -3.473621130 16.526845932 0.046988443 0.589801013 -0.020600880 0.805917144
70.324290 39.816299438 -3.480996609 16.550182343 0.047571398 0.589963436 -0.020487895 0.805766940
70.429610 39.883983612 -3.488395214 16.572095871 0.048607264 0.590077102 -0.020336406 0.805625677
70.530930 39.951972961 -3.494595766 16.592815399 0.048786674 0.589932859 -0.021335322 0.805694699
70.634290 40.023643494 -3.500664711 16.614206314 0.049127232 0.589763820 -0.021280019 0.805799186
70.738030 40.092655182 -3.508280754 16.635843277 0.048560485 0.589583218 -0.020757230 0.805979311
70.841960 40.161544800 -3.514366150 16.659084320 0.048235808 0.589335024 -0.020400565 0.806189418
70.946380 40.231166840 -3.521929741 16.681432724 0.047640450 0.588776708 -0.019577147 0.806653023
71.049300 40.299770355 -3.528782845 16.702905655 0.046977796 0.588124335 -0.018962488 0.807182312
71.151220 40.366882324 -3.535889149 16.724693298 0.046479959 0.587347209 -0.018287998 0.807792306
71.255370 40.432338715 -3.542627573 16.746438980 0.046143245 0.586612999 -0.019255074 0.808322489
71.359740 40.497596741 -3.549571276 16.767890930 0.046191461 0.585669339 -0.019789906 0.808990836
71.462150 40.561607361 -3.555582523 16.790306091 0.046279546 0.585009933 -0.020344393 0.809448957
71.564460 40.625587463 -3.561766148 16.813045502 0.045701008 0.584316730 -0.020765778 0.809971690
71.668000 40.688613892 -3.568345547 16.833908081 0.044901460 0.583655119 -0.020748364 0.810493708
71.771950 40.752979279 -3.576048136 16.854892731 0.044025019 0.583006918 -0.020261973 0.811020434
71.874710 40.814441681 -3.581947565 16.875802994 0.043623082 0.582473338 -0.020549443 0.811418235
71.977870 40.870738983 -3.587052107 16.896083832 0.043512192 0.582289338 -0.020849979 0.811548531
72.084410 40.930671692 -3.592635632 16.916711807 0.043693971 0.581791580 -0.020716446 0.811899185
72.184720 40.985286713 -3.597642422 16.936582565 0.043799113 0.581420362 -0.020605132 0.812162220
72.288020 41.044311523 -3.604685783 16.958843231 0.044108469 0.581084311 -0.019617990 0.812410355
72.394080 41.098724365 -3.610050440 16.976718903 0.044267047 0.580493987 -0.019558901 0.812825084
72.495110 41.153038025 -3.614356995 16.994636536 0.044178460 0.579918087 -0.020326613 0.813222051
72.601510 41.206951141 -3.619785309 17.014225006 0.043937091 0.579506338 -0.020993281 0.813511610
72.701420 41.260746002 -3.625652075 17.032819748 0.043871932 0.578978419 -0.020950723 0.813892066
72.804810 41.313884735 -3.630311012 17.051605225 0.043927804 0.578575015 -0.021017488 0.814174175
72.908190 41.363708496 -3.636163712 17.070520401 0.043113649 0.578359902 -0.021374235 0.814361215
73.011570 41.411544800 -3.639675617 17.086122513 0.042514861 0.577988684 -0.021339955 0.814657092
73.114920 41.461055756 -3.645941734 17.103162766 0.041745923 0.577612102 -0.021171393 0.814968288
73.218200 41.506893158 -3.649414301 17.119249344 0.042022828 0.577446520 -0.020824790 0.815080345
73.322240 41.553089142 -3.654129505 17.137125015 0.042699154 0.577263474 -0.021161593 0.815166116
73.425090 41.598678589 -3.658733606 17.154005051 0.043637682 0.576921403 -0.022217639 0.815330446
73.528470 41.643745422 -3.662305355 17.169218063 0.044533331 0.576520324 -0.023529550 0.815528929
73.632800 41.684272766 -3.666744471 17.184473038 0.045161672 0.576288342 -0.024187557 0.815639079
73.735300 41.729179382 -3.670631409 17.200471878 0.046293724 0.575872481 -0.024056762 0.815873206
73.838630 41.771408081 -3.675441265 17.216600418 0.046641126 0.575646579 -0.023633145 0.816025198
73.942010 41.811420441 -3.678715467 17.229713440 0.046144616 0.575805843 -0.023190837 0.815953732
74.045380 41.850799561 -3.683418274 17.244190216 0.044940982 0.576365352 -0.023333102 0.815621734
74.150730 41.887657166 -3.687430620 17.257303238 0.044468068 0.576918125 -0.023124114 0.815262735
74.252330 41.925445557 -3.691009045 17.270170212 0.044149201 0.577347696 -0.023163129 0.814974844
74.355660 41.960643768 -3.694500923 17.281908035 0.044148948 0.577792883 -0.022832794 0.814668596
74.459100 41.995605469 -3.697903633 17.294725418 0.043835867 0.578329384 -0.022951774 0.814301431
74.562490 42.028743744 -3.701560020 17.307184219 0.043456517 0.578903854 -0.022584217 0.813923717
74.665890 42.062698364 -3.704773426 17.318014145 0.043410193 0.579115510 -0.022131398 0.813788056
74.769280 42.093982697 -3.708385468 17.329618454 0.043310750 0.579661310 -0.021736823 0.813415289
74.872800 42.123611450 -3.711454630 17.339883804 0.042966865 0.580137074 -0.021679183 0.813095868
74.976100 42.152740479 -3.714597702 17.350156784 0.042315699 0.580538571 -0.022053229 0.812833309
75.079510 42.180850983 -3.717404127 17.360866547 0.041793920 0.581101060 -0.022660028 0.812441587
75.182880 42.208385468 -3.719904184 17.370246887 0.042054113 0.581622183 -0.022602601 0.812056780
75.286270 42.236118317 -3.722815275 17.379409790 0.042676944 0.582011044 -0.022297163 0.811754048
75.389540 42.262763977 -3.725219011 17.388580322 0.043485444 0.582235396 -0.022478804 0.811545253
75.492900 42.287776947 -3.727524281 17.396514893 0.043760650 0.582456648 -0.022612356 0.811367929
75.596260 42.314331055 -3.730208635 17.405670166 0.043440133 0.582526743 -0.022472724 0.811338723
75.699680 42.339538574 -3.732821703 17.414701462 0.042874083 0.582359195 -0.022693530 0.811482966
75.802980 42.364555359 -3.735597372 17.423072815 0.042403884 0.581909239 -0.022973746 0.811822414
75.906260 42.389568329 -3.737537622 17.433071136 0.041993458 0.581541896 -0.023466175 0.812092960
76.009520 42.414463043 -3.739769459 17.442430496 0.041628048 0.580867350 -0.023880584 0.812582254
76.112930 42.438945770 -3.741874933 17.450996399 0.041604966 0.579601526 -0.024084104 0.813480854
76.216170 42.463256836 -3.744236708 17.459985733 0.041779935 0.577890933 -0.024061402 0.814688623
76.319510 42.489116669 -3.746476173 17.469244003 0.042043932 0.575354159 -0.023695759 0.816479266
76.422600 42.514038086 -3.748643160 17.478240967 0.042111363 0.571947575 -0.024299720 0.818848014
76.526720 42.539508820 -3.751456738 17.489574432 0.041983273 0.567936778 -0.024933890 0.821622491
76.628920 42.563877106 -3.754662037 17.500494003 0.041954748 0.563488722 -0.025578460 0.824661136
76.732320 42.590721130 -3.757029772 17.511316299 0.042471748 0.558032513 -0.025519112 0.828338504
76.835380 42.617023468 -3.759631157 17.523735046 0.042114843 0.551611125 -0.026144760 0.832627118
76.938900 42.643283844 -3.762058020 17.538246155 0.042096231 0.544521332 -0.027419370 0.837241054
77.041770 42.669467926 -3.766354799 17.548147202 0.041199595 0.535775185 -0.028752012 0.842864692
77.144940 42.694671631 -3.767905474 17.562974930 0.042151708 0.527166367 -0.029820913 0.848191917
77.248120 42.720848083 -3.770253658 17.578144073 0.043401834 0.518050671 -0.030758841 0.853694141
77.351390 42.745223999 -3.773468733 17.592973709 0.044003442 0.508544266 -0.031273313 0.859341800
77.454530 42.769748688 -3.777079344 17.609476089 0.042920455 0.498831302 -0.033648260 0.864981472
77.557920 42.793094635 -3.778940916 17.624916077 0.043152545 0.491696656 -0.036445696 0.868932664
77.661290 42.815662384 -3.782118082 17.640102386 0.042342417 0.488605261 -0.039751235 0.870569825
77.764930 42.839172363 -3.784235954 17.655288696 0.042245757 0.488886744 -0.040860955 0.870365143
77.868560 42.861942291 -3.787181616 17.668600082 0.041912131 0.491054893 -0.041660432 0.869121909
77.972190 42.883819580 -3.789834976 17.681241989 0.042077858 0.495853841 -0.041775972 0.866379380
78.075790 42.905658722 -3.792258024 17.692829132 0.043012746 0.502544880 -0.040772542 0.862517357
78.179430 42.927543640 -3.794961691 17.703449249 0.044141315 0.509992957 -0.039505616 0.858136356
78.283030 42.949798584 -3.797899961 17.713907242 0.045274980 0.518840134 -0.037729017 0.852837384
78.386780 42.972007751 -3.800937653 17.724182129 0.045669161 0.528771698 -0.036900401 0.846730888
78.490350 42.995025635 -3.803274393 17.732889175 0.045861367 0.538478076 -0.036732078 0.840588391
78.593920 43.018398285 -3.807004452 17.742647171 0.045184631 0.548451066 -0.036611687 0.834157884
78.697630 43.042980194 -3.809018135 17.750625610 0.045334555 0.557467818 -0.036040366 0.828176022
78.800950 43.066440582 -3.812136173 17.759290695 0.046152893 0.565985978 -0.034415565 0.822402179
78.904330 43.091510773 -3.815406322 17.765190125 0.047525469 0.573081970 -0.032443196 0.817475319
79.007710 43.115516663 -3.817909002 17.771453857 0.048542269 0.579710543 -0.031110836 0.812780082
79.114220 43.140380859 -3.821367741 17.778114319 0.048004296 0.585271299 -0.031031437 0.808820188
79.214940 43.164409637 -3.824517012 17.787311554 0.047034405 0.590204716 -0.030366946 0.805309832
79.322290 43.188373566 -3.826684952 17.793636322 0.046490643 0.593970120 -0.029073944 0.802616179
79.422000 43.211730957 -3.828854084 17.800178528 0.046594877 0.596997321 -0.028250244 0.800390542
79.524510 43.233417511 -3.832401276 17.805461884 0.046535734 0.597671032 -0.027860522 0.799904704
79.631890 43.255226135 -3.834016323 17.813623428 0.046976648 0.596838236 -0.028046541 0.800494075
79.733660 43.275787354 -3.836407185 17.819572449 0.047175150 0.594167888 -0.027350221 0.802490532
79.833670 43.295337677 -3.839236259 17.825939178 0.047472235 0.589962959 -0.026028695 0.805613220
79.940110 43.313941956 -3.841068268 17.832542419 0.046947688 0.584700584 -0.026269611 0.809463441
80.044830 43.331039429 -3.842510462 17.840318680 0.045855500 0.578928232 -0.028631942 0.813584387
80.144160 43.346961975 -3.844893932 17.847705841 0.044642452 0.572733104 -0.030945079 0.817940235
80.245950 43.362552643 -3.846745968 17.854890823 0.043389224 0.566518664 -0.032165285 0.822276950
80.350710 43.376667023 -3.848509073 17.861997604 0.041708097 0.560093224 -0.032211844 0.826751709
80.453690 43.390121460 -3.849933863 17.868944168 0.041938532 0.553582430 -0.031005841 0.831159592
80.555530 43.402164459 -3.850919247 17.873750687 0.046425097 0.546509624 -0.027803132 0.835702658
80.658440 43.412906647 -3.852694273 17.878486633 0.050036337 0.538827062 -0.027364478 0.840483785
80.763430 43.423618317 -3.854134083 17.885671616 0.050353058 0.531830311 -0.028707167 0.844865084
80.864960 43.432914734 -3.855545044 17.893150330 0.047448181 0.525269508 -0.031695507 0.849020600
80.971640 43.440975189 -3.855864525 17.898740768 0.045289047 0.518280387 -0.033509437 0.853353083
81.071670 43.450359344 -3.856899738 17.906301498 0.044029810 0.512329519 -0.034195900 0.856977522
81.174860 43.459552765 -3.857980728 17.912647247 0.043739747 0.506440103 -0.033873539 0.860498607
81.278100 43.466999054 -3.858726263 17.918176651 0.043404922 0.500642121 -0.033977006 0.863897562
81.381470 43.474231720 -3.859463692 17.923166275 0.043328919 0.494836032 -0.033975981 0.867240191
81.484880 43.481281281 -3.860159636 17.929069519 0.043092098 0.489763826 -0.033588983 0.870141506
81.588120 43.488132477 -3.860967636 17.933811188 0.042414084 0.484741539 -0.032792099 0.873012781
81.691630 43.494293213 -3.862218618 17.938808441 0.041516487 0.480891675 -0.033523399 0.875154674
81.795010 43.498592377 -3.862629414 17.943393707 0.040757220 0.476807624 -0.036389153 0.877307892
81.900220 43.501892090 -3.863603592 17.948595047 0.039443452 0.472057343 -0.041045997 0.879727960
82.001790 43.505313873 -3.863998175 17.952455521 0.038927678 0.468500763 -0.044280905 0.881493568
82.106980 43.509605408 -3.864882946 17.956743240 0.038429759 0.466147244 -0.044048145 0.882773817
82.208520 43.513950348 -3.865504503 17.959184647 0.038193543 0.462750345 -0.041368324 0.884698808
82.312040 43.518623352 -3.865625381 17.962121964 0.038283732 0.460108370 -0.038623571 0.886195719
82.415420 43.522159576 -3.865833044 17.965478897 0.037892651 0.458224624 -0.037911549 0.887218714
82.518840 43.524848938 -3.866627216 17.969074249 0.036286678 0.455460697 -0.039541487 0.888636768
82.624270 43.527256012 -3.866810560 17.971998215 0.035376385 0.452755988 -0.041764490 0.889952958
82.726180 43.529304504 -3.867263317 17.975065231 0.034652218 0.451073945 -0.043752048 0.890739739
