0.103391 -0.000402785 -0.000315854 0.078500815 0.002245284 0.000794227 -0.000446458 0.999997079
0.207106 -0.001042157 -0.000135066 0.157934234 0.002807587 0.001303560 0.000446810 0.999995112
0.310262 -0.000685146 -0.000058211 0.234920919 0.000726179 0.001369977 0.001440970 0.999997735
0.413621 -0.000668047 -0.000398028 0.312976241 -0.002399496 0.001103125 0.002560911 0.999993205
0.517929 -0.000409572 -0.000335565 0.390078664 -0.002429770 0.000390474 0.004343300 0.999987543
0.620389 -0.000745835 0.000012051 0.466735542 -0.000976581 0.000104985 0.005475885 0.999984503
0.724219 -0.000929588 0.000223591 0.542571008 0.000748586 -0.000349211 0.005774071 0.999982953
0.827211 -0.001879018 0.000635693 0.619747221 0.001232109 -0.000572564 0.005546297 0.999983668
0.930557 -0.002220891 -0.000050944 0.694480002 0.000041984 -0.001108892 0.005365035 0.999984980
1.034070 -0.002405248 -0.000005551 0.771720946 -0.001387154 -0.001515703 0.005365166 0.999983490
1.137438 -0.002822751 0.000264846 0.845238328 -0.002109977 -0.002017890 0.005387113 0.999981225
1.244258 -0.004118314 0.000628513 0.921611428 -0.002586870 -0.002006247 0.005929796 0.999977052
1.344229 -0.003428466 0.001069438 0.995097280 -0.002467738 -0.002846454 0.006260663 0.999973297
1.447568 -0.004934481 0.001083816 1.069307208 -0.001912498 -0.002924084 0.006197623 0.999974668
1.551083 -0.005121468 0.001421615 1.143510103 -0.000874778 -0.003874563 0.006538386 0.999970734
1.654521 -0.006006007 0.001248632 1.217549562 -0.000275848 -0.004705061 0.007030156 0.999964178
1.757843 -0.006587977 0.001327145 1.290850639 -0.000039631 -0.005528979 0.006832571 0.999961376
1.861353 -0.007733531 0.001852541 1.363860965 0.000617720 -0.006404254 0.006150505 0.999960363
1.964724 -0.009033622 0.001557660 1.437622786 0.000555406 -0.007313728 0.005437632 0.999958336
2.068236 -0.009236413 0.001799005 1.511214852 0.000194787 -0.008394760 0.005870532 0.999947488
2.171620 -0.012019307 0.001503860 1.583866715 -0.000550750 -0.008819057 0.005564952 0.999945462
2.275131 -0.013562243 0.001314609 1.656620026 -0.000881339 -0.009575735 0.005357690 0.999939442
2.378626 -0.015432046 0.001582558 1.727709293 -0.000786991 -0.010169599 0.005875498 0.999930739
2.482010 -0.017020481 0.002310526 1.799127221 -0.000267175 -0.011083489 0.005683040 0.999922395
2.585514 -0.019645965 0.002130115 1.870036125 -0.000530766 -0.011294264 0.005762087 0.999919474
2.689023 -0.021205911 0.002280613 1.940158486 -0.001605748 -0.012006331 0.005521496 0.999911368
2.793694 -0.023167141 0.002645412 2.010112762 -0.002983435 -0.012440471 0.006135230 0.999899328
2.896139 -0.024825530 0.002447110 2.079661608 -0.003832718 -0.012789167 0.005941320 0.999893248
2.999556 -0.027053924 0.002832312 2.147424936 -0.003147578 -0.013150745 0.005466787 0.999893665
3.103545 -0.029135086 0.003409919 2.213590860 -0.001727225 -0.013628664 0.004762736 0.999894261
3.206573 -0.031341497 0.003792671 2.279216290 -0.000736874 -0.013917584 0.004709410 0.999891758
3.310078 -0.033623904 0.003700826 2.343759060 -0.000707345 -0.014432226 0.004278948 0.999886453
3.413963 -0.036217012 0.003592766 2.407486439 -0.000370724 -0.014940741 0.004233289 0.999879360
3.517076 -0.038218144 0.003447984 2.470324755 -0.000188459 -0.016090333 0.004320005 0.999861181
3.620721 -0.041393161 0.003450364 2.531994104 -0.000147593 -0.016830366 0.004221074 0.999849439
3.724674 -0.043525077 0.003560501 2.595603704 -0.000658228 -0.017942978 0.004347324 0.999829352
3.827725 -0.046327099 0.003692087 2.656608105 -0.001822229 -0.018879317 0.004416501 0.999810338
3.931241 -0.049058635 0.003513505 2.718506813 -0.002564295 -0.019906037 0.003917887 0.999790907
4.034871 -0.051246859 0.004333369 2.779183865 -0.002387392 -0.021032857 0.003291100 0.999770522
4.142151 -0.054637130 0.003732788 2.837125778 -0.002265138 -0.021985278 0.001968510 0.999753773
4.243437 -0.057738442 0.004189121 2.895381451 -0.001849946 -0.022884864 0.001466303 0.999735296
4.345966 -0.060928881 0.004105860 2.952418804 -0.002511123 -0.023637030 0.001147417 0.999716818
4.449183 -0.063874729 0.004195243 3.009508133 -0.003454540 -0.024198940 0.000295425 0.999701142
4.552519 -0.067980357 0.004825652 3.063388109 -0.003595994 -0.024045037 -0.000861119 0.999704003
4.656235 -0.070711039 0.004819306 3.116948843 -0.002617387 -0.023557313 -0.002418522 0.999716103
4.760815 -0.074210532 0.004653290 3.170155287 -0.001072992 -0.022489283 -0.003282409 0.999741137
4.863788 -0.076285012 0.005395462 3.222755194 -0.000036863 -0.021549487 -0.003568886 0.999761403
4.966824 -0.078610316 0.005389383 3.275511742 -0.000405852 -0.019978233 -0.004084897 0.999791980
5.073257 -0.081805505 0.005311672 3.327583551 -0.001817811 -0.018240049 -0.006552451 0.999810517
5.174268 -0.083114102 0.005248145 3.377726316 -0.003574507 -0.016562114 -0.008486462 0.999820411
5.277498 -0.085695587 0.005707866 3.428004265 -0.003920412 -0.014250210 -0.011198966 0.999828041
5.381142 -0.086774535 0.006370289 3.475715876 -0.003897079 -0.011767769 -0.013069812 0.999837756
5.484644 -0.088453576 0.006210264 3.522639513 -0.005145438 -0.008737080 -0.015078892 0.999834895
5.588095 -0.089435808 0.006476835 3.567190409 -0.005674433 -0.005402111 -0.017733008 0.999812067
5.691619 -0.090338483 0.006285587 3.610808372 -0.005716815 -0.001888265 -0.019007169 0.999801219
5.795223 -0.090588577 0.006581835 3.651828527 -0.005807588 0.001869386 -0.020725502 0.999766588
5.898736 -0.090298869 0.006637909 3.692079782 -0.005637937 0.005482258 -0.022860505 0.999707758
6.002373 -0.090347447 0.006803726 3.730841160 -0.004458372 0.009472230 -0.025158741 0.999628663
6.105870 -0.089809872 0.006792075 3.765747309 -0.003053180 0.013515463 -0.026226833 0.999559999
6.209506 -0.088829935 0.007393878 3.800192356 -0.002877860 0.017525626 -0.026378747 0.999494255
6.313021 -0.086795725 0.007170882 3.832090139 -0.003756218 0.021522090 -0.026089584 0.999420822
6.416516 -0.084864371 0.007243468 3.863113165 -0.004204511 0.025352979 -0.026955085 0.999306202
6.524037 -0.083425924 0.007071802 3.891464710 -0.004544895 0.029805226 -0.028489595 0.999139309
6.623722 -0.080709279 0.007210099 3.917613983 -0.004362373 0.033949960 -0.030916771 0.998935699
6.727294 -0.080266103 0.007009306 3.942306519 -0.004651090 0.038728289 -0.032896403 0.998697281
6.830809 -0.078279711 0.006345383 3.964303970 -0.005180643 0.043468043 -0.032621253 0.998508632
6.934429 -0.074317895 0.006473297 3.986294270 -0.004340305 0.048665900 -0.031965327 0.998294055
7.038067 -0.072091207 0.006146360 4.007467270 -0.002341585 0.054753635 -0.031177972 0.998010278
7.141701 -0.068371423 0.006637450 4.029445648 -0.000399920 0.061391070 -0.031584099 0.997613847
7.245330 -0.066122003 0.005773269 4.052448273 0.000200262 0.069525294 -0.032634638 0.997046232
7.353300 -0.061691791 0.005793925 4.069470406 0.000603609 0.077483647 -0.033385269 0.996434331
7.452592 -0.056781746 0.006432086 4.089964390 0.001127185 0.085892886 -0.033357129 0.995745182
7.556580 -0.052377772 0.006404801 4.110697746 0.001545339 0.095183209 -0.032781515 0.994918644
7.663357 -0.046875373 0.005963638 4.130360603 0.001342819 0.104998663 -0.032392468 0.993943751
7.763356 -0.041178480 0.005675519 4.150134563 0.001668944 0.115310512 -0.032280713 0.992803454
7.866988 -0.034952059 0.005563744 4.169381618 0.002325864 0.126022518 -0.033494730 0.991459012
7.970621 -0.027566563 0.005606690 4.188247204 0.003122807 0.137625590 -0.033661678 0.989907265
8.074250 -0.021185901 0.004419225 4.207344532 0.002838135 0.150277853 -0.035009436 0.988019645
8.177962 -0.013471447 0.003846535 4.227387905 0.002621332 0.163747370 -0.036583472 0.985820234
8.283921 -0.005022997 0.003253862 4.246499538 0.002445483 0.177983508 -0.037662014 0.983309448
8.385961 0.004848003 0.002287243 4.264948368 0.002521973 0.192921668 -0.038050704 0.980472863
8.488779 0.015560341 0.001606328 4.282559395 0.003299130 0.208781675 -0.037057366 0.977254331
8.593446 0.027755696 0.001222949 4.301078320 0.004442900 0.226121321 -0.035604861 0.973438084
8.696029 0.040512774 0.000448868 4.318497181 0.006233753 0.244565919 -0.034634504 0.968993843
8.799662 0.054357708 -0.000362563 4.337593079 0.008115492 0.263776898 -0.035235833 0.963905752
8.903911 0.068163112 -0.001021254 4.354741573 0.009599162 0.283638120 -0.035795279 0.958214998
9.008027 0.084216096 -0.001822728 4.373140812 0.010475712 0.304326445 -0.037166398 0.951784790
9.110580 0.102335520 -0.002978868 4.392405510 0.010650367 0.325784177 -0.039044388 0.944577575
9.214197 0.120736577 -0.003761373 4.411331654 0.010579317 0.347837806 -0.041487128 0.936576605
9.317832 0.140384048 -0.005628682 4.429512978 0.010866444 0.370865673 -0.042072132 0.927669406
9.421456 0.162382871 -0.007753808 4.448141575 0.010794098 0.395136565 -0.040558808 0.917663097
9.525112 0.186706066 -0.009350444 4.466426849 0.011078811 0.419346631 -0.039808068 0.906885326
9.630085 0.217685908 -0.010605372 4.484870911 0.011419808 0.443627566 -0.040052537 0.895242929
9.732384 0.246850520 -0.011876981 4.501910686 0.012824938 0.468866289 -0.039383784 0.882297456
9.836009 0.276974618 -0.013707926 4.518079281 0.013172569 0.494231850 -0.038825002 0.868362784
9.939685 0.310785592 -0.015478835 4.533841610 0.012514872 0.518623650 -0.038507909 0.854043365
10.043900 0.348665059 -0.017961405 4.547655582 0.011189766 0.541679740 -0.038150452 0.839644194
10.146770 0.385680050 -0.020066688 4.558837414 0.009259094 0.563897491 -0.039606899 0.824842513
10.250360 0.424469173 -0.022025879 4.571001053 0.010066128 0.585710406 -0.039615124 0.809489131
10.353670 0.465698242 -0.024171362 4.578378201 0.013208829 0.605460882 -0.035942495 0.794953287
10.457170 0.508628070 -0.026411805 4.584265232 0.015896617 0.623605847 -0.030393569 0.780986071
10.562990 0.552597165 -0.029211015 4.589987278 0.018549284 0.640571654 -0.027694421 0.767174602
10.664530 0.596570790 -0.031076496 4.594124794 0.019919576 0.655405462 -0.027662437 0.754507601
10.767050 0.641483128 -0.033995185 4.594439507 0.023083933 0.667292595 -0.025529275 0.743999958
10.870220 0.690701723 -0.036887828 4.598721981 0.024773307 0.678711534 -0.022773705 0.733633578
10.973420 0.738850176 -0.039738666 4.598588943 0.026479492 0.687513351 -0.020126825 0.725409627
11.077200 0.790531754 -0.042238154 4.600193024 0.027538961 0.695232987 -0.018281529 0.718024015
11.180190 0.841101289 -0.045040939 4.600459099 0.028872779 0.700951517 -0.018083507 0.712394774
11.284150 0.894472480 -0.048042249 4.599994183 0.028771551 0.705738604 -0.018027803 0.707658291
11.385900 0.946731448 -0.050754122 4.599220276 0.029560460 0.709763110 -0.017746486 0.703596175
11.488980 1.002109766 -0.054423507 4.596882820 0.031914633 0.712944508 -0.017296681 0.700280249
11.592550 1.057177663 -0.057656467 4.594956398 0.033942994 0.715254664 -0.016565768 0.697842598
11.695270 1.114409089 -0.060657803 4.593066692 0.033855204 0.716886103 -0.016211579 0.696179092
11.799490 1.170560241 -0.063414738 4.591194153 0.032098386 0.718080759 -0.016124764 0.695032179
11.901710 1.231601238 -0.067114688 4.589665890 0.028856572 0.719085515 -0.014466317 0.694171429
12.004820 1.291915178 -0.069960400 4.587535381 0.027442707 0.719489634 -0.012034729 0.693856418
12.108000 1.352919579 -0.073229291 4.584372520 0.027417129 0.719670951 -0.010105841 0.693700135
12.211190 1.415311337 -0.076898634 4.582078934 0.029278498 0.719560862 -0.009717626 0.693743885
12.314500 1.476061463 -0.079848118 4.579945564 0.032156046 0.719352722 -0.012060899 0.693795562
12.417650 1.538572788 -0.082852349 4.577879429 0.035293095 0.718473792 -0.014696552 0.694502532
12.521050 1.602486849 -0.086145222 4.576433659 0.035971750 0.717681706 -0.014578659 0.695288837
12.624550 1.668185949 -0.089661270 4.574369907 0.034120537 0.717067897 -0.013417344 0.696038306
12.727430 1.734213948 -0.093914695 4.573705196 0.031757701 0.716279566 -0.011212524 0.697000206
12.830730 1.799216032 -0.097947612 4.571983337 0.030571600 0.715284526 -0.011270797 0.698073328
12.934130 1.864151359 -0.101291180 4.570634842 0.035289925 0.714196920 -0.010670830 0.698973179
13.037710 1.928383946 -0.105541930 4.570226192 0.037857775 0.713085651 -0.011900177 0.699952900
13.141650 1.993513107 -0.108872801 4.568063736 0.036001392 0.711972952 -0.014257481 0.701138437
13.244210 2.058348656 -0.112994693 4.569474697 0.033090796 0.710907936 -0.014575285 0.702354908
13.348030 2.125526905 -0.118253350 4.568274021 0.033256039 0.709357202 -0.011616601 0.703968346
13.452770 2.190654278 -0.122763768 4.566605091 0.035282250 0.707982779 -0.010262455 0.705273151
13.554880 2.255334139 -0.126794875 4.568091869 0.036649741 0.707220256 -0.011907678 0.705942333
13.657960 2.322038174 -0.130744115 4.569080830 0.035880588 0.705796123 -0.013559804 0.707375824
13.761270 2.387803316 -0.134667590 4.569653511 0.035558172 0.704441309 -0.013650690 0.708739519
13.864670 2.452764034 -0.139457509 4.569577217 0.035822477 0.703102231 -0.010996581 0.710100770
13.968170 2.520401716 -0.143625557 4.570735455 0.037674423 0.701988697 -0.009811081 0.711123168
14.071640 2.584892988 -0.147722676 4.571921349 0.039133064 0.700784981 -0.008962827 0.712242007
14.175050 2.650222540 -0.152077675 4.571711540 0.039166275 0.699675798 -0.008727886 0.713332713
14.278600 2.718663216 -0.156725973 4.574645042 0.039232470 0.698561072 -0.007763670 0.714431882
14.382120 2.784185886 -0.160375997 4.577606678 0.039886821 0.697468936 -0.006805072 0.715471685
14.485500 2.849740028 -0.164584786 4.578662395 0.039470118 0.696261942 -0.007439207 0.716663122
14.588970 2.916203737 -0.169068232 4.581481457 0.038998816 0.695131123 -0.008913945 0.717768967
14.692450 2.985312462 -0.173275068 4.584006786 0.039667282 0.694078684 -0.008299164 0.718757570
14.795970 3.052122116 -0.176483586 4.586724281 0.039077509 0.693017483 -0.009180729 0.719802380
14.899490 3.118548870 -0.180367291 4.589734077 0.038647395 0.692252398 -0.009871195 0.720552266
15.002870 3.186740398 -0.186343521 4.594382286 0.037278414 0.691399097 -0.010773896 0.721430182
15.106400 3.252969503 -0.190233901 4.597308159 0.037707303 0.690077603 -0.011873135 0.722654879
15.209870 3.320336342 -0.195498437 4.601009369 0.038194455 0.688975215 -0.013800230 0.723646224
15.313360 3.391667128 -0.200336456 4.605891228 0.039215658 0.687694669 -0.014177800 0.724801481
15.416750 3.459105253 -0.204672858 4.609652042 0.038032867 0.686453402 -0.016949762 0.725980699
15.520220 3.528264999 -0.209303245 4.614545345 0.036325037 0.685490727 -0.017951604 0.726953030
15.623920 3.596883297 -0.214119762 4.619058609 0.037539523 0.684262216 -0.017252773 0.728064835
15.727200 3.668953180 -0.220093876 4.624628067 0.037625950 0.682810307 -0.017971044 0.729404807
15.830620 3.739641428 -0.225396395 4.631371975 0.036389764 0.681618392 -0.019889897 0.730531752
15.934250 3.810052633 -0.229548901 4.636875629 0.035560101 0.679985583 -0.019525846 0.732102334
16.039410 3.880884409 -0.235450208 4.642337322 0.035839640 0.678218424 -0.018950935 0.733741224
16.140910 3.952703476 -0.240557998 4.651384830 0.035744425 0.676661968 -0.021719018 0.735104918
16.244300 4.024120808 -0.246263549 4.658492088 0.038211219 0.674252450 -0.025152145 0.737082660
16.348280 4.095712662 -0.251218557 4.666307926 0.039726458 0.671510220 -0.027591636 0.739414990
16.453450 4.167994499 -0.258099496 4.676607609 0.039302148 0.668996096 -0.029792396 0.741627932
16.554450 4.238449574 -0.264034599 4.682919502 0.037554726 0.666022122 -0.030191122 0.744373977
16.658020 4.311306000 -0.271557301 4.691961765 0.036773033 0.663212657 -0.029636387 0.746939361
16.761400 4.384881020 -0.277655125 4.700618744 0.035606898 0.660378158 -0.028250437 0.749556363
16.864710 4.457805157 -0.284411401 4.710636139 0.032208305 0.657613277 -0.027820261 0.752152562
16.968080 4.531622887 -0.290329367 4.722276211 0.028731918 0.654882371 -0.025505178 0.754753649
17.073430 4.604980946 -0.295443743 4.734148979 0.028063387 0.652136803 -0.024632709 0.757181168
