000018 0 499 164 533 196 0.72762
000018 3 1097 155 1223 214 0.348409
000020 3 1117 155 1223 215 0.325842
000021 3 1127 155 1223 215 0.350885
000023 1 973 155 999 221 0.163064
000026 3 1182 152 1223 216 0.868683
000028 0 529 161 569 199 0.573579
000029 0 526 162 567 200 0.566112
000029 1 1004 153 1034 222 0.523717
000029 2 1002 155 1035 222 0.523717
000030 1 987 156 1023 225 0.511824
000030 2 1000 156 1037 223 0.511824
000031 1 990 156 1022 225 0.504842
000031 2 992 157 1027 224 0.504842
000034 0 492 162 539 206 0.61765
000034 1 967 155 991 225 0.475825
000034 2 968 158 992 225 0.475825
000035 0 492 162 539 206 0.61765
000035 1 967 155 991 225 0.475825
000035 2 968 158 992 225 0.475825
000040 3 1139 153 1223 224 0.754924
000041 3 1118 155 1223 226 0.754402
000042 3 1098 156 1223 227 0.737786
000043 3 1077 157 1223 229 0.733597
000043 15 349 168 398 205 0.518425
000044 0 282 164 360 231 0.330357
000044 1 786 157 808 227 0.723686
000044 3 1051 159 1223 231 0.726937
000045 15 317 170 370 208 0.330357
000046 0 241 166 329 238 0.457098
000046 3 1025 161 1216 232 0.717782
000047 0 195 168 294 245 0.524231
000047 3 991 164 1176 234 0.716862
000047 15 232 171 295 213 0.524231
000048 1 650 159 680 232 0.670242
000048 2 655 161 687 231 0.670242
000048 3 920 164 1094 234 0.712224
000049 3 884 163 1052 232 0.699934
000050 1 562 159 597 233 0.655637
000050 2 576 161 606 232 0.655637
000050 3 847 161 1011 230 0.691782
000051 1 562 159 597 233 0.655637
000051 2 576 161 606 232 0.655637
000051 3 847 161 1011 230 0.691782
000052 0 0 170 44 284 0.73771
000052 1 521 158 556 234 0.596861
000052 3 811 160 970 228 0.704238
000052 16 0 176 54 197 0.73771
000053 1 478 157 511 234 0.64043
000053 2 499 157 524 232 0.64043
000053 3 776 159 932 228 0.699364
000054 1 431 155 466 235 0.485796
000054 2 451 156 482 233 0.632643
000054 3 740 158 894 228 0.708551
000055 2 399 156 435 234 0.639317
000055 3 703 157 855 227 0.697172
000056 1 267 153 311 243 0.238404
000056 2 290 155 319 240 0.276765
000056 3 629 158 780 230 0.710859
000057 3 589 159 743 234 0.70113
000058 3 548 161 704 237 0.705706
000060 3 505 163 665 241 0.702739
000061 3 460 162 626 243 0.741367
000062 3 410 162 586 246 0.743023
000063 3 356 161 542 249 0.777946
000064 3 297 160 496 253 0.354356
000064 4 1033 191 1183 292 0.410225
000065 3 235 158 450 257 0.351885
000065 4 994 192 1145 293 0.321613
000065 5 985 185 1098 260 0.399205
000065 8 956 180 1002 222 0.922414
000066 3 164 156 400 262 0.337091
000066 4 955 192 1106 294 0.296401
000066 8 915 180 960 221 0.913049
000067 3 89 154 352 268 0.356887
000067 4 930 191 1087 295 0.331807
000067 5 909 181 1018 254 0.405652
000067 8 876 179 920 220 0.898555
000068 3 1 151 298 275 0.338465
000068 4 904 189 1067 295 0.309665
000068 5 880 179 989 252 0.393103
000068 8 842 177 886 218 0.965709
000069 3 0 148 251 283 0.340724
000069 4 878 187 1046 296 0.346846
000069 5 850 178 960 250 0.351614
000069 8 814 175 857 215 0.950222
000070 3 0 146 137 278 0.320026
000070 4 841 186 1026 303 0.315526
000070 5 812 176 928 251 0.324008
000070 6 491 165 545 198 0.082992
000070 8 771 172 814 213 0.980142
000070 9 768 173 810 206 0.980142
000070 10 762 175 794 203 0.892972
000072 3 0 151 86 283 0.334744
000072 4 831 186 1030 310 0.296157
000072 5 797 175 916 252 0.310079
000072 8 756 172 800 214 0.877771
000072 9 754 174 796 208 0.877771
000072 10 747 175 779 204 0.877771
000073 4 820 187 1034 319 0.295979
000073 5 787 176 915 256 0.36734
000073 6 439 169 500 205 0.209916
000073 8 742 172 786 214 0.915513
000073 9 740 175 782 210 0.853558
000073 10 731 176 763 204 0.853558
000074 4 818 187 1051 329 0.260848
000074 5 776 176 912 261 0.326735
000074 6 414 172 478 210 0.221816
000074 8 732 174 777 217 0.889338
000074 9 729 177 772 212 0.889338
000074 10 721 177 753 206 0.824588
000075 4 815 188 1071 341 0.24734
000075 5 772 177 916 266 0.255765
000075 6 392 171 460 211 0.319837
000075 8 722 176 768 220 0.790841
000075 9 709 179 755 216 0.790841
000075 10 706 178 740 208 0.790841
000075 13 690 178 713 198 1.710812
000076 4 822 190 1153 369 0.233176
000076 5 767 178 932 277 0.318682
000076 6 345 170 421 214 0.299096
000076 8 711 175 760 222 0.77317
000076 9 704 179 751 217 0.77317
000076 10 696 180 730 211 0.77317
000078 4 832 191 1218 369 0.212439
000078 5 768 178 945 284 0.331589
000078 6 317 170 399 216 0.311605
000078 8 705 176 755 224 0.767288
000078 9 698 179 746 218 0.760162
000078 10 690 180 725 211 0.756604
000079 4 843 192 1223 369 0.194334
000079 5 769 179 959 291 0.342879
000079 6 292 170 381 218 0.298556
000079 8 699 177 751 226 0.71957
000079 9 693 180 742 220 0.728814
000079 10 684 180 719 212 0.728814
000080 4 857 193 1223 369 0.184296
000080 5 770 179 975 299 0.294759
000080 6 264 169 361 221 0.32848
000080 7 505 177 537 196 0.334694
000080 8 698 176 751 227 0.734408
000080 9 689 179 740 219 0.698267
000080 10 681 179 718 212 0.698267
000081 4 877 195 1223 369 0.1772
000081 5 771 179 994 309 0.299795
000081 6 237 169 343 224 0.296671
000081 8 697 175 752 227 0.696326
000081 9 686 177 738 219 0.66122
000081 10 678 179 716 212 0.831891
000082 4 902 197 1223 369 0.168154
000082 5 777 179 1028 321 0.283831
000082 6 208 169 323 227 0.307731
000082 7 489 176 522 196 0.314202
000082 8 696 173 752 227 0.745802
000082 9 685 177 739 220 0.757911
000082 10 676 178 715 212 0.772064
000082 13 660 178 684 199 0.4463
000083 5 794 178 1120 354 0.240116
000083 6 136 168 277 235 0.288174
000083 7 470 176 507 197 0.25701
000083 8 697 173 758 232 0.600194
000083 9 683 177 742 222 0.66137
000083 10 673 177 715 213 0.708374
000083 11 663 176 702 207 0.825855
000083 13 653 176 679 198 1.365067
000084 5 807 178 1189 369 0.233857
000084 6 92 169 250 241 0.279592
000084 7 462 176 500 197 0.263631
000084 8 697 174 761 235 0.607855
000084 9 683 176 744 223 0.601061
000084 10 671 177 714 213 0.64098
000084 11 663 175 702 207 0.800657
000085 5 822 177 1223 369 0.209391
000085 6 46 169 222 248 0.399846
000085 7 453 175 493 198 0.23027
000085 8 700 173 768 237 0.600875
000085 9 684 175 747 224 0.62194
000085 10 670 176 714 214 0.60259
000085 11 662 175 703 208 0.665137
000086 5 843 177 1223 369 0.216897
000086 6 0 169 191 256 0.321806
000086 8 703 172 775 239 0.580574
000086 9 685 175 751 225 0.513676
000086 10 671 176 717 215 0.600381
000086 11 663 176 705 209 0.574055
000087 5 869 177 1223 369 0.217508
000087 6 0 170 154 266 0.303167
000087 8 706 172 783 242 0.547211
000087 9 687 176 757 229 88.0
000087 10 672 177 720 217 0.590944
000087 11 663 177 707 211 0.481747
000087 13 651 175 678 199 1.291024
000089 5 902 178 1223 369 0.186395
000089 6 0 172 112 269 0.287788
000089 7 429 178 475 203 0.255689
000089 8 711 172 793 246 0.474694
000089 9 689 176 762 231 0.548629
000089 10 674 177 723 218 0.67054
000089 11 665 178 709 213 0.459177
000090 5 1000 178 1223 369 0.16826
000090 7 409 179 461 207 0.412944
000090 8 721 172 817 256 0.44932
000090 9 695 175 776 235 0.492445
000090 10 677 177 731 221 0.575507
000090 11 666 177 714 214 0.365024
000090 13 653 176 682 201 1.216783
000091 7 399 180 453 209 0.378718
000091 8 728 173 832 262 0.423063
000091 9 698 174 783 237 0.495832
000091 10 680 176 735 222 0.630143
000092 8 736 173 850 269 0.374213
000092 9 701 174 793 240 0.445775
000092 10 682 176 740 223 0.596719
000094 7 373 180 435 212 0.450775
000094 8 744 173 870 278 0.357525
000094 9 706 174 804 244 0.457376
000094 10 684 175 745 225 0.486122
000095 7 359 180 425 214 0.648823
000095 8 754 174 895 288 0.31835
000095 9 710 174 817 248 0.442768
000095 10 687 175 752 227 0.483601
000096 7 344 178 414 213 0.413392
000096 8 764 174 926 301 0.293309
000096 9 716 173 831 253 0.461986
000096 10 690 175 759 229 0.517855
000096 11 672 175 730 218 0.658002
000096 13 656 177 690 205 0.853719
000097 7 308 180 390 220 0.378827
000097 8 792 175 1013 338 0.238679
000097 9 729 174 867 267 0.343653
000097 10 697 175 775 235 0.437522
000097 11 676 175 740 222 0.582796
000097 13 658 177 694 207 0.703158
000098 7 287 181 375 223 0.351413
000098 8 809 176 1079 365 0.216849
000098 9 736 175 889 275 0.388306
000098 10 701 175 784 238 0.435553
000098 11 679 175 745 224 0.691458
000098 13 659 177 696 208 0.691458
000099 7 263 181 360 226 0.368887
000099 8 831 177 1169 369 0.183851
000099 9 745 175 916 285 0.354197
000099 10 705 175 793 242 0.377043
000099 11 681 175 751 226 0.662667
000099 13 659 176 698 208 0.783365
000100 7 236 180 342 229 0.345926
000100 8 861 178 1223 369 0.160128
000100 9 756 176 948 297 0.327347
000100 10 710 175 805 246 0.392669
000100 11 683 175 757 229 0.644372
000100 13 660 175 700 208 0.644372
000102 7 204 180 322 232 0.32136
000102 8 901 179 1223 369 0.140528
000102 9 768 176 992 313 0.273685
000102 10 715 175 817 251 0.358883
000102 13 661 174 702 208 0.987874
000103 7 124 180 273 242 0.326872
000103 9 802 176 1122 360 0.237397
000103 10 729 177 854 267 0.360528
000103 11 694 177 783 240 0.402623
000105 7 73 181 244 249 0.289573
000105 9 825 176 1223 369 0.219318
000105 10 737 179 877 277 0.325313
000105 11 698 178 793 245 0.359772
000105 12 684 176 747 224 0.5778
000105 13 664 175 710 212 0.74525
