2.902593 -0.061446954 -0.011461906 1.770699859 -0.000112349 -0.018497419 -0.000502986 0.999828756
3.006350 -0.070546716 -0.013127333 2.049153805 0.000764540 -0.018541018 -0.000762780 0.999827504
3.109993 -0.080949612 -0.023728119 2.336351871 0.002245571 -0.017228974 -0.000557675 0.999848902
3.213750 -0.086391233 -0.022091070 2.632123232 0.003266322 -0.014515941 -0.001091534 0.999888718
3.317512 -0.090549730 -0.026890362 2.933659792 0.003164628 -0.010486019 -0.001384919 0.999939024
3.421153 -0.086297400 -0.023825858 3.258577108 0.002606020 -0.005918187 -0.001378939 0.999978125
3.524914 -0.080420375 -0.029387943 3.573695660 0.001842222 -0.000218938 -0.001166710 0.999997616
3.628551 -0.065919340 -0.034572616 3.892489195 0.001791977 0.006290753 -0.000860327 0.999978244
3.732310 -0.042558342 -0.037449926 4.218492508 0.002720350 0.013939646 -0.000154251 0.999899149
3.835947 -0.013235867 -0.039305151 4.558711529 0.003034645 0.022573747 0.001041531 0.999740005
3.939720 0.025338531 -0.045444444 4.903885841 0.002181310 0.031632666 0.001627516 0.999495864
4.043471 0.070844531 -0.053403933 5.257707119 0.000741138 0.041533314 0.001198368 0.999136150
4.146987 0.105337352 -0.057550568 5.624348640 0.000065629 0.052351572 -0.001000128 0.998628199
4.250765 0.166186690 -0.053920619 5.991306782 0.001292197 0.063793920 -0.000982341 0.997961760
4.354507 0.246482968 -0.066017270 6.361909389 0.002532060 0.076507732 -0.000349299 0.997065723
4.458276 0.340315700 -0.072759986 6.737655640 0.003795627 0.091454603 0.000241346 0.995801985
4.562032 0.440852046 -0.083239526 7.115476608 0.004601222 0.107857630 -0.000500021 0.994155586
4.665797 0.562154770 -0.085701488 7.489969730 0.005799904 0.125809014 -0.001103703 0.992036939
4.769679 0.702356577 -0.090382464 7.868732929 0.007134683 0.145938680 -0.000464947 0.989267766
4.873451 0.868332505 -0.096486710 8.234675407 0.008298162 0.166735724 -0.000000280 0.985966742
4.977331 1.054240227 -0.092369422 8.604803085 0.009112403 0.189277738 0.000658292 0.981881082
5.080970 1.250413418 -0.112286463 8.959396362 0.008161458 0.212748960 0.001752115 0.977071226
5.184854 1.478853941 -0.120942309 9.316993713 0.007066366 0.236996651 0.003110991 0.971479774
5.288495 1.711037159 -0.129113585 9.655223846 0.006225979 0.260822356 0.004669672 0.965355456
5.392258 1.959427834 -0.138159797 10.005214691 0.005355462 0.285386115 0.005625046 0.958381176
5.496017 2.249414921 -0.150536820 10.331300735 0.004526140 0.309022367 0.006458414 0.951022089
5.599657 2.548609257 -0.157890320 10.644729614 0.005228920 0.333074123 0.008431134 0.942848444
5.703290 2.848379612 -0.160723060 10.944810867 0.005768751 0.357128263 0.008905263 0.933995068
5.806931 3.185363293 -0.174702361 11.240285873 0.005826254 0.380917728 0.008238462 0.924553871
5.910568 3.540882111 -0.174517021 11.519351006 0.006263109 0.404606402 0.007125687 0.914441705
6.014205 3.924176693 -0.182052091 11.805103302 0.006723336 0.428937763 0.005217787 0.903293967
6.117842 4.322301388 -0.190530032 12.053499222 0.007182736 0.453045964 0.004356303 0.891447604
6.221474 4.755069256 -0.195391089 12.305000305 0.006705369 0.477314770 0.004007912 0.878697634
6.325117 5.220107555 -0.193371207 12.518920898 0.006950669 0.500805140 0.006848305 0.865505040
6.428874 5.699236870 -0.207667887 12.714040756 0.006314248 0.524385273 0.007830873 0.851421654
6.532636 6.186368942 -0.207711905 12.898542404 0.006059658 0.548045158 0.007250954 0.836395383
6.636278 6.708436966 -0.208181590 13.059104919 0.005384180 0.570294321 0.006177588 0.821399570
6.739915 7.235114098 -0.215846181 13.204118729 0.004430172 0.592163920 0.006144677 0.805781901
6.843553 7.779677391 -0.211794078 13.315104485 0.004787504 0.612585366 0.007744620 0.790351987
6.947183 8.353355408 -0.213359922 13.398309708 0.005570440 0.630698264 0.011053805 0.775929391
7.050704 8.930844307 -0.202968210 13.471431732 0.005431658 0.646305501 0.013318089 0.762943208
7.154210 9.547300339 -0.206006408 13.530706406 0.003891060 0.660035670 0.014115728 0.751091540
7.257609 10.151468277 -0.202340752 13.595642090 0.002471857 0.671404719 0.013924347 0.740955889
7.360990 10.801826477 -0.212338388 13.599586487 0.005216874 0.680331171 0.016993852 0.732689202
7.464494 11.452981949 -0.200041443 13.610576630 0.007911568 0.688307941 0.017110758 0.725173652
7.567884 12.109420776 -0.186902523 13.620156288 0.010548838 0.695302904 0.016972184 0.718438923
7.671394 12.794862747 -0.181975216 13.631872177 0.010028340 0.700806558 0.015744394 0.713107049
7.774904 13.501045227 -0.182194978 13.625729561 0.009343563 0.705299139 0.016204884 0.708662987
7.878419 14.200080872 -0.183035403 13.622278214 0.009084010 0.709646165 0.015791850 0.704322636
7.981930 14.933769226 -0.177358598 13.597157478 0.009835549 0.713657677 0.016390672 0.700233757
8.085446 15.669744492 -0.171816751 13.568827629 0.010491266 0.717069983 0.016365070 0.696730077
8.189078 16.416875839 -0.171445295 13.554110527 0.010625175 0.719786108 0.017108738 0.693903744
8.292716 17.178371429 -0.167782664 13.539238930 0.010368277 0.721888661 0.017620908 0.691707134
8.396354 18.004669189 -0.162384570 13.461021423 0.010175782 0.723175526 0.018952666 0.690329254
8.499991 18.790964127 -0.157493934 13.435109138 0.009518621 0.724915743 0.018435307 0.688525021
8.603628 19.595462799 -0.155503631 13.384002686 0.009320403 0.726292670 0.018567130 0.687071562
8.707266 20.384481430 -0.151845634 13.359972000 0.009760695 0.727582753 0.019579610 0.685670972
8.810899 21.200962067 -0.143557608 13.305025101 0.010275223 0.728195548 0.020548780 0.684984207
8.914545 22.013019562 -0.139173210 13.265467644 0.010955687 0.728589654 0.020662911 0.684551001
9.018184 22.896654129 -0.138745427 13.199277878 0.012128545 0.728579223 0.021102022 0.684528947
9.121950 23.706724167 -0.124769121 13.159532547 0.012571668 0.728768110 0.020816773 0.684328675
9.225580 24.570917130 -0.112197787 13.117009163 0.013015515 0.729043126 0.020704482 0.684030771
9.329337 25.474538803 -0.115933657 13.053714752 0.013331264 0.729079604 0.021260280 0.683968723
9.432978 26.354396820 -0.112330168 13.018336296 0.013481811 0.729408979 0.021325761 0.683612466
9.536737 27.303464890 -0.102406383 12.937131882 0.013863305 0.729339540 0.021131789 0.683684945
9.640499 28.228080750 -0.102671593 12.880336761 0.014013836 0.729480088 0.021549301 0.683518887
9.744140 29.170196533 -0.089431703 12.824344635 0.013987063 0.729637384 0.021847997 0.683341980
9.847898 30.115722656 -0.090574056 12.762987137 0.013512284 0.729828179 0.021672439 0.683153391
9.951541 31.082956314 -0.092296481 12.714727402 0.013252917 0.730175793 0.020826656 0.682813227
10.055300 32.046344757 -0.074358672 12.663894653 0.013352320 0.730486512 0.020273019 0.682495534
10.158940 33.004844666 -0.074659616 12.621073723 0.012607818 0.730992079 0.019626629 0.681987107
10.262700 34.035552979 -0.075005859 12.537635803 0.012362614 0.731186986 0.019885622 0.681775093
10.366330 35.050434113 -0.071847856 12.474844933 0.011525039 0.731610596 0.019448867 0.681347787
10.470100 36.045703888 -0.058245063 12.412397385 0.011129955 0.731770694 0.019745182 0.681173921
10.573730 37.138164520 -0.060441911 12.317079544 0.010713372 0.731876791 0.020510267 0.681043983
10.677380 38.171688080 -0.049106658 12.270189285 0.010911850 0.732405305 0.020051787 0.680486083
10.781010 39.172775269 -0.049169868 12.189409256 0.011493726 0.732550859 0.019212568 0.680344045
10.884770 40.205848694 -0.048847318 12.144834518 0.011717553 0.733238757 0.018232059 0.679625750
