2.177008 0.0000000 0.0000000 0.0000000 0.0000000 0.0000000 0.0000000 1.0000000
2.902593 -0.0614469 -0.0114619 1.7707000 -0.0001123 -0.0184974 -0.0005030 0.9998288
3.006350 -0.0705467 -0.0131273 2.0491543 0.0007645 -0.0185410 -0.0007628 0.9998275
3.109993 -0.0809496 -0.0237281 2.3363521 0.0022456 -0.0172290 -0.0005577 0.9998489
3.421153 -0.0862974 -0.0238259 3.2585773 0.0026060 -0.0059182 -0.0013789 0.9999781
3.524914 -0.0804204 -0.0293879 3.5736954 0.0018422 -0.0002189 -0.0011667 0.9999976
3.732310 -0.0425584 -0.0374499 4.2184920 0.0027203 0.0139396 -0.0001543 0.9998991
3.939720 0.0253386 -0.0454444 4.9038858 0.0021813 0.0316327 0.0016275 0.9994959
4.146987 0.1053373 -0.0575506 5.6243491 0.0000656 0.0523516 -0.0010001 0.9986282
4.354507 0.2464829 -0.0660173 6.3619099 0.0025321 0.0765077 -0.0003493 0.9970657
4.458276 0.3403156 -0.0727600 6.7376556 0.0037956 0.0914546 0.0002413 0.9958020
4.665797 0.5621545 -0.0857015 7.4899693 0.0057999 0.1258090 -0.0011037 0.9920369
4.873451 0.8683325 -0.0964867 8.2346725 0.0082982 0.1667357 -0.0000003 0.9859667
5.080970 1.2504134 -0.1122864 8.9593954 0.0081615 0.2127490 0.0017521 0.9770712
5.288495 1.7110372 -0.1291136 9.6552238 0.0062260 0.2608224 0.0046697 0.9653555
5.496017 2.2494149 -0.1505369 10.3313007 0.0045261 0.3090224 0.0064584 0.9510221
5.599657 2.5486088 -0.1578903 10.6447296 0.0052289 0.3330741 0.0084311 0.9428484
5.806931 3.1853642 -0.1747023 11.2402868 0.0058263 0.3809178 0.0082385 0.9245539
6.014205 3.9241762 -0.1820521 11.8051033 0.0067233 0.4289378 0.0052178 0.9032940
6.325117 5.2201080 -0.1933712 12.5189209 0.0069507 0.5008051 0.0068483 0.8655050
6.532636 6.1863680 -0.2077119 12.8985443 0.0060597 0.5480452 0.0072510 0.8363954
6.739915 7.2351141 -0.2158462 13.2041197 0.0044302 0.5921639 0.0061447 0.8057819
6.947183 8.3533554 -0.2133600 13.3983107 0.0055704 0.6306983 0.0110538 0.7759294
7.154210 9.5473003 -0.2060064 13.5307064 0.0038911 0.6600357 0.0141157 0.7510915
7.360990 10.8018274 -0.2123384 13.5995855 0.0052169 0.6803312 0.0169939 0.7326892
7.567884 12.1094217 -0.1869025 13.6201563 0.0105488 0.6953029 0.0169722 0.7184389
7.774904 13.5010471 -0.1821950 13.6257296 0.0093436 0.7052991 0.0162049 0.7086629
7.981930 14.9337673 -0.1773587 13.5971584 0.0098355 0.7136577 0.0163907 0.7002338
8.189078 16.4168739 -0.1714452 13.5541096 0.0106252 0.7197861 0.0171087 0.6939037
8.396354 18.0046711 -0.1623844 13.4610214 0.0101758 0.7231755 0.0189527 0.6903293
8.603628 19.5954628 -0.1555037 13.3840036 0.0093204 0.7262927 0.0185671 0.6870716
8.810899 21.2009659 -0.1435575 13.3050241 0.0102752 0.7281956 0.0205488 0.6849842
8.914545 22.0130196 -0.1391732 13.2654657 0.0109557 0.7285897 0.0206629 0.6845510
9.121950 23.7067242 -0.1247692 13.1595325 0.0125717 0.7287681 0.0208168 0.6843287
9.329337 25.4745388 -0.1159338 13.0537148 0.0133313 0.7290796 0.0212603 0.6839687
9.536737 27.3034649 -0.1024064 12.9371309 0.0138633 0.7293395 0.0211318 0.6836849
9.640499 28.2280846 -0.1026715 12.8803368 0.0140138 0.7294801 0.0215493 0.6835189
9.847898 30.1157227 -0.0905740 12.7629871 0.0135123 0.7298282 0.0216724 0.6831533
10.055300 32.0463448 -0.0743586 12.6638947 0.0133523 0.7304865 0.0202730 0.6824955
10.262700 34.0355530 -0.0750060 12.5376377 0.0123626 0.7311870 0.0198856 0.6817751
10.573730 37.1381721 -0.0604419 12.3170795 0.0107134 0.7318768 0.0205103 0.6810440
10.781010 39.1727715 -0.0491700 12.1894121 0.0114937 0.7325509 0.0192126 0.6803440
