000041 61 214 187 313 251 14.724472
000041 61 257 187 355 251 19.575092
000042 3 272 187 337 235 20.210279
000042 4 243 188 302 230 24.030857
000042 61 300 186 396 250 18.24992
000043 3 314 187 376 235 20.886717
000043 4 289 188 345 229 23.827524
000043 61 341 186 434 250 18.188971
000044 3 314 187 376 235 20.886717
000044 4 289 188 345 229 23.827524
000044 61 341 186 434 250 18.188971
000045 3 356 187 416 235 21.108276
000045 4 334 188 386 229 24.173185
000045 61 382 185 471 250 17.824404
000046 3 390 187 450 235 22.647512
000046 4 369 187 422 228 23.333975
000046 61 416 185 505 250 17.281279
000047 1 0 147 237 374 7.534963
000047 3 425 187 485 235 21.841112
000047 4 404 186 458 227 23.330914
000047 61 451 184 539 251 15.902036
000048 1 0 138 269 374 8.334091
000048 3 460 185 519 233 19.727583
000048 4 440 186 495 227 23.267262
000048 61 487 184 576 252 15.542235
000049 1 0 131 296 374 7.079541
000049 3 493 182 552 231 21.023169
000049 4 470 183 524 224 21.039013
000049 61 515 181 608 251 16.193851
000050 1 0 122 319 374 6.613646
000050 3 527 179 587 228 20.585478
000050 4 501 180 555 222 20.461222
000050 61 544 179 641 250 15.516155
000050 1 0 113 338 374 6.198434
000050 3 551 179 612 230 20.104122
000050 4 527 180 581 223 20.906607
000050 61 568 179 669 252 14.686996
000051 1 0 117 352 374 5.641922
000051 3 576 179 638 231 19.328041
000051 4 553 180 608 223 19.420509
000051 61 593 179 698 255 13.732909
000052 1 0 117 352 374 5.641922
000052 3 576 179 638 231 19.328041
000052 4 553 180 608 223 19.420509
000052 61 593 179 698 255 13.732909
000052 1 0 100 363 374 6.223371
000052 2 394 179 452 231 20.780663
000052 3 593 179 657 232 18.875645
000052 4 570 180 625 224 19.854012
000052 61 612 179 720 258 18.401228
000053 1 0 96 369 374 5.690414
000053 3 612 179 678 233 18.26948
000053 4 588 180 643 225 19.500351
000053 61 632 179 744 261 15.301051
000054 1 0 88 372 374 5.565427
000054 2 422 180 483 233 21.056562
000054 3 631 179 700 235 17.836864
000054 4 606 179 662 225 18.782225
000054 61 653 179 770 265 12.810559
000055 1 0 88 372 374 5.565427
000055 2 422 180 483 233 21.056562
000055 3 631 179 700 235 17.836864
000055 4 606 179 662 225 18.782225
000055 61 653 179 770 265 12.810559
000056 1 0 92 373 374 5.359107
000056 2 431 180 494 234 22.120363
000056 3 643 178 714 236 17.267715
000056 4 618 180 676 228 18.260799
000056 61 666 180 790 269 15.31241
000057 1 0 63 369 374 16.594299
000057 2 441 179 505 235 21.130962
000057 3 656 178 729 238 15.031165
000057 4 630 181 691 230 17.189421
000057 61 679 180 811 274 11.809658
000058 1 0 50 361 374 19.641705
000058 2 445 179 512 236 20.53488
000058 3 669 178 745 240 14.459564
000058 4 640 183 704 233 17.246164
000058 61 694 180 835 280 11.667452
000059 1 0 52 351 374 16.782427
000059 2 450 178 519 237 18.079788
000059 3 676 177 760 242 14.336639
000059 4 651 184 718 235 15.918338
000059 61 709 181 861 286 11.27259
000060 1 0 39 332 374 26.750742
000060 2 452 178 523 238 18.969484
000060 3 684 177 771 244 13.267557
000060 4 656 181 725 234 16.376266
000060 61 717 181 880 293 10.708729
000061 1 0 56 309 374 37.302124
000061 2 449 177 524 239 18.39143
000061 3 692 176 781 245 15.242726
000061 4 661 179 733 233 16.148756
000061 61 725 180 902 300 9.426744
000062 1 0 54 275 374 30.934326
000062 2 446 176 524 241 17.57023
000062 3 698 174 790 246 14.003808
000062 4 667 176 741 232 15.512313
000062 61 735 180 926 308 8.499355
000062 2 442 175 524 242 17.760929
000062 3 703 174 799 249 13.481722
000062 4 670 176 747 234 14.887396
000062 61 745 180 954 317 8.214717
000063 2 438 177 523 246 18.170685
000063 3 708 175 809 254 12.885917
000063 4 673 177 752 237 14.389968
000063 61 756 179 986 327 7.569472
000064 2 433 178 522 250 16.873215
000064 3 714 176 821 258 12.673435
000064 4 677 178 758 240 14.753516
000064 5 485 145 553 219 18.557858
000064 61 769 179 1025 340 7.363914
000065 2 427 178 520 253 15.205873
000065 3 719 176 833 262 12.252089
000065 4 680 178 765 243 14.640458
000065 5 482 144 553 220 18.027149
000065 61 781 179 1072 359 6.719637
000066 2 420 178 518 256 15.057687
000066 3 725 175 847 268 10.983664
000066 4 684 179 772 247 13.251416
000066 5 478 142 551 220 17.590771
000066 61 795 180 1132 374 7.815552
000067 2 420 178 518 256 15.057687
000067 3 725 175 847 268 10.983664
000067 4 684 179 772 247 13.251416
000067 5 478 142 551 220 17.590771
000067 61 795 180 1132 374 7.815552
000068 2 413 177 516 259 14.909373
000068 3 731 175 862 273 10.44952
000068 4 687 178 779 249 13.123247
000068 5 475 140 550 220 17.575769
000068 61 811 180 1209 374 6.089911
000069 2 404 177 513 263 13.123055
000069 3 738 175 880 280 9.882902
000069 4 690 177 787 251 12.046492
000069 5 471 138 548 220 13.886148
000069 61 830 181 1241 374 5.290113
000070 2 394 177 509 268 13.046116
000070 3 746 175 900 287 9.876431
000070 4 693 176 796 254 13.216409
000070 5 466 136 546 220 13.269047
000070 61 853 181 1241 374 12.526797
000071 2 382 178 505 274 11.825351
000071 3 754 175 923 295 8.873278
000071 4 699 178 808 260 12.726384
000072 2 369 179 501 281 11.435097
000072 3 763 176 952 308 9.144971
000072 4 704 181 820 268 12.095838
000072 5 457 134 543 224 16.147402
000072 61 918 183 1241 374 9.26364
000073 2 352 179 495 288 10.872105
000073 3 773 177 986 322 8.265166
000073 4 707 180 833 272 11.320135
000073 5 451 133 541 226 15.501081
000073 2 334 180 490 297 10.306398
000073 3 785 179 1028 340 7.674539
000073 4 711 179 848 277 10.512008
000073 5 445 131 539 228 16.25317
000074 2 334 180 490 297 10.306398
000074 3 785 179 1028 340 7.674539
000074 4 711 179 848 277 10.512008
000074 5 445 131 539 228 16.25317
000075 2 312 181 483 307 9.341909
000075 3 800 178 1082 359 6.434279
000075 4 716 178 866 283 10.059904
000075 5 439 130 537 230 16.874817
000075 2 287 181 475 319 8.631248
000075 3 817 175 1150 374 5.744571
000075 4 721 176 886 289 9.442253
000075 5 432 128 535 233 16.190002
000076 2 257 182 467 333 8.210828
000076 3 838 173 1241 374 5.121105
000076 4 727 174 909 297 8.729465
000076 5 425 126 533 235 15.497278
000077 2 221 183 458 350 7.321378
000077 3 865 173 1241 374 5.797198
000077 4 735 176 939 311 9.503149
000077 5 416 125 531 240 13.899551
000078 2 176 184 447 370 6.511889
000078 4 745 178 976 327 8.244606
000078 5 407 125 528 246 13.623718
000079 2 120 185 434 374 11.529469
000079 3 942 178 1241 374 5.229702
000079 4 756 180 1021 347 7.654585
000079 5 396 124 526 252 13.017638
000080 2 47 186 420 374 9.243305
000080 4 769 182 1078 373 6.773956
000080 5 385 123 523 259 12.475619
000081 2 47 186 420 374 9.243305
000081 4 769 182 1078 373 6.773956
000081 5 385 123 523 259 12.475619
000082 2 0 188 401 374 9.647026
000082 4 785 184 1153 374 6.733087
000082 5 371 122 520 267 11.623986
000082 2 0 189 377 374 14.427488
000082 4 804 183 1241 374 6.711098
000082 5 356 121 517 276 10.927038
000083 2 0 192 348 374 9.997723
000083 4 827 182 1241 374 5.307858
000083 5 338 119 514 286 10.248511
000083 6 683 181 766 244 16.701347
000084 5 317 114 509 295 9.57664
000084 6 687 180 775 248 15.761253
000085 5 317 114 509 295 9.57664
000085 6 687 180 775 248 15.761253
000086 5 291 108 504 305 8.93332
000086 6 691 180 785 251 15.052814
000086 5 261 100 498 317 8.301741
000087 4 1024 174 1241 374 9.291281
000087 5 224 91 492 331 7.859024
000087 6 699 180 809 260 14.95779
000088 5 178 80 484 349 6.984827
000088 6 704 179 823 266 15.336359
000089 5 178 80 484 349 6.984827
000089 6 704 179 823 266 15.336359
000090 5 119 65 476 373 6.363033
000090 6 710 180 840 274 12.088077
000091 5 42 50 466 374 5.672754
000091 6 717 181 860 283 13.098239
000091 5 0 28 454 374 5.034882
000091 6 725 182 884 294 9.917912
000092 5 0 0 441 374 5.105342
000092 6 733 183 911 306 10.283875
000093 5 0 0 441 374 5.105342
000093 6 733 183 911 306 10.283875
000094 5 0 0 424 374 4.073083
000094 6 742 184 944 321 9.323268
000095 5 0 0 404 374 5.26633
000095 6 753 185 985 339 6.943905
000095 7 640 169 686 214 27.514008
000096 5 0 0 378 374 5.065505
000096 6 766 184 1041 359 7.083526
000096 7 641 167 688 213 26.744595
000097 5 0 0 345 374 4.676764
000097 6 783 182 1114 374 6.262235
000097 7 643 165 691 212 25.830862
000098 5 0 0 308 374 3.843671
000098 6 803 180 1216 374 5.0599
000098 7 645 162 694 211 25.137079
000099 5 0 0 256 374 3.270221
000099 6 829 181 1241 374 4.811209
000099 7 646 162 698 212 24.826134
000100 6 861 181 1241 374 4.106212
000100 7 648 162 701 214 23.696831
000101 6 904 181 1241 374 4.854687
000101 7 650 163 705 216 23.662821
000101 7 652 163 709 218 23.03661
000102 7 654 162 714 219 22.931158
000103 7 657 161 719 221 20.91338
000104 7 659 160 725 222 21.931301
000105 7 659 160 725 222 21.931301
000106 7 662 159 731 224 21.143417
000107 7 668 157 744 228 18.444227
000107 11 550 177 581 202 40.809387
000108 7 672 156 752 230 17.623016
000108 11 550 177 581 203 40.275803
000109 7 672 156 752 230 17.623016
000109 11 549 176 582 203 40.275803
000110 7 678 154 768 235 15.98599
000110 11 549 176 582 204 39.344433
000111 7 678 154 768 235 15.98599
000111 11 549 176 582 204 39.344433
000112 7 680 153 777 238 15.0858
000112 11 548 175 581 203 39.525314
000112 7 683 151 786 242 14.317815
000112 11 546 174 581 202 38.735161
000113 7 686 150 796 246 13.747518
000113 11 545 173 581 202 37.9482
000114 7 689 148 808 250 12.837521
000114 11 543 172 579 201 38.031582
000115 7 689 148 808 250 12.837521
000115 11 543 172 579 201 38.031582
000116 7 693 146 821 255 12.239369
000117 7 702 142 854 268 10.885678
000117 8 675 171 758 233 14.92751
000117 9 668 172 727 218 15.289933
000118 11 535 172 574 204 36.199242
000118 7 707 139 874 276 10.095665
000118 8 677 173 765 238 15.139714
000118 9 670 173 732 221 15.139714
000118 11 532 172 573 205 35.123604
000119 7 715 140 902 289 9.461122
000119 8 680 174 774 244 14.345692
000119 9 672 174 736 224 14.345692
000119 10 655 175 706 216 14.345692
000119 11 529 173 571 207 34.326775
000120 7 715 140 902 289 9.461122
000120 8 680 174 774 244 14.345692
000120 9 672 174 736 224 14.345692
000120 10 655 175 706 216 14.345692
000120 11 529 173 571 207 34.326775
000121 7 730 131 970 317 7.785612
000121 8 687 178 795 257 15.029122
000121 9 676 176 747 231 12.593609
000121 11 523 174 568 210 30.510086
000122 7 739 125 1018 336 7.785612
000122 8 691 180 808 265 14.255703
000122 9 678 177 753 235 13.75374
000122 11 520 175 566 211 30.510086
000123 7 739 125 1018 336 6.908039
000123 8 691 180 808 265 13.380795
000123 9 678 177 753 235 13.072153
000123 11 520 175 566 211 30.120068
000124 7 764 107 1167 374 5.465827
000124 8 701 180 842 280 8.605226
000124 9 683 178 768 243 9.663041
000124 11 513 176 563 215 29.288069
000126 7 781 92 1241 374 7.315666
000126 8 706 181 864 290 9.229233
000126 9 686 179 777 247 13.066818
000126 10 664 176 729 228 18.39922
000126 11 509 176 560 217 28.486855
000126 7 801 69 1241 374 13.575663
000126 8 713 181 890 302 9.652748
000126 9 690 180 787 253 12.040126
000126 10 666 177 734 231 14.930746
000126 11 505 177 558 219 27.322262
000127 7 801 69 1241 374 13.575663
000127 8 713 181 890 302 9.652748
000127 9 690 180 787 253 12.040126
000127 10 666 177 734 231 14.930746
000127 11 505 177 558 219 27.322262
000128 7 827 29 1241 374 13.495342
000128 8 721 182 923 317 8.424744
000128 9 694 181 799 259 10.329829
000128 10 668 177 739 234 13.532018
000128 11 501 178 556 221 23.858919
000129 7 911 34 1241 374 16.217279
000129 8 740 183 1018 361 7.380854
000129 9 703 182 828 273 9.504518
000129 10 673 178 752 240 15.42697
000129 11 493 180 552 226 23.955746
000129 14 649 180 686 211 31.763504
000130 7 911 34 1241 374 16.49617
000130 8 740 183 1018 361 7.040417
000130 9 703 182 828 273 10.656903
000130 10 673 178 752 240 16.504972
000130 14 649 180 686 211 30.938683
000131 7 983 36 1241 374 10.095226
000131 8 753 184 1091 374 6.460696
000131 9 709 183 847 282 11.945781
000131 10 675 178 760 244 14.820783
000131 14 649 180 687 213 30.098391
000132 9 716 183 870 292 10.172386
000132 10 678 178 769 248 12.555103
000133 8 787 184 1241 374 4.395077
000133 9 723 182 899 303 10.32824
000133 10 680 178 780 253 13.410521
000134 8 846 184 1241 374 9.510914
000134 9 743 182 979 336 8.048252
000134 10 687 178 805 264 12.581986
000134 11 463 180 536 237 20.077026
000135 9 756 181 1038 360 8.110046
000135 10 692 178 822 271 11.795362
000135 12 674 178 742 231 12.368196
000136 9 772 182 1120 374 6.181184
000136 10 697 179 841 280 10.830153
000136 12 674 177 746 234 11.490416
000137 10 703 179 864 291 9.667684
000138 9 815 184 1241 374 3.511403
000138 10 710 179 892 303 9.383313
000138 11 427 181 522 252 17.445208
000138 12 678 177 760 240 10.290529
000138 13 482 182 537 222 19.526165
000139 9 847 185 1241 374 6.326349
000139 10 718 180 926 319 8.707912
000139 11 416 181 518 257 14.828709
000139 12 681 177 769 244 9.146369
000140 9 847 185 1241 374 6.326349
000140 10 718 180 926 319 8.707912
000140 11 416 181 518 257 14.828709
000140 12 681 177 769 244 9.146369
000140 10 729 180 972 339 8.163412
000140 11 403 181 514 262 13.178711
000140 12 685 178 780 249 9.591866
000141 10 741 180 1033 366 7.414925
000141 11 389 181 509 268 12.413364
000141 12 689 178 792 254 8.421996
000142 10 756 181 1117 374 6.433772
000142 11 373 181 504 275 11.097635
000142 12 694 178 806 260 13.201347
000142 14 661 178 722 227 15.540159
000143 10 773 181 1239 374 5.487083
000143 11 355 181 498 283 12.408535
000143 12 699 179 823 266 14.906557
000143 14 664 178 728 229 14.906557
000144 11 332 181 491 292 10.619824
000144 12 706 179 842 274 11.577499
000144 13 443 182 519 234 11.098045
000144 14 666 178 734 232 16.088953
000144 17 451 173 524 208 11.620144
000145 11 306 182 484 303 9.270071
000145 12 713 179 864 283 12.018659
000145 13 435 182 516 237 10.387579
000145 14 669 178 741 235 14.969799
000145 17 447 173 522 209 10.905008
000146 11 273 182 475 318 9.884902
000146 12 721 179 892 294 10.341005
000146 13 426 182 513 240 10.08124
000146 14 671 178 747 238 15.899226
000146 17 442 173 519 210 10.08124
000147 11 273 182 475 318 9.884902
000147 12 721 179 892 294 10.341005
000147 13 426 182 513 240 10.08124
000147 14 671 178 747 238 15.899226
000147 17 442 173 519 210 10.08124
000148 11 232 182 464 334 9.08693
000148 12 730 179 926 307 10.604097
000148 14 673 177 755 241 15.630651
000149 11 112 181 436 374 7.748083
000149 12 752 180 1021 348 8.072105
000149 13 392 183 499 251 17.383526
000149 14 679 176 773 248 13.513387
000149 17 427 174 511 213 22.099796
000150 11 112 181 436 374 7.748083
000150 12 752 180 1021 348 8.072105
000150 13 392 183 499 251 17.383526
000150 14 679 176 773 248 13.513387
000150 17 427 174 511 213 22.099796
000151 11 17 180 418 374 5.538616
000151 12 766 182 1092 374 7.310723
000151 13 377 184 493 257 13.994011
000151 14 682 176 783 252 12.698827
000151 17 421 174 508 215 23.016439
000152 11 0 179 395 374 7.293655
000152 12 783 183 1191 374 7.236871
000152 13 359 184 485 263 14.485849
000152 14 687 177 796 259 11.781444
000152 17 415 174 505 216 22.203802
000153 11 0 177 366 374 9.762614
000153 12 804 185 1241 374 6.881304
000153 13 339 185 477 270 12.840663
000153 14 691 179 810 267 11.271482
000153 15 648 176 709 224 12.621469
000153 16 448 179 466 234 13.706341
000153 17 409 174 501 218 13.706341
000154 11 0 174 328 374 14.380398
000154 13 318 186 470 278 12.316339
000154 14 697 181 827 277 10.754735
000154 15 649 177 713 227 11.818507
000154 17 402 174 498 219 21.938345
000154 12 867 190 1241 374 4.541719
000154 13 293 187 462 288 11.126593
000154 14 703 181 848 286 9.799341
000154 15 651 176 717 229 11.020035
000154 17 395 173 495 219 10.550308
000155 13 264 189 452 299 10.00925
000155 14 711 181 873 296 8.845879
000155 15 653 176 723 230 10.491085
000155 17 389 172 491 220 11.17444
000156 13 231 190 443 312 9.117874
000156 14 720 181 903 309 8.626157
000156 15 655 175 728 232 14.340503
000156 16 413 180 442 246 12.191485
000157 13 190 191 433 327 8.174738
000157 14 730 181 942 324 7.418941
000157 15 657 174 734 234 17.249557
000157 16 401 180 436 249 12.059558
000158 13 140 192 421 346 7.438026
000158 14 743 182 991 347 6.39037
000158 15 660 175 743 238 16.348192
000159 13 75 193 408 371 6.435448
000159 14 757 184 1056 374 6.367783
000159 15 664 175 752 243 15.262047
000159 17 360 172 479 227 24.516912
000160 13 0 195 391 374 5.735169
000160 14 776 186 1148 374 5.629372
000160 15 668 176 763 247 14.26915
000160 17 352 174 476 231 24.730009
000161 13 0 197 372 374 5.02979
000161 14 799 186 1241 374 29.54575
000161 15 673 176 775 252 13.059546
000161 16 343 187 396 279 11.652501
000161 17 344 175 473 235 22.971071
000162 13 0 197 372 374 5.02979
000162 14 799 186 1241 374 29.54575
000162 15 673 176 775 252 13.059546
000162 16 343 187 396 279 11.652501
000162 17 344 175 473 235 22.971071
000163 13 0 200 348 374 5.153459
000163 15 678 176 789 257 12.286331
000163 16 321 189 380 288 11.052003
000163 17 334 175 469 237 22.214386
000164 13 0 203 317 374 6.989587
000164 15 684 176 805 264 11.413791
000164 17 323 175 465 240 21.442369
000165 14 926 187 1241 374 53.452358
000165 15 691 174 824 269 10.342275
000165 16 279 188 346 307 8.999354
000165 17 313 171 462 239 18.884048
000165 19 652 154 712 213 15.66786
000166 15 708 170 873 284 8.694966
000166 16 212 187 298 336 8.059243
000166 17 288 168 452 242 17.17794
000166 19 658 153 723 216 14.562268
000167 15 717 172 904 298 7.912001
000167 16 166 189 271 358 7.279842
000167 17 273 168 446 246 16.457226
000167 19 662 152 730 218 12.778866
000168 15 727 175 943 316 7.058596
000168 17 255 167 439 250 15.925409
000168 22 547 173 573 195 44.512218
000169 15 738 174 991 335 6.464468
000169 17 237 168 432 255 15.207989
000169 19 669 151 744 221 11.771691
000169 22 547 174 573 196 46.0205
000170 15 752 173 1055 360 5.675764
000170 17 216 168 425 261 14.329542
000170 19 673 150 752 224 10.300972
000170 22 548 174 575 196 44.73288
000171 15 768 172 1143 374 6.101039
000171 17 192 169 416 268 13.720606
000171 19 677 150 761 227 9.086795
000171 22 550 173 576 196 43.946838
000172 15 787 171 1241 374 5.673641
000172 17 165 169 406 275 13.377891
000172 19 682 149 770 230 8.701532
000172 22 551 173 578 196 43.004799
000173 15 811 170 1241 374 6.094488
000173 17 134 170 395 284 11.880463
000173 19 687 148 781 233 9.691129
000173 22 551 174 579 198 41.517105
000174 15 843 170 1241 374 7.52169
000174 17 98 171 382 295 11.060958
000174 19 693 148 792 237 9.881442
000175 15 884 170 1241 374 9.336096
000175 17 51 170 365 305 10.857307
000175 19 696 146 803 241 9.914191
000175 20 682 167 741 220 19.012392
000176 15 942 171 1241 374 5.969054
000176 17 0 168 344 318 9.35086
000176 19 700 145 814 245 9.097263
000176 20 683 167 745 222 19.910881
000176 22 550 176 579 201 39.222115
000177 15 1028 171 1241 374 5.384387
000177 17 0 167 319 333 8.709856
000177 19 705 143 827 250 8.962702
000177 20 685 167 751 224 19.130529
000177 22 549 177 579 202 38.436417
000178 17 0 165 289 353 7.849576
000178 19 710 141 842 255 6.704196
000178 20 688 166 756 226 21.582409
000178 22 548 177 579 203 37.480927
000179 17 0 163 251 374 7.043344
000179 19 715 138 859 262 7.048232
000179 20 690 166 762 229 20.71044
000180 17 0 160 204 374 6.915413
000180 19 721 137 879 270 7.192237
000180 20 693 166 769 232 18.93548
000180 22 545 178 577 205 35.962116
000181 17 0 157 138 374 8.181087
000181 19 728 135 902 280 7.444328
000181 20 695 166 776 235 16.835234
000181 21 668 173 710 209 12.794027
000181 22 543 178 576 206 35.167957
000182 19 735 133 929 291 7.52799
000182 20 698 166 784 238 18.023333
000182 21 669 173 712 210 12.284622
000182 22 540 179 574 208 34.788208
000183 19 744 130 963 305 6.87135
000183 20 702 165 793 242 15.954893
000183 21 669 173 713 211 16.160568
000183 22 538 180 573 209 34.166641
000184 19 754 127 1004 323 7.371996
000184 20 705 165 803 246 15.821047
000184 21 669 173 715 212 14.513767
000184 22 535 180 572 210 33.168068
000185 19 765 123 1056 345 6.513384
000185 20 709 165 814 251 14.999604
000185 21 670 173 717 213 15.488294
000185 22 533 181 570 212 32.42231
000186 19 778 118 1125 374 6.660088
000186 20 713 164 827 255 14.172715
000186 22 530 182 568 213 31.46978
000187 19 793 103 1220 374 9.689272
000187 20 718 162 842 261 12.245777
000187 21 670 173 721 215 14.772338
000187 22 527 182 567 215 30.343374
000188 19 811 83 1241 374 23.474195
000188 20 724 161 858 267 11.85088
000189 19 833 54 1241 374 20.19054
000189 20 730 159 878 274 11.56986
000189 21 671 172 726 218 24.811277
000190 19 861 11 1241 374 20.096521
000190 20 736 158 900 282 10.593574
000190 21 673 172 730 219 19.344536
000191 19 898 7 1241 374 19.574863
000191 20 744 155 928 291 9.954704
000191 21 674 169 734 218 22.554626
000192 19 948 3 1241 374 18.592628
000192 20 754 149 963 300 9.151503
000192 21 676 166 738 217 21.616518
000193 19 1023 0 1241 374 18.102629
000193 20 765 148 1005 317 8.349803
000193 21 678 165 742 218 20.815216
000195 20 778 147 1059 339 7.295577
000195 21 680 169 747 224 20.239445
000195 20 793 146 1130 369 6.471742
000195 21 682 172 753 230 20.216423
000196 20 811 144 1227 374 5.955541
000196 21 684 173 759 233 19.281097
000196 22 491 183 545 226 22.631605
000197 20 832 135 1241 374 12.268149
000197 21 686 172 765 235 18.444504
000198 20 859 120 1241 374 12.664312
000198 21 689 173 772 239 17.43144
000198 22 482 184 540 231 22.634268
000198 24 676 179 727 212 20.271734
000199 20 893 113 1241 374 13.641778
000199 21 692 172 779 241 16.593212
000199 22 477 183 538 231 22.246176
000199 24 677 177 730 212 20.929207
000200 20 940 109 1241 374 11.145925
000200 21 695 170 788 242 15.64957
000200 22 472 182 535 232 21.751999
000200 24 679 175 733 211 19.273237
000201 20 1005 105 1241 374 10.96595
000201 21 699 167 797 244 14.822764
000201 24 681 174 737 210 18.636223
000202 20 1105 101 1241 374 14.940383
000202 21 702 165 808 246 14.029568
000202 22 460 179 529 233 18.557318
000202 24 683 172 740 209 22.421724
000203 21 706 162 820 248 13.421347
000203 22 453 179 526 235 18.862997
000204 21 711 161 833 253 12.649957
000204 22 447 178 523 237 17.040537
000205 21 716 160 849 259 11.848508
000205 22 439 178 520 239 15.411135
000206 21 722 159 867 265 11.07805
000206 22 431 178 517 242 14.960108
000206 24 692 169 755 212 20.357843
000207 21 728 158 886 272 9.946112
000207 22 422 178 513 245 15.569963
000208 21 735 157 909 280 9.341969
000208 22 412 178 509 248 14.807997
000209 21 743 156 935 290 8.644843
000209 22 401 177 505 251 14.143918
000210 21 752 154 967 301 7.984857
000210 22 389 177 500 255 13.392539
000210 24 702 168 773 218 11.070187
000211 21 761 152 1005 314 7.693211
000211 22 375 177 495 260 13.735429
000211 24 705 168 778 220 13.547833
000212 21 761 152 1005 314 7.693211
000212 22 375 177 495 260 13.735429
000212 24 710 168 785 222 13.547833
000212 26 757 166 860 211 8.297884
000213 21 786 147 1111 352 6.525537
000213 22 345 177 484 271 11.276691
000213 24 715 169 792 224 18.090408
000214 21 786 147 1111 352 6.525537
000214 22 345 177 484 271 11.276691
000214 24 715 169 792 224 18.090408
000215 21 801 143 1188 374 5.756173
000215 22 329 178 480 278 10.206543
000215 24 720 169 800 227 17.568624
000216 21 818 137 1241 374 5.627619
000216 22 311 179 474 286 9.632372
000216 21 839 131 1241 374 5.414803
000216 22 290 180 468 295 8.963937
000216 24 732 169 817 232 16.136791
000217 21 863 123 1241 374 5.362607
000217 22 265 181 461 306 8.313434
000218 21 893 128 1241 374 5.207817
000218 22 236 182 454 318 7.777423
000218 23 514 169 600 232 17.108711
000218 24 745 169 835 238 13.77007
000218 26 790 166 911 220 12.9423
000219 21 931 125 1241 374 4.905339
000219 22 202 183 445 333 7.379915
000219 23 510 169 600 235 16.786381
000219 24 751 169 844 241 13.246388
000219 26 797 165 921 222 13.066015
000220 21 980 133 1241 374 8.569568
000220 22 160 184 435 352 7.05311
000220 23 506 170 600 238 16.168718
000220 24 759 168 854 245 12.791831
000220 25 399 179 491 236 19.028831
000220 26 805 165 933 224 13.728019
000221 22 111 185 423 371 6.506822
000221 23 501 170 600 242 15.646134
000221 24 767 168 865 248 12.503255
000221 25 390 179 487 239 18.600203
000221 26 813 165 945 227 12.930409
000222 22 50 185 409 374 6.756989
000222 23 496 168 599 242 15.071268
000222 24 776 167 877 252 12.582129
000222 25 380 179 481 242 18.006683
000222 26 820 164 957 228 12.582129
000223 22 0 186 392 374 5.573761
000223 23 491 166 599 244 14.246875
000223 24 786 167 890 257 12.538136
000223 25 369 179 476 245 17.39216
000223 26 827 163 969 230 12.538136
000224 22 0 187 373 374 5.267492
000224 23 485 165 599 247 13.804761
000224 24 794 167 900 263 10.481858
000224 25 357 180 470 248 15.096173
000224 26 835 163 982 232 11.946214
000225 22 0 189 351 374 4.686541
000225 23 479 164 599 250 14.047944
000225 24 804 168 915 270 9.85073
000225 25 344 180 464 251 14.546054
000225 26 844 160 996 233 15.078583
000226 22 0 190 323 374 4.335543
000226 23 470 164 596 254 13.546279
000226 24 814 169 934 278 9.240982
000226 25 330 180 458 255 13.755601
000226 26 852 161 1010 236 14.900676
000227 22 0 190 323 374 4.335543
000227 23 470 164 596 254 13.546279
000227 24 814 169 934 278 9.240982
000227 25 330 180 458 255 13.755601
000227 26 852 161 1010 236 14.900676
000228 22 0 192 290 374 4.101752
000228 23 461 164 592 259 11.560479
000228 24 826 170 955 286 8.69487
000228 25 314 180 450 259 12.958386
000228 26 856 162 1019 241 11.024879
000228 23 450 164 588 264 11.144315
000228 24 840 171 980 297 8.331265
000228 25 297 181 443 264 12.270703
000228 26 863 165 1028 247 9.965336
000229 23 438 164 584 270 11.169669
000229 24 851 173 1002 307 7.814839
000229 25 278 181 434 269 10.648951
000229 26 869 165 1040 251 12.358767
000230 23 438 164 584 270 11.169669
000230 24 851 173 1002 307 7.814839
000230 25 278 181 434 269 10.648951
000230 26 869 165 1040 251 12.358767
000230 23 422 166 577 278 10.255452
000230 24 858 175 1027 320 7.220364
000230 25 251 183 420 277 11.017211
000230 26 877 167 1049 258 7.234724
000231 23 403 168 570 287 9.589813
000231 24 865 177 1057 334 6.743147
000231 25 220 185 404 285 10.873588
000231 26 887 173 1061 269 6.743147
000232 23 382 173 562 300 9.862571
000232 24 874 179 1093 352 6.241143
000232 25 186 187 388 295 9.558521
000232 26 890 174 1071 274 6.241143
000233 23 382 173 562 300 9.862571
000233 24 874 179 1093 352 6.241143
000233 25 186 187 388 295 9.558521
000233 26 890 174 1071 274 6.241143
000234 23 357 176 553 312 9.065767
000234 24 883 180 1136 373 13.332847
000234 25 147 189 369 306 10.392956
000234 26 894 174 1081 280 5.82808
000235 23 299 176 527 335 7.411427
000235 24 903 183 1241 374 4.983109
000235 25 50 194 326 333 9.368579
000235 26 903 176 1103 294 4.963539
000236 23 262 176 511 349 6.839833
000236 24 914 184 1241 374 4.71404
000236 25 0 195 300 346 8.988231
000237 23 219 175 495 366 7.095942
000237 24 927 185 1241 374 4.027359
000237 25 0 196 271 360 7.347566
000238 23 165 175 476 374 6.457515
000238 25 0 197 238 374 7.032204
000239 23 97 175 455 374 6.168004
000239 26 937 180 1145 336 7.529197
000240 23 8 174 432 374 6.167801
000241 23 0 173 404 374 6.012721
000242 23 0 171 372 374 6.914332
000243 23 0 169 335 374 6.307466
000243 26 976 181 1214 374 6.074429
000244 23 0 169 290 374 5.589405
000244 26 991 182 1241 374 14.497892
000246 23 0 171 236 374 5.234949
000246 26 1007 183 1241 374 14.094583
000247 26 1028 186 1241 374 4.898583
000248 26 1036 192 1241 374 4.523523
000266 27 1091 192 1241 306 11.10009
000267 27 1078 192 1241 310 10.671103
000269 27 1064 193 1225 315 10.35581
000269 27 1053 193 1218 320 9.880629
000270 27 1042 194 1212 326 9.409519
000271 27 1030 194 1207 332 9.010762
000272 27 1023 194 1207 338 8.561507
000273 27 1015 194 1208 346 8.189848
000274 27 1006 195 1209 354 7.778038
000275 27 1004 195 1226 366 7.408975
000276 27 997 196 1241 374 6.973505
000277 27 990 197 1241 374 6.5213
000278 27 982 198 1241 374 6.083506
000279 27 974 199 1241 374 5.65966
000279 28 905 190 960 231 27.814688
000280 27 977 200 1241 374 5.241078
000280 28 887 190 943 231 27.256685
000281 27 980 201 1241 374 4.905465
000281 28 869 189 926 231 25.731138
000282 27 984 203 1241 374 4.938284
000282 28 851 189 909 231 25.326954
000283 27 989 204 1241 374 5.82251
000283 28 833 188 891 231 24.812767
000284 27 994 206 1241 374 5.208332
000284 28 818 188 878 231 24.659676
000285 27 1001 208 1241 374 8.200908
000285 28 802 187 864 231 23.769638
000286 27 1025 211 1241 374 4.304459
000286 28 786 187 849 232 23.156931
000287 27 1055 216 1241 374 12.172239
000287 28 769 187 834 232 22.602213
000288 28 752 186 819 233 23.803461
000289 28 734 186 802 233 24.344824
000290 28 722 186 791 234 24.482582
000291 28 710 185 782 235 21.385435
000292 28 698 185 773 236 20.600523
000293 28 691 184 765 237 21.18453
000294 28 681 185 762 239 19.369162
000295 28 677 185 760 242 19.267721
000297 28 676 184 762 243 17.387434
000297 28 674 183 764 244 17.516634
000298 28 675 181 770 244 15.370074
000299 28 676 179 776 244 14.998232
000300 28 679 180 784 248 14.140333
000301 28 682 180 794 253 13.200961
000302 28 685 181 804 258 12.480956
000303 28 688 182 816 263 11.95002
000304 28 693 182 830 269 11.370453
000305 28 698 182 845 275 10.707738
000306 28 703 183 863 282 10.065418
000307 28 709 184 883 290 10.775729
000308 28 716 184 907 300 9.278196
000309 28 724 185 935 311 8.519548
000310 28 733 186 968 324 7.422976
000311 28 742 186 1008 341 7.572743
000312 28 751 187 1054 359 8.888105
000313 28 762 188 1112 374 6.544088
000314 28 774 189 1187 374 5.709354
000315 28 788 190 1241 374 5.05994
000316 28 805 191 1241 374 4.724302
000317 28 825 192 1241 374 4.575134
000318 28 850 194 1241 374 4.845902
000319 28 880 196 1241 374 3.850301
000320 28 920 199 1241 374 3.614621
000345 30 1047 176 1147 251 16.444082
000346 30 1023 176 1120 251 15.917341
000347 30 1000 172 1096 247 15.408688
000348 30 979 174 1073 251 16.395523
000349 30 958 175 1049 253 17.553585
000350 30 939 171 1030 252 17.021185
000351 30 921 173 1010 255 13.48504
000352 30 904 168 991 253 15.699606
000353 30 888 171 976 257 15.138558
000353 32 770 175 817 206 34.721916
000354 30 874 173 965 262 13.003222
000354 32 749 175 796 206 34.300205
000355 30 860 169 954 262 11.957838
000355 32 728 175 774 207 33.675549
000356 30 851 170 948 266 12.421067
000356 32 709 176 756 208 32.723423
000357 30 851 170 948 266 12.421067
000357 32 709 176 756 208 32.723423
000358 30 840 171 941 271 11.227539
000358 32 690 176 737 209 31.441116
000359 30 830 171 935 276 10.487261
000359 32 674 177 722 211 30.783167
000360 30 825 172 937 284 11.24092
000360 32 657 178 707 213 29.932056
000360 30 817 178 938 296 10.618042
000360 32 641 180 692 215 29.1248
000361 30 813 179 947 307 9.906686
000361 32 625 182 677 218 28.444359
000362 30 809 181 957 319 9.217805
000362 32 612 183 666 220 27.613432
000363 30 804 182 969 334 7.899827
000363 32 599 183 653 222 27.681192
000364 30 809 183 996 348 8.000715
000364 32 591 183 646 222 27.177711
000365 30 815 183 1029 366 7.298102
000365 32 582 182 638 222 26.391891
000366 30 822 183 1070 374 6.68429
000366 32 573 181 629 223 26.050386
000367 30 830 184 1121 374 6.035785
000367 32 563 180 621 223 24.894142
000368 30 844 184 1201 374 5.422721
000368 32 555 181 612 225 24.032923
000369 30 861 185 1241 374 4.688107
000369 32 548 179 608 225 23.766171
000371 30 881 186 1241 374 9.833809
000371 32 539 177 600 224 21.871433
000372 30 907 186 1241 374 9.209039
000372 32 528 175 592 224 22.023144
000372 30 941 188 1241 374 8.517325
000372 32 514 174 582 225 20.992523
000373 32 500 174 571 227 20.203133
000374 32 486 175 560 230 18.939966
000374 33 686 174 732 214 28.410604
000376 32 470 177 550 235 18.180681
000376 33 679 176 727 217 27.05435
000377 32 453 181 538 242 17.411951
000377 33 672 178 721 220 27.521805
000377 32 437 180 527 245 16.580406
000377 33 665 179 715 223 24.989119
000379 32 419 180 515 248 16.051069
000379 33 658 177 710 222 27.39703
000379 35 643 181 686 214 31.563448
000380 32 400 180 502 251 15.659739
000380 33 652 174 704 220 25.877546
000380 35 637 179 681 212 30.399765
000381 32 382 180 493 256 14.385979
000381 33 644 171 699 219 24.849194
000381 35 631 177 676 210 30.349747
000382 32 362 180 483 262 13.811923
000382 33 643 172 700 221 23.332163
000382 35 628 177 675 212 31.616728
000383 32 340 180 472 268 13.019705
000383 33 641 172 701 224 22.477192
000383 35 625 177 674 213 30.644449
000384 32 320 182 465 278 11.941321
000384 33 640 173 702 227 21.813332
000384 35 622 178 673 215 30.056385
000385 32 297 185 458 290 11.167205
000385 33 638 174 703 230 21.038673
000385 35 623 181 675 219 29.228241
000385 32 270 189 449 304 10.371303
000385 33 640 178 710 235 20.562317
000385 35 624 183 677 223 28.431686
000386 32 238 192 439 320 10.509694
000386 33 643 181 718 241 20.676466
000386 34 470 185 530 227 25.497894
000386 35 627 183 682 224 24.539505
000387 32 204 192 430 333 9.950561
000387 33 647 180 726 243 19.855425
000387 34 469 184 530 227 25.880424
000387 35 630 183 687 225 23.561129
000388 32 163 191 419 348 8.675173
000388 33 651 177 734 243 19.033379
000388 34 467 183 530 228 25.06493
000388 35 633 183 693 227 22.370638
000389 32 110 190 406 368 8.397388
000389 33 656 175 744 245 17.878929
000389 34 465 182 531 228 21.823154
000389 35 637 183 699 228 20.591513
000390 32 37 191 394 374 8.247748
000390 33 661 175 754 248 17.084335
000390 34 462 181 531 229 21.621964
000390 35 641 183 705 230 21.507929
000391 32 0 192 379 374 7.661113
000391 33 667 175 766 253 15.685632
000391 34 460 182 532 231 21.282372
000391 35 645 182 712 231 20.328909
000392 32 0 194 361 374 6.714287
000392 33 675 175 781 257 14.523182
000392 34 458 182 533 234 20.472317
000392 35 650 182 719 233 18.545713
000393 32 0 196 339 374 5.759381
000393 33 682 176 795 263 13.680051
000393 34 455 182 533 237 19.615984
000393 35 655 182 727 235 18.093184
000394 32 0 198 311 374 6.35832
000394 33 689 176 811 269 13.216811
000394 34 452 183 534 240 20.726507
000394 35 660 182 736 237 16.427679
000395 33 698 176 829 277 12.558159
000395 34 447 184 534 243 19.39888
000395 35 665 181 745 239 16.669542
000396 33 707 176 850 285 11.54892
000396 34 442 184 534 247 17.395777
000396 35 671 181 755 242 14.973003
000398 33 718 176 876 295 10.482574
000398 34 435 185 533 251 17.262066
000398 35 678 181 767 245 13.969136
000398 37 664 181 729 229 17.356392
000399 33 730 177 906 307 9.580314
000399 34 428 185 533 256 16.933386
000399 35 683 182 778 250 16.916056
000399 37 667 181 734 232 17.440817
000399 33 740 177 940 322 8.834626
000399 34 420 186 532 261 15.037382
000399 35 688 183 790 255 16.459951
000399 37 669 182 740 235 15.485275
000400 33 752 178 982 341 8.054375
000400 34 411 187 532 267 14.931261
000400 35 694 185 804 262 16.252535
000400 36 468 180 545 237 15.553757
000400 37 672 182 747 238 15.229006
000401 33 765 179 1037 365 7.494097
000401 34 398 186 528 271 14.243635
000401 35 701 187 819 269 15.139847
000401 36 461 180 542 239 14.701507
000401 37 674 183 754 241 15.139847
000402 33 781 180 1110 374 8.992203
000402 34 383 184 524 275 13.364088
000402 35 705 187 833 276 13.51976
000402 36 453 180 538 242 13.827998
000402 37 677 183 762 245 13.51976
000403 33 799 180 1208 374 11.188599
000403 34 366 183 520 281 12.982228
000403 35 711 188 850 283 13.189954
000403 36 444 179 534 244 13.170124
000403 37 681 184 771 249 13.214811
000404 33 821 178 1241 374 9.244743
000404 34 343 184 514 290 11.575969
000404 35 716 188 869 292 11.321177
000404 36 434 179 530 247 12.214604
000404 37 683 184 780 253 11.580602
000404 38 508 178 557 220 17.708666
000405 33 849 184 1241 374 5.63007
000405 34 315 185 507 302 10.675782
000405 35 723 189 891 303 10.497052
000405 36 424 178 526 251 14.438614
000405 37 686 185 790 258 11.076354
000406 34 281 186 500 316 9.705598
000406 35 731 190 919 316 9.969453
000406 36 412 178 520 254 11.666172
000406 37 690 186 801 264 10.606933
000406 38 497 178 551 223 15.956095
000407 34 240 187 491 334 9.028666
000407 35 739 191 952 331 8.185884
000407 36 398 177 515 258 13.351481
000407 37 693 187 814 271 9.443571
000407 38 491 177 548 224 15.390147
000408 33 1008 189 1241 374 15.832964
000408 34 191 187 482 353 8.743808
000408 35 750 192 994 350 7.522518
000408 36 383 176 509 263 11.966095
000408 37 697 188 828 278 8.560328
000408 38 485 177 544 225 13.569307
000409 34 128 187 470 374 8.397524
000409 35 762 194 1050 374 6.739776
000409 36 365 175 502 269 10.286581
000409 37 701 189 845 288 8.670025
000409 38 478 176 540 227 12.706888
000410 34 128 187 470 374 8.397524
000410 35 762 194 1050 374 6.739776
000410 36 365 175 502 269 10.286581
000410 37 701 189 845 288 8.670025
000410 38 478 176 540 227 12.706888
000411 34 42 187 457 374 7.588407
000411 35 777 198 1126 374 6.887274
000411 36 345 175 495 276 11.342448
000411 37 706 191 864 298 8.60764
000412 34 0 187 441 374 6.325755
000412 35 796 202 1233 374 6.267056
000412 36 321 175 487 285 11.114554
000412 37 711 193 887 311 7.856977
000412 34 0 186 421 374 5.556818
000412 35 819 205 1241 374 5.234905
000412 36 292 175 478 295 9.577683
000412 37 718 193 917 324 9.854799
000412 38 456 173 529 232 12.968829
000412 40 500 176 554 216 22.49822
000413 34 0 186 396 374 4.982209
000413 35 849 210 1241 374 4.948402
000413 36 257 174 467 308 10.525729
000413 37 726 194 953 341 8.713666
000413 38 448 172 525 234 11.066295
000413 40 496 175 553 216 21.63236
000414 34 0 186 364 374 4.747098
000414 35 890 210 1241 374 5.580613
000414 36 214 174 455 323 8.553463
000414 37 735 195 1000 362 7.997456
000414 38 439 171 521 236 10.736333
000414 40 492 174 551 217 21.03581
000415 34 0 186 319 374 4.02443
000415 36 163 174 442 343 8.47729
000415 37 746 196 1060 374 6.721634
000415 38 429 170 516 238 16.485485
000415 40 487 173 549 217 21.243259
000416 36 97 174 428 369 6.987621
000416 37 759 198 1143 374 5.659222
000416 38 418 172 511 244 15.618513
000416 40 482 171 547 218 20.369438
000417 36 8 174 410 374 6.304481
000417 37 774 200 1241 374 8.911979
000417 38 405 174 505 251 13.693246
000417 40 474 174 542 222 20.854218
000418 36 0 174 388 374 5.468782
000418 37 791 203 1241 374 6.988429
000418 38 390 177 499 259 12.857732
000418 40 465 176 537 227 20.003803
000419 36 0 174 360 374 5.162257
000419 38 373 180 493 268 12.269872
000419 40 459 177 535 231 18.493774
000420 36 0 175 324 374 4.957432
000420 38 356 180 486 275 11.53966
000421 36 0 177 276 374 4.574263
000421 38 336 181 479 284 10.742729
000421 39 697 185 801 256 17.376926
000421 40 445 179 530 238 17.491537
000422 36 0 179 208 374 4.344091
000422 37 937 227 1241 374 4.873343
000422 38 312 181 471 294 9.660053
000422 39 701 186 814 262 16.25065
000422 40 437 180 527 242 16.2677
000423 38 283 182 462 306 9.080471
000423 39 706 187 828 268 15.413709
000423 40 427 180 523 246 27.084406
000424 38 246 183 451 322 8.465909
000424 39 712 188 845 276 13.719573
000424 40 417 181 519 251 14.501606
000425 38 201 184 438 342 7.746555
000425 39 718 189 865 285 12.647621
000425 40 405 182 515 256 13.694339
000426 38 141 186 423 367 6.875106
000426 39 725 191 887 296 12.808602
000426 40 391 183 511 263 12.700705
000427 38 62 188 405 374 6.474651
000427 39 733 193 914 308 11.542272
000427 40 375 185 506 271 12.05016
000428 38 0 190 383 374 6.39573
000428 39 742 196 947 324 10.987556
000428 40 357 186 500 280 11.522683
000429 38 0 193 355 374 5.270849
000429 39 752 198 987 343 9.39664
000429 40 335 188 494 291 10.70062
000429 43 648 167 690 211 39.472427
000430 39 764 201 1038 368 8.626979
000430 40 309 191 487 304 9.909389
000430 43 647 166 691 211 38.657642
000431 39 778 205 1104 374 7.823775
000431 40 279 190 480 314 8.964673
000431 43 648 165 693 211 36.911495
000432 39 794 207 1190 374 7.60571
000432 40 243 189 471 327 8.214942
000432 43 649 164 695 211 36.089409
000433 39 813 210 1241 374 8.127619
000433 40 197 190 459 346 7.380759
000433 43 650 163 697 211 36.175682
000434 39 836 213 1241 374 7.318998
000434 40 137 192 446 372 6.965453
000434 43 651 161 699 211 35.376137
000435 39 865 217 1241 374 5.111107
000435 40 57 194 430 374 5.812885
000435 41 676 181 737 230 23.142954
000435 42 665 179 718 220 26.163904
000435 43 653 160 702 211 29.633144
000436 40 0 196 411 374 5.441872
000436 41 678 180 741 231 21.323193
000436 42 666 179 721 221 25.851425
000436 43 653 161 703 213 29.951672
000437 40 0 199 387 374 5.166977
000437 41 679 181 746 234 21.049103
000437 42 667 179 724 223 23.556454
000437 43 652 162 705 215 27.506054
000438 40 0 203 356 374 4.48103
000438 41 681 182 751 238 20.318947
000438 42 668 179 728 225 22.64216
000438 43 652 162 707 217 27.308432
000439 40 0 203 356 374 4.48103
000439 41 681 182 751 238 20.318947
000439 42 668 179 728 225 22.64216
000439 43 652 162 707 217 27.308432
000440 40 0 208 315 374 5.290758
000440 41 682 184 756 242 19.989649
000440 42 668 182 729 229 21.532366
000440 43 652 163 708 220 24.868711
000441 41 684 185 761 246 18.607571
000441 42 668 184 731 234 19.620871
000441 43 651 164 709 222 27.025614
000442 41 689 186 776 253 17.040138
000442 42 671 182 740 235 18.941698
000442 43 652 161 713 223 25.360741
000443 41 692 185 785 256 15.533088
000443 43 652 159 715 223 27.745701
000444 41 696 184 795 259 14.457767
000444 42 674 180 750 237 16.561808
000444 43 653 158 717 223 24.839851
000444 44 522 180 557 214 31.380236
000445 41 700 184 806 263 14.844099
000445 42 676 179 756 239 16.570757
000445 43 653 156 720 223 19.561939
000445 44 520 178 555 213 30.563829
000446 41 705 184 819 269 13.860619
000446 42 679 179 763 242 19.527153
000446 43 654 154 722 224 22.206331
000446 44 517 177 554 213 29.336496
000447 41 710 184 834 275 13.510937
000447 42 681 179 770 245 17.381712
000447 43 656 153 727 226 21.393333
000447 44 514 178 552 215 28.590292
000448 41 716 184 851 282 12.991633
000448 42 684 179 779 248 15.402051
000448 43 657 153 732 229 20.677008
000448 44 512 178 551 217 28.329678
000449 41 722 184 871 290 10.978266
000449 42 688 180 788 252 14.851893
000449 43 659 153 738 231 21.854141
000449 44 509 179 550 219 27.873026
000450 41 731 186 897 302 10.035564
000450 42 691 180 798 257 12.848819
000450 43 660 152 744 234 19.784634
000450 44 506 180 548 221 26.852007
000451 41 731 186 897 302 10.035564
000451 42 691 180 798 257 12.848819
000451 43 662 152 751 238 20.561039
000451 44 503 181 546 223 26.852007
000452 41 751 189 965 334 8.23875
000452 42 700 181 825 268 10.789384
000452 43 664 152 758 241 18.475945
000452 44 499 181 545 226 25.281363
000452 45 653 181 696 215 22.242981
000453 41 764 191 1013 356 7.401661
000453 42 706 181 842 276 10.087276
000453 43 666 151 766 245 16.181105
000453 44 496 181 543 226 24.45467
000453 45 654 183 699 217 21.163412
000454 41 779 194 1075 374 6.957534
000454 42 713 182 862 284 11.59172
000454 43 669 148 775 247 14.679489
000455 44 491 180 541 227 23.635685
000455 45 657 181 703 217 16.673639
000455 46 525 181 560 207 28.018631
000456 41 797 195 1158 374 6.53155
000456 42 720 182 885 294 10.694849
000456 43 672 145 785 249 14.699673
000456 44 487 178 539 227 22.234442
000456 45 659 180 707 216 19.251568
000456 46 523 180 559 207 24.972013
000457 41 818 197 1241 374 4.854527
000457 42 729 183 914 307 8.753763
000457 43 676 144 796 254 15.945374
000457 44 482 177 537 228 21.561451
000457 45 662 178 711 216 17.521889
000457 46 522 180 559 207 25.754066
000457 41 846 200 1241 374 4.935043
000457 42 739 184 948 322 8.559587
000457 43 680 143 807 259 15.311933
000457 44 477 176 535 229 20.696789
000457 45 663 179 715 218 17.788565
000457 46 520 179 558 207 24.887016
000459 42 750 185 988 339 8.829366
000459 43 684 141 821 266 13.289863
000459 44 472 176 532 232 20.190405
000459 45 665 180 719 220 15.423856
000459 42 763 186 1039 362 11.276714
000459 43 689 139 836 273 13.058879
000459 44 466 177 530 235 19.387819
000459 45 667 181 723 223 16.973297
000460 42 778 188 1106 374 9.223174
000460 43 695 137 854 281 11.740589
000460 44 460 178 528 239 18.217901
000460 45 669 182 727 226 16.126556
000461 42 796 190 1197 374 8.103425
000461 43 699 134 874 290 11.863038
000461 44 451 177 524 242 17.395596
000461 45 672 183 732 228 15.749091
000462 42 819 192 1241 374 8.648382
000462 43 704 131 897 300 10.178503
000462 44 443 176 520 244 16.559093
000462 45 673 182 736 229 14.909521
000463 42 847 193 1241 374 9.634602
000463 43 710 127 925 312 11.48536
000463 44 432 175 516 247 15.758422
000463 45 675 181 740 230 14.190639
000463 48 648 176 686 206 36.013733
000463 43 716 122 959 327 10.366215
000463 44 421 175 512 252 14.546335
000463 45 677 180 745 230 13.213711
000463 48 648 175 688 206 35.09697
000465 42 933 195 1241 374 8.089432
000465 43 723 116 1001 346 7.914227
000465 44 409 174 506 257 13.823928
000465 45 679 178 750 231 12.37077
000465 47 526 169 562 201 35.749409
000465 48 649 175 690 206 34.242817
000466 43 731 108 1054 370 7.103746
000466 44 394 174 501 263 13.035374
000466 45 681 179 757 234 11.474621
000466 47 524 170 561 203 34.819012
000466 48 649 174 692 207 33.940273
000467 43 741 96 1126 374 6.280625
000467 44 378 174 494 270 11.994823
000467 45 683 179 763 238 10.548872
000467 47 521 171 559 205 33.942337
000467 48 650 174 694 207 33.063076
000468 43 753 78 1224 374 5.561916
000468 44 358 174 487 279 11.25759
000468 45 685 180 771 241 13.224669
000468 47 518 170 558 205 29.866611
000469 43 766 54 1241 374 14.360625
000469 44 334 175 479 289 10.553057
000469 45 692 181 785 246 12.627014
000469 47 515 169 556 205 29.67169
000470 43 783 14 1241 374 24.302011
000470 44 306 176 469 301 9.1819
000470 45 695 182 795 251 11.76256
000470 47 512 168 554 205 28.792988
000471 43 804 0 1241 374 14.405386
000471 44 271 177 457 316 8.977276
000471 47 508 169 551 207 26.635563
000471 48 652 174 702 211 30.227526
000472 43 830 0 1241 374 19.338051
000472 44 228 178 444 335 7.573998
000472 45 703 184 819 264 12.721169
000472 46 452 177 523 225 19.912802
000472 47 503 170 549 209 22.840473
000472 48 653 175 704 214 29.359394
000473 44 173 180 429 359 6.693202
000473 45 707 185 834 271 12.371479
000473 46 444 180 519 231 19.013235
000473 47 499 171 546 212 22.478601
000473 48 653 176 706 216 27.571102
000473 49 526 173 563 203 25.943968
000474 43 913 0 1241 374 14.129391
000474 44 99 181 411 374 6.012947
000474 45 712 187 851 280 11.520335
000474 46 435 182 515 235 17.274572
000474 47 494 172 543 214 22.423485
000474 48 653 177 708 219 26.799894
000474 49 524 174 562 204 24.551859
000475 44 0 182 390 374 5.943105
000475 45 717 189 871 291 11.099735
000475 46 426 183 511 239 16.103395
000475 47 488 174 540 217 23.545219
000475 48 653 179 710 222 26.069853
000475 49 521 175 560 206 23.545219
000476 44 0 184 363 374 4.591774
000476 45 724 189 895 301 10.230993
000476 46 416 183 506 243 16.292007
000476 47 484 173 537 219 19.796909
000476 48 652 180 712 225 25.860634
000476 49 518 175 558 207 22.12982
000477 45 732 190 924 314 9.427142
000477 46 404 184 501 248 15.267625
000477 47 479 173 534 220 21.985826
000477 48 654 180 716 227 24.089424
000477 49 515 175 556 208 21.698244
000478 45 741 191 959 329 8.594482
000478 46 391 185 495 253 13.826353
000478 47 474 173 532 222 20.850603
000478 48 656 180 721 229 23.238878
000478 49 511 175 554 209 20.850603
000479 45 751 192 1004 349 7.524764
000479 46 375 186 489 259 14.452588
000479 47 469 173 529 224 20.908985
000479 48 658 180 726 231 22.147404
000479 49 509 175 553 210 20.908985
000480 45 763 193 1062 374 6.832377
000480 46 359 187 484 265 12.015087
000480 47 463 173 526 226 20.072002
000480 48 660 180 732 233 21.303631
000480 49 506 175 551 211 20.072002
000481 45 778 194 1139 374 7.693354
000481 46 339 188 477 273 11.48499
000481 47 457 173 523 229 18.927246
000481 48 663 180 738 235 19.823872
000481 49 503 175 550 212 19.257975
000482 45 798 196 1241 374 6.48612
000482 46 317 189 470 281 13.206343
000482 47 450 173 519 231 18.772242
000482 48 665 181 745 238 19.466667
000482 50 649 182 699 218 19.17157
000484 45 822 198 1241 374 5.906818
000484 46 290 190 463 292 11.684324
000484 47 442 173 516 234 17.131556
000484 48 666 181 750 241 18.564095
000484 50 650 183 701 219 18.348969
000485 46 219 193 443 319 10.445221
000485 47 424 173 507 241 15.509402
000485 48 666 181 761 248 16.74291
000485 50 653 183 707 222 16.747736
000486 46 219 193 443 319 10.445221
000486 47 424 173 507 241 15.509402
000486 48 666 181 761 248 16.74291
000486 50 653 183 707 222 16.747736
000487 46 170 195 432 338 7.702305
000487 47 414 174 503 245 15.399992
000487 48 669 181 770 251 15.994994
000487 49 483 175 540 219 22.203587
000487 50 654 183 710 223 15.985188
000488 46 105 196 416 361 6.929044
000488 47 402 174 498 250 14.207782
000488 48 672 181 780 255 15.330441
000488 49 479 175 538 221 22.705471
000488 50 656 182 714 224 15.418027
000489 46 17 198 398 374 9.636231
000489 47 388 175 493 255 13.387517
000489 48 676 180 791 260 14.424438
000489 49 474 175 536 222 20.539103
000489 50 657 183 718 226 14.454381
000490 46 0 200 378 374 9.953029
000490 47 373 175 487 261 13.407346
000490 48 679 180 804 265 13.559387
000490 49 468 175 534 225 20.659023
000490 50 659 183 723 229 13.628073
000490 52 515 178 554 209 30.901033
000491 46 0 203 353 374 7.155703
000491 47 355 176 481 268 11.919717
000491 48 683 181 818 272 12.427914
000491 49 463 175 531 227 20.265318
000491 50 661 184 727 231 12.654059
000491 52 512 178 552 210 30.496719
000492 47 311 177 466 286 10.246099
000492 48 693 183 854 290 10.765371
000492 49 449 176 525 232 18.657303
000493 46 0 216 229 374 4.616559
000493 47 283 178 457 297 9.546803
000493 48 699 184 877 302 9.742972
000493 49 441 176 522 235 17.868244
000493 52 504 178 548 213 29.556494
000494 47 250 179 446 310 8.804682
000494 48 705 185 904 314 8.794792
000494 49 433 176 519 238 16.884747
000494 52 501 178 546 214 28.754795
000495 47 211 180 435 325 7.909324
000495 48 712 185 936 329 8.34981
000495 49 423 176 516 241 16.382105
000495 52 497 178 544 215 27.800764
000496 47 161 181 421 345 7.292688
000496 48 720 186 977 347 8.433879
000496 49 413 176 512 245 15.414641
000497 52 494 178 543 217 27.000267
000497 47 96 181 405 371 6.552718
000497 48 730 186 1028 371 7.405522
000497 49 401 177 508 249 14.650039
000497 52 490 179 541 218 25.760986
000498 47 96 181 405 371 6.552718
000498 48 730 186 1028 371 7.405522
000498 49 401 177 508 249 14.650039
000498 52 490 179 541 218 25.760986
000499 47 0 184 361 374 5.841038
000499 48 755 188 1191 374 8.039945
000499 49 376 178 498 260 13.177482
000499 50 682 187 791 261 13.738933
000500 47 0 184 361 374 5.841038
000500 48 755 188 1191 374 8.039945
000500 49 376 178 498 260 13.177482
000500 50 682 187 791 261 13.738933
000501 47 0 185 332 374 5.23169
000501 48 772 189 1241 374 7.355955
000501 49 362 179 493 267 12.381441
000501 50 687 189 804 268 11.146423
000501 51 656 182 715 228 23.796904
000501 52 476 179 534 223 22.46451
000502 47 0 190 242 374 4.225086
000502 48 819 191 1241 374 5.540045
000502 49 325 177 481 277 11.129054
000502 50 696 187 834 278 10.98535
000502 51 659 180 724 229 22.197277
000502 52 468 175 531 221 21.360802
000503 49 303 172 473 281 10.244963
000503 50 702 187 854 287 10.227051
000503 51 659 177 728 228 20.136036
000503 52 463 173 528 222 20.974596
000503 53 649 174 699 212 20.136036
000504 49 275 176 466 295 9.675082
000504 50 709 188 878 297 9.474755
000504 51 660 174 732 227 18.067844
000504 52 457 172 525 223 20.538769
000504 53 651 172 702 211 18.067844
000505 49 242 180 457 311 8.84832
000505 50 717 189 906 309 8.822566
000505 51 663 177 740 233 17.412006
000505 52 452 175 523 228 19.171547
000505 53 654 175 708 216 17.412006
000506 49 202 180 448 327 8.078513
000506 50 727 190 942 324 8.062229
000506 51 666 181 748 239 16.626759
000506 52 447 176 521 232 18.394897
000506 53 657 179 713 221 16.626759
000507 49 152 181 438 346 7.417287
000507 50 738 190 987 343 7.216409
000507 51 668 178 754 239 15.929996
000507 52 440 175 519 233 17.103321
000507 53 658 178 716 222 15.929996
000508 49 87 181 425 371 6.631342
000508 50 751 192 1045 367 6.415137
000508 51 672 182 763 246 14.702467
000508 52 434 178 517 239 16.443899
000508 53 659 178 720 223 14.702467
000509 49 3 182 409 374 6.284354
000509 50 766 193 1118 374 8.480233
000509 51 677 185 774 254 14.45591
000509 52 426 181 514 245 15.598888
000509 53 662 182 725 229 14.690357
000510 49 0 182 390 374 6.064651
000510 50 783 196 1221 374 9.133719
000510 51 681 190 785 264 13.840062
000510 52 418 184 511 252 14.955505
000510 53 665 187 731 236 13.840062
000511 49 0 183 367 374 5.782347
000511 50 805 199 1241 374 11.342543
000511 51 685 189 796 267 13.133565
000511 52 409 187 507 260 14.218591
000511 53 667 184 736 236 12.429988
000512 49 0 184 338 374 4.32777
000512 51 690 185 809 267 12.406955
000512 52 396 183 504 260 13.343554
000512 53 669 182 742 235 11.46631
000513 51 694 183 824 270 11.626496
000513 52 381 182 501 263 13.12229
000514 51 699 181 841 274 11.169611
000514 52 365 182 494 268 12.264849
000514 53 674 177 754 235 11.350442
000515 51 704 182 859 283 11.102743
000515 52 347 184 487 277 11.475142
000516 51 710 184 881 294 10.576981
000516 52 327 186 480 287 10.70168
000516 53 678 179 768 242 10.685848
000517 51 715 186 906 308 10.512884
000517 52 303 189 472 299 9.918689
000518 51 722 188 937 324 9.915427
000518 52 275 192 463 314 9.192627
000519 51 729 190 974 345 8.893733
000519 52 240 193 452 328 8.515566
000520 51 738 193 1022 371 6.764562
000520 52 198 195 440 345 7.895438
000520 53 688 186 804 268 12.310203
000520 54 667 181 749 241 13.507338
000521 51 748 194 1077 374 5.988775
000521 52 145 196 425 366 6.886794
000521 53 692 186 817 273 11.560997
000521 54 669 180 755 243 13.387346
000522 51 759 194 1149 374 6.815533
000522 52 85 197 411 374 6.365273
000522 53 697 186 832 279 10.980581
000522 54 671 179 762 245 12.448555
000522 55 689 170 798 210 15.163806
000523 51 772 195 1241 374 7.537485
000523 52 7 198 394 374 5.691725
000523 53 702 186 850 286 10.164073
000523 54 673 178 770 247 11.105123
000524 51 788 195 1241 374 6.694588
000524 52 0 199 374 374 11.916359
000524 53 707 186 870 295 9.345865
000524 54 676 176 778 249 10.470551
000526 51 808 196 1241 374 5.963731
000526 53 714 186 893 305 9.594116
000526 54 678 176 788 254 9.91873
000527 51 832 197 1241 374 5.121543
000527 52 0 202 320 374 5.1678
000527 53 720 186 919 315 8.811126
000527 54 681 176 799 258 9.189637
000528 52 0 204 282 374 4.591551
000528 53 727 186 949 328 8.081614
000528 54 684 176 811 264 9.342851
000528 53 735 185 985 343 7.980785
000528 54 689 175 825 268 10.305823
000529 53 745 185 1030 361 7.256798
000529 54 694 174 839 272 10.350211
000530 53 756 185 1088 374 6.867632
000530 54 698 175 854 279 8.901131
000531 53 764 187 1141 374 6.131832
000531 54 701 176 870 287 9.192653
000532 53 774 188 1208 374 7.337461
000532 54 706 178 888 297 8.851394
000533 53 774 188 1208 374 7.337461
000533 54 706 178 888 297 8.851394
000534 53 798 192 1241 374 6.462235
000534 54 714 181 928 317 7.736092
000535 53 813 194 1241 374 5.736919
000535 54 718 182 949 329 7.198946
000535 55 539 170 699 242 22.908121
000536 53 831 197 1241 374 5.968407
000536 54 722 184 972 342 6.538926
000536 55 529 173 692 249 22.471567
000537 54 727 185 999 357 6.90651
000538 53 880 205 1241 374 24.656303
000538 54 732 187 1030 374 6.994082
000539 54 737 189 1067 374 11.382451
000540 54 743 190 1108 374 6.319445
000541 54 750 190 1156 374 6.117661
000542 54 757 191 1215 374 10.620543
000542 55 458 177 665 284 3.393641
000543 54 765 192 1241 374 11.98773
000543 55 443 177 661 290 26.405693
000544 54 774 193 1241 374 11.799056
000544 55 426 178 656 299 25.806524
000545 54 784 194 1241 374 10.833144
000545 55 407 179 651 309 24.78006
000546 54 796 195 1241 374 23.544956
000546 55 385 180 645 321 24.466314
000547 54 810 196 1241 374 23.556015
000547 55 359 181 638 334 24.382704
000548 55 330 182 631 351 14.01927
000549 54 845 199 1241 374 3.739092
000549 55 296 182 622 368 13.633669
000550 54 855 201 1241 374 22.854401
000550 55 255 182 611 374 8.306832
000552 54 867 203 1241 374 21.608469
000552 55 204 182 600 374 13.730066
000553 54 882 205 1241 374 3.933453
000553 55 139 181 586 374 16.793386
000553 55 54 181 570 374 21.243845
000554 55 54 181 570 374 21.243845
000555 54 924 213 1241 374 18.733698
000555 55 0 182 555 374 20.697243
000556 55 0 183 538 374 23.54233
000557 55 0 183 518 374 26.431576
000558 55 0 186 466 374 32.78548
000559 55 0 188 430 374 32.128483
000560 55 0 187 393 374 31.639471
000561 55 0 187 344 374 19.60527
000562 55 0 187 279 374 19.719
000563 55 0 187 188 374 21.315973
000626 56 524 177 579 217 8.477807
000627 56 523 176 581 218 7.94832
000628 56 518 177 579 221 7.42381
000629 56 513 178 578 224 6.447655
000629 58 806 167 817 202 27.276316
000630 56 507 179 576 227 5.917071
000630 58 810 167 822 202 26.768347
000631 56 500 180 574 231 4.795366
000632 56 493 180 572 236 4.879351
000633 56 484 181 568 241 4.53189
000635 58 836 164 851 203 26.381601
000637 56 449 184 556 261 5.244152
000637 58 842 163 857 203 28.32324
000637 56 432 186 550 271 4.134233
000638 56 412 187 544 283 4.298762
000639 56 386 189 536 298 4.043649
000640 56 353 191 527 315 12.782634
000641 56 309 192 516 338 28.769196
000641 58 870 165 886 209 24.165545
000642 56 247 194 501 370 20.687143
000644 56 155 196 483 374 22.757372
000644 58 880 164 897 210 24.114378
000645 56 1 199 458 374 15.884933
000645 58 885 164 903 211 24.843203
000646 56 0 204 431 374 15.27833
000646 56 0 211 390 374 18.139763
000647 56 0 224 324 374 21.18795
000647 57 504 180 589 240 3.248785
000653 57 428 186 559 279 3.880737
000653 58 936 160 957 218 17.627737
000654 57 372 189 541 308 3.447613
000655 57 332 192 531 330 2.979824
000656 57 278 194 517 359 2.538162
000657 57 200 198 501 374 25.043894
000657 58 975 157 1002 223 17.93181
000658 57 200 198 501 374 25.043894
000658 58 975 157 1002 223 17.93181
000659 57 0 206 463 374 17.517151
000660 57 0 212 432 374 18.311741
000661 57 0 221 386 374 21.741169
000661 58 1028 153 1057 230 16.289497
000662 57 0 219 292 374 18.597029
000662 58 1044 152 1075 232 22.815851
000663 58 1064 151 1097 234 19.085411
000665 58 1112 147 1146 239 21.582708
000667 58 1165 143 1219 244 9.762932
000668 58 1165 143 1219 244 9.762932
000779 59 672 171 782 209 34.383797
000780 59 672 174 785 212 33.685966
000781 59 673 177 789 216 32.842274
000782 59 673 179 793 220 32.296062
000783 59 674 179 797 221 31.439747
000784 59 674 179 797 221 31.439747
000786 59 676 178 807 222 31.233128
000787 59 677 177 812 223 27.139225
000788 59 677 177 818 224 26.496649
000789 59 678 176 824 225 25.573162
000790 59 682 177 839 230 24.952436
000791 59 684 177 848 233 23.839991
000792 59 686 177 858 235 22.940966
000793 59 689 176 868 237 22.012007
000793 62 644 178 717 205 22.0177
000794 59 691 176 880 240 21.071457
000795 59 691 176 880 240 21.071457
000796 59 701 176 911 247 18.990396
000797 59 706 176 929 251 18.239616
000797 62 648 177 728 207 41.300396
000798 59 712 177 950 256 17.485081
000798 62 650 177 732 207 40.331936
000799 59 719 177 973 262 16.530849
000799 62 651 176 735 208 38.707973
