2.280098 -0.090658501 -0.000203774 0.536078393 -0.000682220 -0.044772238 -0.000142862 0.998996973
2.381917 -0.129465535 0.005357215 0.689283252 -0.000446177 -0.059524257 0.000070569 0.998226762
2.485299 -0.166544884 0.006970358 0.855273664 -0.000336615 -0.076312385 0.000387557 0.997083843
2.588680 -0.227396429 0.004873512 1.024038792 -0.000517898 -0.093295082 0.000653763 0.995638132
2.691937 -0.293078244 0.008151009 1.198093891 -0.000489591 -0.111929126 0.000680669 0.993715823
2.795318 -0.373447001 0.010259493 1.380334735 -0.000931752 -0.131867409 -0.000072007 0.991266906
2.898699 -0.462788761 0.018368218 1.572965860 -0.001372467 -0.153164938 -0.001290786 0.988198817
3.001943 -0.565989017 0.016378300 1.764011145 -0.002705848 -0.174892575 -0.002439631 0.984580755
3.105326 -0.686495125 0.020171691 1.968537569 -0.003594778 -0.197728291 -0.003212915 0.980244994
3.208707 -0.814029574 0.023321413 2.176370382 -0.004441895 -0.221627921 -0.003484855 0.975114942
3.312099 -0.951218247 0.027159091 2.381734848 -0.006105170 -0.245935678 -0.003319015 0.969261229
3.415482 -1.111051321 0.033382677 2.591742516 -0.009051449 -0.270323902 -0.003343189 0.962721109
3.518861 -1.295430422 0.042761683 2.792773962 -0.010894320 -0.294787467 -0.005107281 0.955487072
3.622246 -1.483576775 0.050618157 2.992226839 -0.012345206 -0.320328534 -0.007071578 0.947199643
3.725629 -1.691430807 0.060791560 3.188799620 -0.014003743 -0.345770597 -0.009643426 0.938165009
3.829134 -1.925173044 0.077905059 3.382001400 -0.015928581 -0.370748162 -0.010847905 0.928533494
3.932518 -2.162799358 0.090426140 3.569544554 -0.018611770 -0.396472514 -0.011307402 0.917788267
4.036007 -2.432685375 0.105528504 3.750804901 -0.020479629 -0.421755135 -0.011223300 0.906408966
4.139514 -2.713137150 0.122106843 3.920815229 -0.021704298 -0.447248489 -0.011236624 0.894075751
4.243039 -3.008876324 0.134538457 4.083016396 -0.022261018 -0.472457379 -0.010981335 0.881003916
4.346542 -3.332573652 0.158055007 4.234661579 -0.021795569 -0.496329397 -0.011038441 0.867790461
4.450175 -3.659452200 0.175790966 4.368077278 -0.021372134 -0.519360244 -0.011108299 0.854215860
4.553824 -4.008954048 0.193536878 4.490484238 -0.021489959 -0.541102827 -0.010571862 0.840615332
4.657574 -4.382802486 0.224014819 4.618120193 -0.021859461 -0.561917901 -0.009863413 0.826845288
4.761192 -4.763757706 0.249543041 4.720854282 -0.022486009 -0.581911743 -0.009194163 0.812889040
4.864821 -5.167697906 0.271394968 4.814875603 -0.024627097 -0.600841403 -0.008192163 0.798946798
4.968458 -5.584592342 0.294144034 4.887490273 -0.026032621 -0.618593037 -0.009543785 0.785222173
5.072083 -6.020319939 0.318456650 4.947018147 -0.026817851 -0.634390533 -0.010867081 0.772470891
5.175831 -6.464008331 0.343650609 4.994072914 -0.026798509 -0.648428798 -0.011582263 0.760715306
5.279599 -6.930743694 0.372949809 5.032914639 -0.026018688 -0.660357177 -0.011815219 0.750407755
5.383374 -7.396701813 0.400068879 5.062253475 -0.025544699 -0.670736730 -0.011872603 0.741160393
5.487113 -7.879239559 0.430969685 5.086423874 -0.025767513 -0.679742098 -0.010899627 0.732917368
5.590868 -8.361841202 0.457856476 5.107290745 -0.027276013 -0.687506020 -0.009537871 0.725603580
5.694618 -8.874528885 0.488438994 5.110332489 -0.027522095 -0.694284976 -0.009327075 0.719113290
5.798374 -9.382911682 0.514767230 5.107596397 -0.026924547 -0.699942708 -0.009544430 0.713627458
5.902142 -9.907958031 0.546826959 5.101247311 -0.025890995 -0.704905570 -0.010272209 0.708754003
6.005885 -10.441087723 0.581796587 5.088086605 -0.025332442 -0.708624482 -0.010845452 0.705047488
6.109768 -10.990592957 0.615023017 5.074532032 -0.025666757 -0.711220622 -0.011045166 0.702413321
6.213526 -11.544122696 0.653009832 5.054212093 -0.026605546 -0.712637782 -0.011188468 0.700938225
6.317290 -12.116654396 0.687994540 5.045451164 -0.027923265 -0.713664591 -0.011877411 0.699829996
6.421045 -12.693265915 0.726216435 5.028932571 -0.027759651 -0.714322805 -0.012988645 0.699144959
6.524669 -13.261944771 0.756088495 5.004755497 -0.027453722 -0.715039849 -0.012763785 0.698427796
6.628307 -13.840228081 0.794121385 4.985267639 -0.027053725 -0.715824902 -0.012395145 0.697645485
6.731933 -14.437753677 0.828401625 4.966058254 -0.026750768 -0.716561139 -0.011791614 0.696911395
6.835569 -15.042728424 0.865938485 4.950402260 -0.026423022 -0.716989636 -0.011630707 0.696485758
6.939332 -15.651457787 0.904288948 4.926431656 -0.026484346 -0.716872990 -0.012685748 0.696585059
7.042958 -16.282754898 0.946833849 4.908468246 -0.027250173 -0.716900527 -0.013571597 0.696510494
7.146589 -16.905942917 0.984371543 4.875548840 -0.027072586 -0.716511250 -0.014354670 0.696902156
7.250228 -17.542121887 1.022513151 4.856057167 -0.025926502 -0.716600120 -0.013835971 0.696864843
7.353858 -18.183404922 1.064586639 4.834771633 -0.024604555 -0.716583431 -0.012388543 0.696957171
7.457479 -18.834295273 1.111764193 4.807687759 -0.024025166 -0.716413498 -0.010304941 0.697186053
7.561120 -19.520345688 1.152759552 4.789623260 -0.024029015 -0.716331124 -0.010460497 0.697268248
7.664747 -20.197052002 1.191178441 4.767001629 -0.025332199 -0.716146469 -0.011888924 0.697388828
7.768382 -20.885717392 1.228607774 4.739185810 -0.027139850 -0.716174483 -0.012797284 0.697275996
7.872008 -21.581407547 1.268574476 4.729088783 -0.028524235 -0.716512084 -0.012568420 0.696877956
7.975648 -22.274841309 1.310471296 4.704613686 -0.029862517 -0.716520011 -0.011086914 0.696838856
8.079157 -22.966701508 1.356314301 4.701268196 -0.030432269 -0.717057228 -0.009001933 0.696291447
8.182776 -23.672891617 1.394368291 4.674553394 -0.029713236 -0.717242301 -0.007668319 0.696147859
8.286421 -24.377079010 1.439563394 4.651701450 -0.028173864 -0.717699230 -0.005934588 0.695757687
8.390059 -25.088912964 1.478730083 4.631740093 -0.027810408 -0.718192279 -0.003945023 0.695277512
8.493681 -25.816265106 1.516792893 4.602014065 -0.028341603 -0.718167365 -0.002606963 0.695288122
8.597321 -26.545736313 1.547948718 4.565958500 -0.028654417 -0.718171299 -0.003350597 0.695268035
8.700941 -27.279197693 1.587916017 4.545044422 -0.029200228 -0.718448043 -0.003736420 0.694957435
8.804451 -28.022176743 1.629622936 4.522767067 -0.029800119 -0.718788505 -0.003875571 0.694579065
8.908077 -28.763273239 1.661049962 4.489444733 -0.030753221 -0.718642175 -0.004449212 0.694685459
9.011712 -29.510068893 1.707748413 4.460881233 -0.031340268 -0.718462050 -0.003651210 0.694850147
9.115479 -30.255311966 1.740757346 4.435123444 -0.031025475 -0.718845844 -0.003877876 0.694465995
9.219149 -31.005949020 1.785154462 4.407413483 -0.031130744 -0.718960106 -0.002956509 0.694347501
9.322732 -31.749591827 1.823273540 4.380132675 -0.030753247 -0.719140291 -0.003340499 0.694176018
9.426363 -32.508167267 1.863345265 4.354738235 -0.031196529 -0.719296038 -0.002717500 0.693997622
9.530007 -33.259067535 1.899579525 4.324467182 -0.031977572 -0.719427526 -0.001340936 0.693829715
9.633628 -34.014148712 1.932723284 4.299245834 -0.031800218 -0.719747186 0.000664184 0.693507254
9.737262 -34.784690857 1.976056099 4.270727158 -0.032281324 -0.720041335 0.002497886 0.693175375
9.840891 -35.549182892 2.011709690 4.240970612 -0.033091728 -0.720394909 0.002144434 0.692770839
9.944520 -36.321495056 2.049922943 4.206597805 -0.035127163 -0.720856309 0.000803742 0.692193270
10.048170 -37.103019714 2.089445114 4.168654442 -0.036352605 -0.721206486 -0.000127997 0.691765606
10.151790 -37.874366760 2.130160809 4.128107071 -0.035990354 -0.721560836 -0.000548437 0.691414773
10.255410 -38.653678894 2.170748472 4.092935562 -0.035037141 -0.722075939 -0.000804778 0.690925539
10.359040 -39.436168671 2.217884541 4.043475628 -0.033775177 -0.722508669 -0.000893434 0.690535724
10.462680 -40.227802277 2.256172895 4.000164032 -0.033510782 -0.723039985 -0.001700443 0.689990699
10.566320 -41.010681152 2.299666166 3.954163074 -0.034078095 -0.723302841 -0.002149013 0.689686239
10.669960 -41.806411743 2.347472668 3.918516636 -0.033674248 -0.724000216 -0.003352691 0.688969135
10.773460 -42.591651917 2.385274410 3.858412743 -0.032875456 -0.724256575 -0.004373200 0.688732505
10.877090 -43.388504028 2.424153328 3.812897921 -0.032405093 -0.724824250 -0.004377623 0.688157320
10.980710 -44.178001404 2.464664936 3.762119055 -0.032728039 -0.725096345 -0.003703017 0.687859416
11.084350 -44.974792480 2.504981518 3.717201710 -0.032980151 -0.725602031 -0.003638614 0.687314212
11.187980 -45.760505676 2.550755739 3.663640499 -0.033186808 -0.725970447 -0.003578360 0.686915398
11.291610 -46.556545258 2.604262114 3.604019403 -0.032963604 -0.726198554 -0.003642688 0.686684608
11.395240 -47.344383240 2.637327909 3.564753771 -0.032843851 -0.726667047 -0.004195077 0.686191380
11.498860 -48.134353638 2.675090075 3.512158155 -0.032250799 -0.726935387 -0.005400550 0.685926855
11.602500 -48.923221588 2.720016718 3.450607300 -0.031163927 -0.726854384 -0.007354032 0.686044812
11.706170 -49.709739685 2.762921333 3.399557352 -0.030397635 -0.726728380 -0.009451125 0.686186910
11.809900 -50.497177124 2.810024738 3.349020720 -0.030000230 -0.726334035 -0.011473042 0.686590970
11.913530 -51.301345825 2.856415749 3.300830126 -0.030571271 -0.725688398 -0.011903456 0.687240899
12.017160 -52.093135834 2.905579805 3.258218050 -0.031179817 -0.725028157 -0.011796603 0.687911928
12.120910 -52.887516022 2.959177971 3.210154057 -0.031161709 -0.724409282 -0.010918001 0.688578904
12.224550 -53.675868988 3.000924110 3.170987844 -0.030365532 -0.724086344 -0.009944882 0.688968778
12.328180 -54.473930359 3.054130077 3.129621983 -0.029748684 -0.723808825 -0.008630917 0.689304948
12.431810 -55.260032654 3.092760324 3.090213299 -0.029405044 -0.723526776 -0.008322028 0.689619601
12.535480 -56.062068939 3.139181137 3.039819717 -0.028277989 -0.723183572 -0.009254814 0.690014660
12.639070 -56.851417542 3.180308104 3.000658751 -0.027616397 -0.722920358 -0.009871236 0.690308630
12.742730 -57.663925171 3.228234053 2.960450411 -0.026818532 -0.722699046 -0.009874533 0.690571785
12.846330 -58.452491760 3.269102335 2.921681404 -0.026344074 -0.722626269 -0.009721733 0.690668404
12.949980 -59.260692596 3.312947035 2.899446964 -0.026464093 -0.722716093 -0.009610082 0.690571368
13.053600 -60.065380096 3.360316515 2.851344585 -0.026909219 -0.722311854 -0.008289769 0.690993965
13.157270 -60.879016876 3.400238752 2.810838461 -0.027280066 -0.722050369 -0.007237903 0.691264510
13.260730 -61.685134888 3.441373587 2.769954681 -0.027441822 -0.721866369 -0.006393199 0.691458642
13.364370 -62.509574890 3.487596750 2.739429712 -0.028013485 -0.721855640 -0.005324724 0.691455960
13.468010 -63.349681854 3.533508062 2.706289530 -0.028657362 -0.721567154 -0.003885082 0.691740215
13.571640 -64.146194458 3.577139378 2.670374393 -0.028891237 -0.721133888 -0.004320442 0.692179561
13.675270 -64.987068176 3.624176979 2.640492678 -0.029562406 -0.720601797 -0.004999294 0.692700565
13.778890 -65.827644348 3.662671328 2.592800379 -0.029520845 -0.719906151 -0.006233877 0.693415284
13.882410 -66.659500122 3.701673508 2.546899796 -0.029318025 -0.719477952 -0.006530168 0.693865478
13.986040 -67.496955872 3.753092051 2.529743433 -0.029734999 -0.719387114 -0.005984370 0.693946838
14.089660 -68.337493896 3.797031403 2.494308233 -0.029404197 -0.718993902 -0.006021332 0.694368005
14.193300 -69.185211182 3.842213631 2.449681282 -0.029722244 -0.718815625 -0.006074924 0.694538534
14.296940 -70.003814697 3.876497507 2.418864012 -0.029704820 -0.718552709 -0.005595577 0.694815278
14.400440 -70.865287781 3.933774710 2.385804892 -0.029571151 -0.718884230 -0.005351636 0.694479883
14.504060 -71.718193054 3.976024628 2.353775978 -0.029273074 -0.719116151 -0.005781989 0.694248974
14.607580 -72.551582336 4.022907257 2.315773726 -0.029405093 -0.719084442 -0.006614678 0.694268823
14.711210 -73.403266907 4.069906712 2.271304846 -0.029046571 -0.719147265 -0.007394231 0.694210947
14.814830 -74.216751099 4.113328934 2.239891052 -0.028572723 -0.719312370 -0.008433305 0.694047689
14.918480 -75.059318542 4.157739639 2.205682278 -0.028282866 -0.719417512 -0.008271861 0.693952501
15.022100 -75.879898071 4.204955578 2.171755314 -0.027945694 -0.719526291 -0.008666087 0.693848610
15.125730 -76.719505310 4.257232666 2.138591051 -0.027688507 -0.719554603 -0.008845400 0.693827271
15.229360 -77.522315979 4.291223049 2.105923891 -0.028206570 -0.719595015 -0.009739966 0.693752468
15.333000 -78.347465515 4.331102848 2.073193550 -0.027592862 -0.719440639 -0.010780344 0.693921924
15.436620 -79.165351868 4.376008511 2.035184860 -0.026858948 -0.718734205 -0.012025995 0.694661856
15.540260 -79.986091614 4.419109344 2.008306265 -0.026218629 -0.718488634 -0.012482402 0.694932282
15.643900 -80.796173096 4.462617397 1.974928379 -0.025651507 -0.718040645 -0.012752102 0.695411384
15.747530 -81.612640381 4.516372681 1.948621750 -0.024868105 -0.717915773 -0.011883652 0.695584178
15.851160 -82.413597107 4.546501637 1.913414001 -0.023811920 -0.717550337 -0.011742129 0.696000397
15.954660 -83.217697144 4.594135284 1.887435913 -0.023144262 -0.717449784 -0.011221074 0.696135163
16.058280 -84.023498535 4.633037090 1.852413893 -0.023998110 -0.717530370 -0.011090213 0.696025372
16.161790 -84.839576721 4.672296524 1.823793173 -0.025381470 -0.717823923 -0.012053868 0.695657432
16.265430 -85.642471313 4.714993954 1.791037083 -0.026032891 -0.718205810 -0.012829393 0.695225298
16.368940 -86.421859741 4.754503250 1.767553806 -0.026125472 -0.719048083 -0.013037197 0.694346726
16.472570 -87.229759216 4.804676533 1.727904081 -0.026046610 -0.719590127 -0.011813905 0.693809807
16.576200 -88.004592896 4.845631599 1.696806908 -0.025157254 -0.720389605 -0.010946357 0.693026781
16.679840 -88.793312073 4.888796329 1.656090260 -0.025444951 -0.720910192 -0.009105592 0.692501307
16.783340 -89.577529907 4.928118229 1.622333765 -0.026790595 -0.721678972 -0.007726102 0.691666126
16.887170 -90.364898682 4.959450722 1.593816280 -0.029001109 -0.722614408 -0.007604840 0.690600812
16.990730 -91.174247742 5.013531685 1.557034492 -0.030363269 -0.723767281 -0.009325996 0.689312756
17.094360 -91.948020935 5.048093319 1.512235165 -0.031809088 -0.724544883 -0.010259188 0.688416839
17.197990 -92.721908569 5.096392155 1.464413643 -0.030918334 -0.725378931 -0.011105633 0.687565327
17.301750 -93.524047852 5.142885208 1.400712967 -0.028071590 -0.726018250 -0.011818226 0.687000632
17.405380 -94.305145264 5.192129135 1.356405735 -0.025888851 -0.726884902 -0.012290807 0.686161041
17.509140 -95.095695496 5.235644341 1.295323849 -0.025450228 -0.727659166 -0.012681424 0.685349226
17.612770 -95.879859924 5.279414654 1.246111870 -0.026394766 -0.728552163 -0.013001692 0.684358120
17.716400 -96.664672852 5.321793079 1.190574169 -0.027106436 -0.729458690 -0.013055092 0.683362901
17.820040 -97.447013855 5.363914490 1.139483929 -0.027669234 -0.730340540 -0.011649501 0.682423174
17.923670 -98.227600098 5.409877300 1.079619884 -0.027667308 -0.731004834 -0.010274978 0.681733727
18.027290 -99.005897522 5.455737114 1.019136906 -0.026931703 -0.731542051 -0.009725547 0.681194842
18.130920 -99.798995972 5.498954296 0.957659721 -0.026717452 -0.731939256 -0.009701930 0.680776775
18.234680 -100.589508057 5.539924622 0.897579193 -0.026092933 -0.732239842 -0.009648934 0.680478454
18.338320 -101.374618530 5.577795506 0.840987682 -0.026580535 -0.732394099 -0.009669811 0.680293202
18.441950 -102.170013428 5.621724129 0.774732113 -0.026302239 -0.732493043 -0.009928226 0.680193782
18.545580 -102.955352783 5.662183285 0.702538490 -0.025871694 -0.732215226 -0.010634714 0.680498660
18.649340 -103.763305664 5.707022667 0.645940304 -0.024813684 -0.732127249 -0.010377892 0.680636644
18.752970 -104.554679871 5.751189709 0.574572563 -0.023446968 -0.731788993 -0.009751578 0.681057990
18.856600 -105.358093262 5.789269447 0.520395279 -0.023396751 -0.731450796 -0.008864113 0.681435049
18.960230 -106.167083740 5.834023476 0.457481861 -0.023700969 -0.730985940 -0.009511468 0.681914449
19.063730 -106.969200134 5.875552177 0.401582241 -0.024552722 -0.730624735 -0.010030897 0.682263911
19.167360 -107.756507874 5.910355091 0.353312492 -0.024558440 -0.730272949 -0.009845773 0.682642937
19.271000 -108.567024231 5.958509445 0.287754536 -0.024261858 -0.729795635 -0.008653522 0.683179915
19.374630 -109.379905701 6.007305145 0.232437134 -0.024313347 -0.729414225 -0.008419438 0.683588207
19.478260 -110.180778503 6.043212414 0.167700291 -0.024064446 -0.728845298 -0.008336392 0.684204578
19.581910 -110.990028381 6.082188129 0.109652996 -0.024185438 -0.728329062 -0.007920736 0.684754789
19.685400 -111.784431458 6.114860058 0.061977863 -0.024695266 -0.727901816 -0.007917820 0.685190797
19.789160 -112.599914551 6.154268742 0.003754139 -0.025551552 -0.727422774 -0.009154769 0.685652494
19.892680 -113.396797180 6.198852539 -0.057629108 -0.027060604 -0.726870179 -0.009989751 0.686168849
19.996290 -114.184036255 6.230965614 -0.087826729 -0.027113928 -0.726604462 -0.009980984 0.686448216
20.099920 -114.975967407 6.269020557 -0.145191669 -0.026384557 -0.726059258 -0.008536460 0.687072694
20.203560 -115.759933472 6.313223362 -0.186646938 -0.025822476 -0.725725353 -0.005798541 0.687475324
20.307200 -116.568389893 6.352694511 -0.236244202 -0.025885411 -0.725485861 -0.004675144 0.687734246
20.410700 -117.335838318 6.382830143 -0.276198864 -0.025758617 -0.725215912 -0.004532822 0.688024580
20.514330 -118.121780396 6.414213181 -0.326360703 -0.027131550 -0.724864960 -0.004561573 0.688341379
20.617970 -118.885902405 6.452113152 -0.347855568 -0.028564146 -0.724996805 -0.003681178 0.688149810
20.721590 -119.664054871 6.489111423 -0.385459900 -0.029297806 -0.724875927 -0.004838161 0.688239157
20.825110 -120.430435181 6.523175240 -0.440375328 -0.029768877 -0.724342465 -0.006270402 0.688768804
20.928730 -121.200805664 6.568713665 -0.482414722 -0.031124074 -0.724160254 -0.007816503 0.688884676
21.032360 -121.968177795 6.609669685 -0.522767067 -0.031805579 -0.724091530 -0.008783970 0.688914120
21.135860 -122.718399048 6.649235249 -0.564212799 -0.031444356 -0.723827124 -0.009794700 0.689194858
21.239510 -123.467178345 6.694931984 -0.610809326 -0.030054225 -0.723807395 -0.010466475 0.689267755
21.343140 -124.198638916 6.731755257 -0.651186466 -0.029202342 -0.723635077 -0.011505358 0.689468741
21.446770 -124.936408997 6.779817104 -0.683603287 -0.028667195 -0.723799646 -0.011977240 0.689310372
21.550270 -125.656631470 6.814747810 -0.727574825 -0.028522924 -0.723616242 -0.013203631 0.689486504
21.653910 -126.356987000 6.856854916 -0.768698215 -0.028756216 -0.723251998 -0.014188519 0.689839303
21.757540 -127.058868408 6.893634796 -0.801625729 -0.028784323 -0.723346353 -0.014994915 0.689722121
21.861170 -127.726539612 6.932977676 -0.844554901 -0.028829886 -0.723054111 -0.014879457 0.690029085
21.964670 -128.405059814 6.981151104 -0.877357006 -0.028528158 -0.723056018 -0.014372129 0.690050423
22.068300 -129.050491333 7.012930393 -0.915604591 -0.028170349 -0.723049641 -0.014284594 0.690073550
22.171930 -129.695022583 7.048389435 -0.957982540 -0.027485702 -0.723331094 -0.013868534 0.689814627
22.275570 -130.343078613 7.082923889 -0.983293056 -0.027595231 -0.723975956 -0.013630900 0.689138234
22.379200 -130.991165161 7.116727829 -1.029794216 -0.027544932 -0.724389791 -0.013593870 0.688705981
22.482830 -131.620422363 7.160592556 -1.055973530 -0.027443368 -0.724884152 -0.013485447 0.688191772
22.586470 -132.246246338 7.192170620 -1.100808144 -0.026989684 -0.725143194 -0.013973066 0.687927127
22.689980 -132.869583130 7.230402470 -1.127093315 -0.026972879 -0.725471854 -0.013423379 0.687592089
22.793600 -133.491851807 7.265378952 -1.163824558 -0.027223904 -0.725552976 -0.012886106 0.687506914
22.897240 -134.101928711 7.297043800 -1.195033550 -0.027831297 -0.725528955 -0.012498681 0.687515080
23.000860 -134.705749512 7.328251839 -1.228941917 -0.027992288 -0.725382984 -0.012442695 0.687663555
23.104490 -135.296676636 7.364057541 -1.268838406 -0.028669551 -0.724992156 -0.013015749 0.688037038
23.208120 -135.888549805 7.397100449 -1.295813560 -0.028832050 -0.724500895 -0.013544796 0.688537359
23.311770 -136.453430176 7.430183411 -1.332831860 -0.028729370 -0.723637521 -0.013587580 0.689448118
23.415530 -137.015655518 7.460272789 -1.349657059 -0.028931603 -0.722860813 -0.013613055 0.690253496
23.519170 -137.561813354 7.490687370 -1.370258808 -0.028323054 -0.721823931 -0.013206318 0.691370845
23.622950 -138.104522705 7.526989937 -1.406671524 -0.026821094 -0.720341563 -0.013405114 0.692971170
23.726540 -138.635879517 7.552823067 -1.419503450 -0.025957182 -0.718653858 -0.013629762 0.694749653
23.830290 -139.169265747 7.578847408 -1.438060999 -0.024547007 -0.716119647 -0.013989385 0.697405457
23.933920 -139.689682007 7.607837200 -1.444736838 -0.023396363 -0.713137627 -0.013328621 0.700506747
24.037550 -140.208496094 7.629816055 -1.447175860 -0.022028284 -0.709726214 -0.012721583 0.704018176
24.141190 -140.724182129 7.658724785 -1.447142005 -0.020926714 -0.705882251 -0.011762523 0.707922220
24.244950 -141.235137939 7.680902004 -1.424662828 -0.020439448 -0.702212870 -0.011259792 0.711584508
24.348580 -141.742691040 7.706165791 -1.414109945 -0.020073609 -0.697999477 -0.011719692 0.715720892
24.452340 -142.250549316 7.728892326 -1.389842033 -0.020429274 -0.693528295 -0.012204079 0.720036328
24.555970 -142.751739502 7.755659580 -1.354238033 -0.020269949 -0.688721001 -0.012875531 0.724628687
24.659630 -143.252944946 7.773923874 -1.318993568 -0.019669827 -0.683328450 -0.013566649 0.729719996
24.763350 -143.742721558 7.793813705 -1.275764465 -0.019213594 -0.677660048 -0.014258111 0.734986007
24.866980 -144.249450684 7.818694592 -1.231214523 -0.018464854 -0.671279132 -0.015263700 0.740817368
24.970750 -144.729705811 7.847000599 -1.164922714 -0.018489160 -0.664609790 -0.016017085 0.746790111
25.074380 -145.211517334 7.877023220 -1.094503403 -0.018288564 -0.657090664 -0.016540473 0.753408134
25.178130 -145.692352295 7.892908573 -1.023578644 -0.018765889 -0.648966551 -0.017866917 0.760375559
25.281770 -146.174057007 7.943097115 -0.932548523 -0.017448584 -0.640548348 -0.019569818 0.767470121
25.385520 -146.641937256 7.948482990 -0.838424683 -0.016759301 -0.631680906 -0.020892344 0.774765670
25.489190 -147.099960327 7.962885857 -0.739849091 -0.015322253 -0.622494698 -0.021581583 0.782176316
25.592910 -147.564727783 7.984677792 -0.606132507 -0.013790840 -0.613339424 -0.021998748 0.789392591
25.696550 -148.019607544 8.023015976 -0.469146729 -0.012480680 -0.603748143 -0.021963513 0.796774805
25.800170 -148.459701538 8.044450760 -0.338619232 -0.012005097 -0.593670070 -0.021820176 0.804323137
25.903930 -148.899566650 8.050210953 -0.161647797 -0.011429525 -0.583770216 -0.022905294 0.811515272
26.007570 -149.346054077 8.072954178 -0.005130768 -0.010570715 -0.572411358 -0.023579704 0.819559276
26.111310 -149.761871338 8.078140259 0.174591064 -0.010582184 -0.560899436 -0.024577644 0.827451408
26.214940 -150.171127319 8.110542297 0.375831604 -0.010013628 -0.548845172 -0.024778074 0.835496724
26.318580 -150.582717896 8.125566483 0.578887939 -0.010193879 -0.536121309 -0.024905350 0.843711913
26.422340 -150.998535156 8.156681061 0.781406403 -0.010319564 -0.522720456 -0.024752276 0.852082253
26.525970 -151.384841919 8.174450874 1.015895844 -0.010793681 -0.509391248 -0.025576610 0.860087156
26.629610 -151.779495239 8.191134453 1.246879578 -0.011360433 -0.495047182 -0.025903119 0.868405581
26.733240 -152.154067993 8.199036598 1.500274658 -0.011321732 -0.480696082 -0.026699953 0.876407564
26.836870 -152.509963989 8.221186638 1.769737244 -0.010599634 -0.465647787 -0.026960088 0.884495854
26.940500 -152.874572754 8.237489700 2.050041199 -0.009924468 -0.449805647 -0.027638840 0.892643511
27.044120 -153.241241455 8.251647949 2.343284607 -0.009176817 -0.433707684 -0.029067080 0.900537908
27.147770 -153.571929932 8.276342392 2.652809143 -0.008467448 -0.417820960 -0.029605990 0.908007383
27.251380 -153.917999268 8.280379295 2.971076965 -0.008086627 -0.401116937 -0.030746643 0.915474951
27.355010 -154.254165649 8.304843903 3.314933777 -0.006865951 -0.384668559 -0.031122904 0.922504365
27.458650 -154.562759399 8.323552132 3.667533875 -0.006247486 -0.368317544 -0.031167077 0.929156482
27.562150 -154.878753662 8.335006714 4.036598206 -0.005840970 -0.351258248 -0.031538188 0.935729086
27.665800 -155.164825439 8.349123955 4.413154602 -0.005347248 -0.334490061 -0.032168981 0.941834867
27.769420 -155.439483643 8.365300179 4.799911499 -0.004852615 -0.317684591 -0.032693308 0.947620213
27.873060 -155.704803467 8.378087044 5.201744080 -0.004584079 -0.300624192 -0.033034973 0.953159332
27.976560 -155.956054688 8.394708633 5.615653992 -0.004188830 -0.283486634 -0.032998655 0.958399117
28.080190 -156.196105957 8.407009125 6.040847778 -0.004000850 -0.266767889 -0.033582773 0.963167191
28.183700 -156.425125122 8.418213844 6.473297119 -0.003553767 -0.250186592 -0.034395762 0.967579961
28.287330 -156.637237549 8.426944733 6.918609619 -0.003000560 -0.233765647 -0.034285754 0.971683621
28.390970 -156.837677002 8.438123703 7.365619659 -0.002433649 -0.218046695 -0.033789877 0.975350142
28.494470 -157.022430420 8.447206497 7.831989288 -0.002231618 -0.203308448 -0.033475474 0.978539765
28.598100 -157.199356079 8.451816559 8.295024872 -0.002019368 -0.188883990 -0.033475738 0.981426597
28.701610 -157.366989136 8.461282730 8.770408630 -0.001191126 -0.174902752 -0.033868950 0.984002233
28.805240 -157.520278931 8.466871262 9.253616333 -0.000801300 -0.161270007 -0.034664314 0.986301005
28.908750 -157.663909912 8.474960327 9.744663239 -0.000653110 -0.147408172 -0.034931377 0.988458514
29.012380 -157.789993286 8.480859756 10.251525879 -0.000216986 -0.133500949 -0.034263995 0.990456164
29.116010 -157.902404785 8.483988762 10.759376526 -0.000388605 -0.119741417 -0.033420239 0.992242336
29.219520 -158.006912231 8.493011475 11.287639618 -0.000959837 -0.106148146 -0.033551220 0.993783653
29.323150 -158.094818115 8.494338036 11.815801620 -0.001485273 -0.092841089 -0.034235187 0.995091081
29.426660 -158.179840088 8.501440048 12.359458923 -0.001504229 -0.079993799 -0.034905221 0.996182919
29.530290 -158.247558594 8.503123283 12.901060104 -0.001747127 -0.067238681 -0.034979269 0.997122049
29.633820 -158.300094604 8.507721901 13.471017838 -0.001473739 -0.054371741 -0.035175327 0.997899890
29.737430 -158.346511841 8.516613007 14.042364120 -0.000206397 -0.041538041 -0.035613716 0.998501956
29.841060 -158.372024536 8.519420624 14.616961479 0.000308743 -0.029419061 -0.036963087 0.998883486
29.944700 -158.387268066 8.519657135 15.199495316 0.000117940 -0.017600046 -0.037123781 0.999155641
30.048320 -158.386932373 8.526122093 15.810592651 0.000207783 -0.007083443 -0.036597773 0.999304950
30.151830 -158.379241943 8.528529167 16.415355682 -0.000200684 0.002738642 -0.035900585 0.999351561
30.255460 -158.359176636 8.531877518 17.043703079 0.000034634 0.011872397 -0.036678098 0.999256611
30.358970 -158.336883545 8.532736778 17.666509628 0.000330280 0.019890817 -0.036220998 0.999145746
30.462470 -158.298965454 8.533898354 18.288215637 0.000131817 0.026460210 -0.034573726 0.999051809
30.565980 -158.241607666 8.533562660 18.931789398 0.000100970 0.031163016 -0.032497428 0.998985887
30.669490 -158.193450928 8.535284042 19.558784485 -0.000400999 0.034603998 -0.031287689 0.998911142
30.773010 -158.141372681 8.542908669 20.218261719 -0.001280610 0.036626779 -0.029738089 0.998885632
30.876500 -158.089462280 8.541757584 20.864713669 -0.002602292 0.037936516 -0.029046623 0.998854518
30.980010 -158.037002563 8.549437523 21.510086060 -0.003448805 0.038699575 -0.028108265 0.998849511
31.083510 -157.993118286 8.547992706 22.176786423 -0.004087389 0.039530016 -0.027396722 0.998834372
31.187010 -157.941741943 8.547681808 22.808017731 -0.003752107 0.039697412 -0.027043186 0.998838663
31.290530 -157.876449585 8.554618835 23.465286255 -0.003223179 0.039024062 -0.026688496 0.998876631
31.394030 -157.835723877 8.559649467 24.126888275 -0.002546656 0.038628109 -0.025970794 0.998912871
31.497670 -157.787536621 8.566408157 24.786312103 -0.002103366 0.037767693 -0.025588129 0.998956680
31.601160 -157.723693848 8.561866760 25.424537659 -0.002383107 0.036684621 -0.025514059 0.998998284
31.704800 -157.685073853 8.574901581 26.070652008 -0.002271864 0.035877906 -0.026028000 0.999014616
31.808310 -157.639816284 8.578438759 26.712345123 -0.002468682 0.034918867 -0.026471496 0.999036431
31.911940 -157.602508545 8.581851006 27.367576599 -0.003265186 0.033966355 -0.026527623 0.999065518
32.015570 -157.560791016 8.579706192 28.031558990 -0.004160502 0.033060584 -0.027477702 0.999066889
32.119200 -157.518844604 8.583736420 28.680515289 -0.004886063 0.031884212 -0.027559569 0.999099612
32.222830 -157.469757080 8.586433411 29.296478271 -0.004901604 0.030851861 -0.026945842 0.999148667
32.326460 -157.435806274 8.596239090 29.964447021 -0.004500919 0.030001121 -0.026760709 0.999181449
32.430100 -157.403137207 8.603961945 30.611267090 -0.004463910 0.029440733 -0.026754573 0.999198437
32.533720 -157.359542847 8.604450226 31.230827332 -0.004541642 0.028990597 -0.026440609 0.999219596
32.637360 -157.317581177 8.614243507 31.861007690 -0.004350408 0.028610028 -0.025227243 0.999262810
32.741000 -157.278747559 8.630434036 32.491134644 -0.004042727 0.028420873 -0.024047088 0.999298573
32.844630 -157.235626221 8.621647835 33.094688416 -0.003846519 0.028581794 -0.024762455 0.999277294
32.948260 -157.213485718 8.625222206 33.753803253 -0.003362813 0.029178366 -0.025652660 0.999239326
33.051890 -157.167068481 8.624725342 34.371231079 -0.003090740 0.030239537 -0.025551163 0.999211252
33.155650 -157.115203857 8.641810417 34.974941254 -0.002196543 0.031833578 -0.025408292 0.999167740
33.259280 -157.099136353 8.633492470 35.633392334 -0.003118681 0.035242438 -0.026874645 0.999012530
33.362910 -157.047103882 8.643889427 36.245616913 -0.003157450 0.039314006 -0.027382597 0.998846650
33.466670 -157.006912231 8.629517555 36.850337982 -0.004109131 0.045314122 -0.029664863 0.998523772
33.570430 -156.934875488 8.633570671 37.452762604 -0.004108310 0.052876614 -0.030305104 0.998132646
33.674060 -156.864730835 8.629596710 38.031425476 -0.004514857 0.062515520 -0.031501375 0.997536540
33.777810 -156.800430298 8.614704132 38.658897400 -0.004552322 0.074293964 -0.033567406 0.996660888
33.881570 -156.666412354 8.626377106 39.181922913 -0.002502920 0.085799918 -0.033516150 0.995745361
33.985440 -156.547424316 8.621191978 39.746711731 -0.001084248 0.100054376 -0.033899840 0.994403720
34.089230 -156.405670166 8.587993622 40.319103241 -0.000867662 0.115629278 -0.035646752 0.992652237
34.192960 -156.253067017 8.611396790 40.846790314 0.001506652 0.131660476 -0.034575235 0.990690529
34.296720 -156.077499390 8.601988792 41.386871338 0.002360137 0.148653343 -0.035087314 0.988263845
34.400350 -155.887435913 8.590044022 41.911510468 0.003204843 0.166143596 -0.034222722 0.985502303
34.504110 -155.670684814 8.571147919 42.415103912 0.003246135 0.183373883 -0.033598427 0.982463539
34.607740 -155.438919067 8.567067146 42.931762695 0.003593616 0.201347962 -0.031578280 0.979004025
34.711370 -155.189819336 8.556723595 43.410705566 0.002250850 0.218925700 -0.031071961 0.975244105
34.815130 -154.918197632 8.557174683 43.912773132 0.000736030 0.236846417 -0.029704314 0.971092641
34.918760 -154.626037598 8.538910866 44.410373688 0.000316390 0.254814059 -0.027176786 0.966608047
35.022270 -154.319274902 8.514406204 44.898780823 -0.000110637 0.272492558 -0.026344450 0.961797118
35.125890 -153.995605469 8.499496460 45.348205566 0.000074635 0.290231317 -0.027102185 0.956572652
35.229530 -153.640533447 8.489937782 45.778915405 0.000795080 0.307444751 -0.028207069 0.951147437
35.333160 -153.286987305 8.499528885 46.278682709 0.001770672 0.325473070 -0.027927853 0.945137143
35.436790 -152.893127441 8.492923737 46.702072144 0.001785350 0.342897624 -0.026377045 0.939000666
35.540300 -152.492065430 8.473172188 47.130401611 0.000915472 0.360615432 -0.026327351 0.932342529
35.643930 -152.086349487 8.460263252 47.548156738 0.000617464 0.378295422 -0.026534842 0.925304353
35.747570 -151.651550293 8.445424080 47.959060669 0.000687168 0.395851612 -0.027073352 0.917915046
35.851190 -151.189086914 8.431981087 48.334068298 0.002093022 0.412998736 -0.026486633 0.910343945
35.954820 -150.723510742 8.423332214 48.683048248 0.003796119 0.429935634 -0.025829857 0.902481973
36.058450 -150.220413208 8.408605576 49.049461365 0.005292688 0.446776688 -0.025089797 0.894277990
36.161950 -149.722259521 8.387606621 49.373798370 0.006205680 0.462920099 -0.024455562 0.886040807
36.265600 -149.203475952 8.377078056 49.699184418 0.007151715 0.478837907 -0.023518423 0.877559066
36.369230 -148.667785645 8.358448029 50.000209808 0.007463821 0.494322836 -0.022495242 0.868955255
36.472740 -148.106323242 8.337927818 50.301139832 0.008345089 0.509226084 -0.021277877 0.860329211
36.576240 -147.554992676 8.317860603 50.568286896 0.008995451 0.523401260 -0.020545499 0.851791084
36.679750 -146.971801758 8.291950226 50.823234558 0.009417065 0.536699235 -0.019996153 0.843484104
36.783250 -146.386718750 8.266610146 51.075225830 0.010234048 0.549323618 -0.019792547 0.835312605
36.886760 -145.786590576 8.236244202 51.291740417 0.011168431 0.560775220 -0.019228872 0.827669382
36.990260 -145.180847168 8.207658768 51.498092651 0.011876139 0.571697950 -0.018727370 0.820164442
37.093780 -144.554290771 8.194089890 51.709735870 0.013400158 0.582018077 -0.018759446 0.812848985
37.197280 -143.930145264 8.168015480 51.893764496 0.014448773 0.591389716 -0.019397439 0.806023061
37.300780 -143.283035278 8.137575150 52.082252502 0.015780170 0.600429356 -0.020177949 0.799267411
37.404300 -142.623229980 8.102020264 52.253398895 0.016244037 0.608700275 -0.021426974 0.792944551
37.507920 -141.957275391 8.079212189 52.409797668 0.017200757 0.616540253 -0.021629751 0.786838233
37.611310 -141.282546997 8.041297913 52.563507080 0.017026722 0.623193383 -0.020663248 0.781609356
37.714810 -140.589340210 8.014575958 52.701805115 0.016979529 0.628267109 -0.019855738 0.777558923
37.818320 -139.903991699 7.984148026 52.848991394 0.016790997 0.632710695 -0.019250877 0.773966849
37.921710 -139.182754517 7.949279785 52.982414246 0.016286330 0.635972559 -0.019452019 0.771294534
38.025210 -138.460403442 7.918452740 53.119819641 0.015291859 0.639220357 -0.020181900 0.768606663
38.128710 -137.737091064 7.891590118 53.251129150 0.014090275 0.642629266 -0.020930711 0.765761673
38.232220 -136.989242554 7.858479500 53.396781921 0.011922342 0.646417320 -0.021910129 0.762576163
38.335860 -136.232711792 7.820894241 53.512519836 0.010048253 0.650001943 -0.022572691 0.759530783
38.439370 -135.460342407 7.784955978 53.644226074 0.007431729 0.654530346 -0.024354145 0.755606771
38.543000 -134.694351196 7.764270306 53.755920410 0.006079815 0.659676552 -0.025365703 0.751096845
38.646630 -133.909622192 7.733954430 53.856517792 0.005582216 0.664793551 -0.025914807 0.746556640
38.750250 -133.110580444 7.698446274 53.931774139 0.006395054 0.669616818 -0.026165208 0.742218137
38.853880 -132.307937622 7.662210464 54.011409760 0.008091036 0.674604177 -0.026567610 0.737657011
38.957400 -131.534088135 7.627090454 54.060825348 0.010168591 0.679104209 -0.026834112 0.733480752
39.061030 -130.739166260 7.592219353 54.108638763 0.011538111 0.683518767 -0.025952371 0.729380131
39.164520 -129.929519653 7.552234650 54.159656525 0.011317636 0.687624156 -0.024000708 0.725581765
39.268170 -129.126770020 7.519322872 54.185276031 0.010893578 0.691010058 -0.021195192 0.722452223
39.371690 -128.315093994 7.472153664 54.226097107 0.010651385 0.694020689 -0.019457847 0.719613254
39.475180 -127.515228271 7.440851688 54.257286072 0.011803828 0.696255624 -0.018252224 0.717464745
39.578690 -126.705047607 7.415509701 54.289264679 0.013743033 0.697990656 -0.017006654 0.715772986
39.682190 -125.929214478 7.364190578 54.293846130 0.013683187 0.698490679 -0.017525556 0.715273678
39.785700 -125.101196289 7.334540367 54.331474304 0.015578655 0.698686123 -0.017823003 0.715036631
39.889120 -124.294036865 7.289887428 54.348545074 0.017742129 0.698267281 -0.019053472 0.715363503
39.992580 -123.477043152 7.254695415 54.360794067 0.019325057 0.697324812 -0.019386796 0.716232359
40.096100 -122.663307190 7.220781803 54.396018982 0.019062318 0.696547389 -0.018650075 0.717015028
40.199600 -121.835784912 7.180909157 54.423614502 0.017336316 0.695196748 -0.017360298 0.718400717
40.303100 -120.993652344 7.143451214 54.462791443 0.018317200 0.693956733 -0.014913851 0.719629169
40.406620 -120.169021606 7.104090691 54.487743378 0.018911425 0.692203462 -0.013957093 0.721319556
40.510110 -119.327445984 7.078552246 54.533226013 0.019515492 0.690545261 -0.013941437 0.722891390
40.613750 -118.475318909 7.042206287 54.586399078 0.019970015 0.688894510 -0.014265937 0.724445999
40.717260 -117.632797241 7.006266117 54.627185822 0.019828854 0.687018394 -0.014503616 0.726224542
40.820880 -116.784431458 6.966434956 54.687118530 0.019068474 0.685492277 -0.014670129 0.727682292
40.924520 -115.945549011 6.926548481 54.744422913 0.018657601 0.683677554 -0.013613324 0.729418695
41.028180 -115.092201233 6.892489433 54.813903809 0.017712662 0.682042956 -0.014163065 0.730960369
41.131820 -114.235069275 6.854974270 54.880447388 0.017772317 0.680669367 -0.014737503 0.732226849
41.235440 -113.380508423 6.817152977 54.955009460 0.018601773 0.679679334 -0.015516660 0.733109295
41.339050 -112.526306152 6.782054901 55.021224976 0.018514683 0.678777277 -0.016491119 0.733925521
41.442680 -111.669036865 6.739673615 55.102336884 0.017072072 0.678516448 -0.017686090 0.734173834
41.546330 -110.812179565 6.695524216 55.175800323 0.015666353 0.678383768 -0.017959107 0.734321117
41.650070 -109.929168701 6.657460690 55.247707367 0.014095509 0.678153694 -0.018179325 0.734560013
41.753700 -109.065711975 6.621940613 55.329975128 0.012470410 0.678633988 -0.018859090 0.734128594
41.857330 -108.208473206 6.585259438 55.421665192 0.011604295 0.679690659 -0.019966688 0.733135223
41.960840 -107.350700378 6.550677299 55.472694397 0.011380391 0.680100739 -0.021145914 0.732725263
42.064470 -106.476837158 6.521551609 55.541240692 0.011510916 0.680624604 -0.021960529 0.732212663
42.168100 -105.617309570 6.480451584 55.609718323 0.010595815 0.681401968 -0.021857206 0.731506228
42.271730 -104.757431030 6.440125942 55.671405792 0.009859455 0.682010055 -0.021133494 0.730970919
42.375360 -103.887603760 6.399626255 55.736381531 0.008981486 0.682380080 -0.020978702 0.730641246
42.478990 -103.023353577 6.361690044 55.795722961 0.008171939 0.682586074 -0.021154987 0.730453193
42.582510 -102.153808594 6.336132050 55.863372803 0.008263349 0.683147669 -0.021418976 0.729919314
42.686260 -101.286399841 6.299983025 55.933181763 0.008333406 0.683583558 -0.021120438 0.729519069
42.789890 -100.416885376 6.266153336 55.989486694 0.007671275 0.683955073 -0.020810317 0.729186952
42.893530 -99.540153503 6.236316204 56.058841705 0.006383539 0.684513628 -0.020229960 0.728691399
42.997150 -98.669792175 6.204242706 56.121646881 0.005614163 0.684946299 -0.018973563 0.728324831
43.100660 -97.818756104 6.175065517 56.168666840 0.006513882 0.685129404 -0.018477589 0.728157818
43.204290 -96.969444275 6.147319794 56.231018066 0.007991917 0.685357153 -0.019816885 0.727893472
43.307930 -96.118034363 6.112942696 56.289070129 0.008638055 0.685590208 -0.022184636 0.727598250
43.411560 -95.261482239 6.077395439 56.360424042 0.009415094 0.685913742 -0.022467762 0.727275014
43.515190 -94.424682617 6.038918018 56.397769928 0.009536596 0.685635090 -0.022890124 0.727522910
43.618820 -93.593910217 6.003900528 56.458011627 0.008977231 0.685684681 -0.024096699 0.727444351
43.722440 -92.751022339 5.980605125 56.543045044 0.008917809 0.685915411 -0.025400100 0.727183163
43.826120 -91.906669617 5.931559563 56.575752258 0.007638711 0.685439825 -0.025785033 0.727632403
43.929720 -91.075958252 5.887377262 56.629821777 0.007887512 0.685581326 -0.025343120 0.727512062
44.033360 -90.235359192 5.849731445 56.687992096 0.008045940 0.685565710 -0.025562802 0.727517307
44.136970 -89.395889282 5.814834595 56.734657288 0.010261239 0.685627401 -0.024564270 0.727465689
44.240610 -88.564224243 5.771581650 56.785846710 0.010013721 0.685291886 -0.024971562 0.727771342
44.344250 -87.741363525 5.737655640 56.834850311 0.010033024 0.685191751 -0.025701016 0.727840006
44.447920 -86.911903381 5.692998886 56.885536194 0.011548149 0.684818685 -0.026813492 0.728128433
44.551510 -86.112197876 5.657160759 56.943275452 0.010941976 0.685153484 -0.027285395 0.727805197
44.655030 -85.284194946 5.618657112 57.002006531 0.009193365 0.685325146 -0.027497642 0.727659822
44.758650 -84.486381531 5.583113670 57.061088562 0.007889970 0.685444176 -0.026892884 0.727585554
44.862270 -83.671638489 5.545302391 57.109386444 0.007639256 0.685349345 -0.025481606 0.727728367
44.965900 -82.871055603 5.512639046 57.154663086 0.008434481 0.685080826 -0.024751531 0.727997541
45.069530 -82.049766541 5.477109909 57.209308624 0.009822764 0.685227156 -0.023433637 0.727886021
45.173040 -81.241447449 5.445128441 57.254661560 0.009415272 0.685308695 -0.023713874 0.727805614
45.276670 -80.443290710 5.401666641 57.309909821 0.010017022 0.685803235 -0.023403034 0.727341652
45.380430 -79.609817505 5.369874954 57.355361938 0.010359542 0.686235785 -0.024117829 0.726905406
45.484070 -78.793701172 5.332232952 57.402622223 0.011112538 0.686861515 -0.025253136 0.726264417
45.587700 -77.988265991 5.294480324 57.455776215 0.013637102 0.687828183 -0.024564825 0.725329578
45.691340 -77.172195435 5.262750626 57.492225647 0.015155849 0.688157082 -0.024514200 0.724989057
45.795080 -76.356582642 5.216818333 57.530818939 0.015730264 0.688433468 -0.022910409 0.724766910
45.898760 -75.545440674 5.171022415 57.583469391 0.014785564 0.689017177 -0.021413453 0.724277675
46.002370 -74.713134766 5.127300739 57.612743378 0.014725397 0.688965321 -0.018680895 0.724403918
46.105980 -73.890792847 5.089190960 57.664928436 0.013582021 0.689490199 -0.018606057 0.723928571
46.209610 -73.065040588 5.059069633 57.709964752 0.013735629 0.689670444 -0.017937407 0.723770916
46.313230 -72.238052368 5.021653175 57.747879028 0.014213000 0.689730108 -0.017839041 0.723707259
46.416880 -71.416557312 4.986088276 57.792385101 0.014775265 0.689827085 -0.018198460 0.723594606
46.520510 -70.562774658 4.946949959 57.834445953 0.014326585 0.689850628 -0.017722389 0.723592997
46.624140 -69.718467712 4.910424232 57.878265381 0.013979828 0.689600408 -0.018269740 0.723824620
46.727770 -68.873229980 4.873184681 57.925292969 0.014442124 0.689649999 -0.018371774 0.723765612
46.831280 -68.040412903 4.839657784 57.971672058 0.014734011 0.689363122 -0.020388700 0.723979056
46.934910 -67.190689087 4.803967476 58.031379700 0.014912409 0.689152837 -0.021093149 0.724155426
47.038550 -66.332214355 4.766643524 58.073764801 0.014128854 0.688635945 -0.020267293 0.724686265
47.143930 -65.503211975 4.724343300 58.123649597 0.012509479 0.688269913 -0.019768681 0.725077391
47.245790 -64.667556763 4.687901974 58.165901184 0.010887256 0.687737346 -0.019569030 0.725614130
47.349320 -63.795833588 4.653162003 58.227714539 0.011074944 0.687603772 -0.019932831 0.725727916
47.452940 -62.937355042 4.611149788 58.290046692 0.010521185 0.687470019 -0.021329625 0.725823164
47.556580 -62.094463348 4.573909760 58.335914612 0.011066211 0.687346816 -0.022119686 0.725908160
47.660090 -61.241539001 4.539523125 58.393363953 0.011166428 0.687448561 -0.022608470 0.725795150
47.763750 -60.371440887 4.500581264 58.449729919 0.010602340 0.687421799 -0.023211051 0.725809991
47.867350 -59.523971558 4.461444378 58.496913910 0.010145413 0.687685192 -0.022382861 0.725592971
47.970980 -58.641323090 4.435282707 58.559173584 0.009303884 0.687936664 -0.022070402 0.725375414
48.074610 -57.803882599 4.392813683 58.593658447 0.008352892 0.688244998 -0.021023056 0.725125551
48.178240 -56.949626923 4.355096817 58.641696930 0.007943437 0.688416123 -0.021031164 0.724967480
48.282000 -56.088459015 4.321572304 58.681571960 0.008713045 0.688523293 -0.020869127 0.724861562
48.385620 -55.207954407 4.292065620 58.739952087 0.009068411 0.688898325 -0.021220706 0.724490523
48.489270 -54.346286774 4.263166428 58.790355682 0.008869997 0.689369977 -0.021223549 0.724044144
48.592900 -53.462619781 4.227271080 58.843593597 0.008346456 0.689607024 -0.020650290 0.723841190
48.696530 -52.581306458 4.198219299 58.884140015 0.008734344 0.689845026 -0.019685332 0.723636687
48.800170 -51.730319977 4.170307159 58.933906555 0.008981284 0.690120041 -0.020656504 0.723344266
48.903810 -50.861148834 4.133982658 58.982772827 0.009136007 0.690516889 -0.022389498 0.722911894
49.007420 -50.008411407 4.097676277 59.032928467 0.009397727 0.690798581 -0.023615016 0.722600400
49.110920 -49.153400421 4.055289268 59.071811676 0.009914917 0.691125810 -0.023747398 0.722276151
49.214590 -48.290493011 4.015333652 59.125148773 0.009967826 0.691562533 -0.025297994 0.721804559
49.318180 -47.463867188 3.988832474 59.167232513 0.009919976 0.691854775 -0.026836460 0.721469522
49.421830 -46.596145630 3.932837963 59.212661743 0.010048950 0.692224264 -0.026266856 0.721134245
49.525450 -45.743366241 3.892928839 59.250984192 0.010436070 0.692421794 -0.025267301 0.720974803
49.629080 -44.902862549 3.851085186 59.297149658 0.010084662 0.692728102 -0.024911817 0.720697880
49.732730 -44.054782867 3.808160782 59.326122284 0.010631872 0.692722559 -0.023916341 0.720729113
49.836390 -43.233909607 3.765985966 59.361915588 0.010836427 0.692841470 -0.022822049 0.720647275
49.939990 -42.365165710 3.730548859 59.397293091 0.011453440 0.692879140 -0.022263778 0.720618904
50.043600 -41.537807465 3.684323788 59.441921234 0.012035164 0.693196952 -0.021790734 0.720318198
50.147230 -40.686405182 3.649815559 59.469142914 0.012971566 0.692980170 -0.021508195 0.720519006
50.251000 -39.842632294 3.610865116 59.502647400 0.012781348 0.693043470 -0.021266935 0.720468700
50.354630 -39.012226105 3.572251081 59.535037994 0.012646577 0.693046808 -0.020205302 0.720498443
50.458260 -38.175201416 3.533689022 59.559364319 0.012985884 0.692930460 -0.018822292 0.720641732
50.561890 -37.323303223 3.496702194 59.617797852 0.013576325 0.693441749 -0.018522641 0.720146596
50.665400 -36.483932495 3.464110851 59.666858673 0.013752730 0.693672597 -0.019650012 0.719891012
50.769030 -35.667816162 3.426973581 59.680686951 0.014659027 0.693381488 -0.019363999 0.720161259
50.872670 -34.839153290 3.384517670 59.710559845 0.015087867 0.693275392 -0.019055486 0.720262825
50.976170 -34.023708344 3.356975555 59.746200562 0.015360717 0.693348169 -0.018930489 0.720190287
51.079790 -33.217159271 3.305311918 59.786300659 0.014840544 0.693586171 -0.018585755 0.719980955
51.183300 -32.412914276 3.276542187 59.819122314 0.014842358 0.693807483 -0.019295210 0.719748914
51.286940 -31.588788986 3.231444597 59.860649109 0.015694831 0.693958640 -0.018001953 0.719618678
51.390620 -30.783870697 3.187522173 59.882827759 0.016164277 0.693868279 -0.016609063 0.719728887
51.494190 -29.965906143 3.151479244 59.917625427 0.016539887 0.693869829 -0.015495769 0.719743669
51.597830 -29.157859802 3.112701654 59.951953888 0.016542926 0.693771601 -0.014231097 0.719864368
51.701460 -28.360748291 3.075047970 59.979125977 0.017477483 0.693570614 -0.014403556 0.720032573
51.805100 -27.563482285 3.034089565 60.028442383 0.017136909 0.693356991 -0.017044492 0.720188797
51.908740 -26.759767532 3.010424614 60.049751282 0.018458478 0.693135440 -0.016159771 0.720389724
52.012480 -25.959850311 2.982954502 60.084262848 0.017635733 0.692923605 -0.012289183 0.720690548
52.116120 -25.152030945 2.940885067 60.122844696 0.016270688 0.693034291 -0.009503459 0.720658302
52.219750 -24.364358902 2.901777744 60.149379730 0.016959053 0.692855537 -0.009004573 0.720820725
52.323390 -23.574138641 2.875615597 60.187576294 0.020406326 0.692352116 -0.010272068 0.721198082
52.427000 -22.807056427 2.846304893 60.216125488 0.021208366 0.691592991 -0.011263723 0.721888125
52.530650 -22.011409760 2.815008163 60.253711700 0.020553771 0.691194654 -0.009501870 0.722313762
52.634270 -21.231628418 2.776641607 60.289497375 0.021723721 0.690684199 -0.009427219 0.722768724
52.737910 -20.451503754 2.745441914 60.331218719 0.024090301 0.690558076 -0.012066400 0.722774923
52.841580 -19.681491852 2.709766150 60.370407104 0.025955958 0.690128863 -0.013973647 0.723085821
52.945160 -18.899442673 2.673322678 60.394710541 0.026575455 0.689281762 -0.012159457 0.723903656
53.048700 -18.134719849 2.630280256 60.437599182 0.025469884 0.689336061 -0.008200802 0.723947406
53.152310 -17.338314056 2.599067211 60.480831146 0.024803784 0.689406455 -0.005595363 0.723928273
53.255930 -16.587413788 2.559884071 60.501552582 0.024520786 0.689127684 -0.003787195 0.724214971
53.359580 -15.834699631 2.528239965 60.550304413 0.024408799 0.689570606 -0.004152213 0.723795116
53.463200 -15.067096710 2.494189501 60.584819794 0.025587214 0.689772248 -0.005110461 0.723556042
53.566840 -14.307985306 2.458514929 60.628234863 0.027133133 0.690385401 -0.006000640 0.722907841
53.670460 -13.544351578 2.431652069 60.657806396 0.028351603 0.690641642 -0.007236543 0.722604990
53.774230 -12.805250168 2.391541004 60.694355011 0.028552519 0.691180468 -0.007974953 0.722073913
53.877850 -12.047200203 2.348522902 60.732223511 0.028179094 0.691555738 -0.007958595 0.721729338
53.981480 -11.290668488 2.315758228 60.758495331 0.027309230 0.691492677 -0.007305983 0.721830070
54.085110 -10.537988663 2.276275635 60.806995392 0.025337532 0.691881299 -0.007259795 0.721530020
54.188740 -9.806892395 2.247014046 60.838577271 0.025117889 0.691872716 -0.006041617 0.721557081
54.292380 -9.088312149 2.213978767 60.868873596 0.025523907 0.691763818 -0.004810081 0.721656561
54.396020 -8.375572205 2.182385921 60.902111053 0.025539814 0.691832662 -0.004587854 0.721591473
54.499650 -7.682379246 2.146025419 60.930721283 0.025837999 0.691622317 -0.004064184 0.721785545
54.603270 -7.007711887 2.117411375 60.960178375 0.026386978 0.691570640 -0.002657324 0.721821845
54.706900 -6.357827187 2.096545935 60.994838715 0.026177382 0.691668868 -0.002374573 0.721736252
54.810530 -5.720991135 2.059864998 61.023674011 0.025919927 0.691645086 -0.000983141 0.721771598
54.914170 -5.099858284 2.036489964 61.048038483 0.025239654 0.691887319 -0.000576716 0.721563995
55.017800 -4.530567646 2.007970572 61.066219330 0.025944989 0.692090034 -0.000339091 0.721344650
55.121430 -3.982064486 1.985232949 61.108234406 0.025485175 0.692889392 -0.001686182 0.720591426
55.225060 -3.485054970 1.959182262 61.125350952 0.025648100 0.693284452 -0.002653042 0.720202565
55.328720 -3.006351948 1.940223575 61.141738892 0.025496533 0.693730772 -0.003943278 0.719772100
55.432330 -2.545381546 1.919859886 61.157123566 0.026225153 0.694146574 -0.003443725 0.719347537
55.535970 -2.084029913 1.887748837 61.174186707 0.026577404 0.694556236 -0.004017883 0.718936145
55.639590 -1.668223977 1.873263717 61.188346863 0.027841099 0.695011079 -0.005176697 0.718441069
55.743220 -1.236166716 1.851102233 61.202617645 0.028682373 0.695030570 -0.006395334 0.718379319
55.846850 -0.792560458 1.826533318 61.226398468 0.028001005 0.695189476 -0.007203283 0.718244851
55.950500 -0.371596575 1.805728197 61.230579376 0.027174104 0.694858313 -0.007429175 0.718594670
56.054110 0.051397681 1.784686565 61.260902405 0.025993085 0.694865346 -0.007330498 0.718632519
56.157620 0.454648733 1.778949380 61.280311584 0.025008310 0.694991231 -0.007488700 0.718544126
56.261250 0.886331558 1.745770335 61.297885895 0.023485029 0.694867790 -0.008219998 0.718706965
56.364880 1.290458798 1.729469895 61.319141388 0.022671578 0.694616795 -0.009664763 0.718957663
56.468520 1.720258117 1.712110758 61.319587708 0.022053333 0.694734395 -0.010260751 0.718854964
56.572030 2.117529869 1.699189425 61.340515137 0.021086119 0.695318580 -0.010767240 0.718311548
56.675670 2.516306877 1.690377951 61.318809509 0.020441940 0.695801497 -0.011656126 0.717848539
56.779410 2.906213760 1.701170444 61.342098236 0.020500107 0.697330654 -0.013473272 0.716329634
56.883050 3.324382305 1.683116198 61.348888397 0.019992953 0.699426889 -0.014399933 0.714279354
56.986690 3.684392929 1.685387611 61.384876251 0.019210350 0.702128887 -0.015205293 0.711628258
57.090320 4.098033905 1.669307470 61.400264740 0.018233227 0.704415441 -0.015675908 0.709380507
57.193940 4.466480255 1.674462318 61.460781097 0.018282482 0.707298934 -0.017177826 0.706469357
57.297570 4.833977699 1.569060087 61.359283447 0.016717516 0.708573103 -0.016231045 0.705252588
57.401330 5.197318554 1.603914618 61.385726929 0.017669212 0.711729884 -0.017389895 0.702015638
57.504970 5.521730900 1.588419676 61.380584717 0.017489834 0.714330316 -0.017473193 0.699371874
57.608600 5.836998463 1.566495419 61.368862152 0.017587027 0.716647565 -0.017551035 0.696992755
57.712220 6.172799587 1.562646270 61.349006653 0.018473446 0.719030857 -0.018394878 0.694489002
57.815850 6.464919090 1.543518186 61.347637177 0.018493239 0.721975148 -0.019304838 0.691402316
57.919490 6.793591976 1.523457050 61.329334259 0.017393889 0.725206971 -0.020079264 0.688018262
58.023120 7.100363731 1.504520178 61.309257507 0.016112974 0.729380071 -0.020309024 0.683617294
58.126750 7.410616875 1.483868003 61.277149200 0.015442136 0.734197199 -0.019839268 0.678470612
58.230380 7.715087891 1.470464945 61.232852936 0.016022818 0.739125431 -0.018685583 0.673117876
58.334130 8.024076462 1.452419400 61.201305389 0.016336141 0.744444132 -0.018005412 0.667241991
58.437770 8.310314178 1.443096876 61.149589539 0.017123206 0.749340713 -0.017557148 0.661730289
58.541270 8.615598679 1.416694164 61.113433838 0.016795872 0.754471421 -0.016690260 0.655905604
58.644910 8.908831596 1.411580563 61.050949097 0.016934358 0.759142280 -0.016337492 0.650499344
58.748550 9.201688766 1.385206819 61.005966187 0.016307484 0.764084697 -0.015771067 0.644716978
58.852170 9.466192245 1.376173258 60.946247101 0.016055441 0.768468082 -0.015120524 0.639507949
58.955820 9.736279488 1.370749354 60.884555817 0.016337302 0.772762120 -0.014423052 0.634321511
59.059430 9.999097824 1.358771443 60.802280426 0.017323716 0.776337028 -0.013404122 0.629937291
59.162940 10.238620758 1.349856377 60.734100342 0.018496608 0.779741406 -0.012645699 0.625700712
59.266590 10.470921516 1.330173016 60.674842834 0.019022815 0.782781243 -0.011632122 0.621897459
59.370080 10.686007500 1.324703217 60.606056213 0.019952804 0.785062313 -0.011336758 0.618991494
59.473710 10.895107269 1.320429087 60.559471130 0.020184034 0.787053704 -0.011232209 0.616451859
59.577100 11.086080551 1.313504577 60.505962372 0.020573149 0.788124740 -0.011158069 0.615070462
59.680600 11.266588211 1.298876524 60.464637756 0.020617697 0.788877249 -0.010808901 0.614109755
59.784110 11.426061630 1.290737152 60.425056458 0.021056363 0.788956225 -0.010753536 0.613994360
59.887610 11.582466125 1.282942533 60.390552521 0.021553732 0.788566828 -0.011568368 0.614462316
59.991120 11.737423897 1.277106047 60.355522156 0.022304723 0.787524581 -0.013121311 0.615739763
60.094620 11.879129410 1.267802358 60.312164307 0.022909326 0.785686255 -0.013878165 0.618045032
60.198140 12.033377647 1.270466805 60.283809662 0.023656908 0.783586144 -0.014142595 0.620671511
60.301650 12.176267624 1.260107756 60.250194550 0.023924708 0.780680180 -0.013815569 0.624319792
60.405140 12.331498146 1.246551633 60.228687286 0.023717606 0.777614117 -0.013488518 0.628149450
60.508660 12.479206085 1.235445142 60.212200165 0.023625370 0.773885071 -0.012994608 0.632751763
60.612160 12.632081985 1.235186577 60.185955048 0.024195977 0.768958688 -0.012806957 0.638712049
60.715540 12.771448135 1.226874828 60.171745300 0.024194796 0.763678193 -0.012684274 0.645018816
60.819060 12.918460846 1.211923838 60.163833618 0.023819076 0.757914186 -0.012953215 0.651790619
60.922560 13.071134567 1.210937142 60.172332764 0.024406446 0.751543880 -0.014302008 0.659076273
61.025940 13.225917816 1.199409246 60.172046661 0.025079329 0.743954301 -0.015777962 0.667573273
61.129320 13.397602081 1.189694166 60.173984528 0.025944455 0.735221028 -0.016808055 0.677122176
61.232710 13.583076477 1.190624475 60.184020996 0.026932295 0.724939346 -0.017253703 0.688069582
61.335980 13.782772064 1.181149006 60.205425262 0.026929159 0.713393033 -0.016793929 0.700045109
61.439340 13.997121811 1.165644169 60.240131378 0.026229883 0.700491130 -0.016394870 0.712990463
61.542600 14.225200653 1.161384106 60.280517578 0.024455249 0.685833514 -0.016468767 0.727160990
61.645860 14.453632355 1.143532515 60.332527161 0.021985669 0.670227528 -0.015002891 0.741678178
61.749240 14.699789047 1.135599375 60.397567749 0.020894676 0.653356373 -0.014342536 0.756626189
61.852490 14.948509216 1.119722009 60.472572327 0.020727847 0.635600686 -0.013530213 0.771621048
61.955880 15.183549881 1.113513112 60.569011688 0.020329978 0.617708623 -0.011980945 0.786052883
62.059270 15.442670822 1.097982287 60.672874451 0.018778961 0.598711371 -0.010336842 0.800677955
62.162510 15.692188263 1.086451888 60.786354065 0.016787089 0.578978240 -0.009045802 0.815119982
62.265890 15.920751572 1.072416425 60.933971405 0.012718527 0.559483826 -0.010128227 0.828681827
62.369400 16.159629822 1.075108051 61.095676422 0.011094117 0.539519310 -0.010168603 0.841838717
62.472780 16.411476135 1.073670626 61.259002686 0.011142875 0.517910600 -0.008513807 0.855319798
62.576160 16.632249832 1.068011284 61.452423096 0.011415609 0.496303380 -0.007985852 0.868037343
62.679540 16.857191086 1.050776839 61.626533508 0.012208598 0.472690672 -0.006511417 0.881119788
62.782920 17.083074570 1.045519590 61.843593597 0.012152742 0.448855072 -0.007229115 0.893492699
62.886440 17.292884827 1.024831653 62.077743530 0.010513322 0.425185233 -0.007655234 0.905012906
62.989940 17.497114182 1.020839930 62.314193726 0.010873007 0.401317120 -0.006036896 0.915854752
63.093450 17.724983215 1.023767114 62.575641632 0.012056221 0.376661390 -0.005089612 0.926258564
63.196950 17.905364990 1.018779993 62.841209412 0.013473190 0.353416085 -0.003208537 0.935363710
63.300580 18.104173660 1.009916306 63.130348206 0.013856824 0.330166459 -0.002807385 0.943816841
63.404220 18.288030624 1.007876873 63.454975128 0.012226406 0.308069944 -0.005631653 0.951268494
63.507850 18.455825806 0.999131441 63.794391632 0.009376827 0.286375135 -0.008752636 0.958031714
63.611600 18.628248215 0.994313002 64.145126343 0.007997382 0.265359968 -0.008903780 0.964075148
63.715240 18.802925110 0.991548300 64.505416870 0.007230694 0.244410560 -0.008050060 0.969611466
63.818890 18.953529358 0.981294274 64.883956909 0.006145670 0.224413872 -0.006233280 0.974454582
63.922510 19.093896866 0.972911298 65.267898560 0.004623817 0.203702584 -0.004539562 0.979011357
64.026130 19.236686707 0.972322047 65.700050354 0.003187955 0.183170691 -0.003994942 0.983067870
64.129900 19.344877243 0.968932271 66.129158020 0.002184079 0.164245635 -0.004962455 0.986404538
64.233530 19.451379776 0.968691111 66.583915710 0.001510418 0.147153407 -0.006768024 0.989089370
64.337290 19.555147171 0.974788964 67.034675598 0.001369728 0.131967098 -0.008455147 0.991217077
64.441030 19.644670486 0.978704453 67.498970032 0.000791365 0.120072365 -0.010138318 0.992713034
64.544790 19.731630325 0.977368176 67.992454529 -0.000127221 0.110865884 -0.011487790 0.993768990
64.648680 19.815139771 0.978421628 68.482963562 -0.000583467 0.103791617 -0.012720411 0.994517565
64.752560 19.904785156 0.981891930 68.992912292 -0.001064098 0.098042652 -0.013792578 0.995086074
64.856310 19.994012833 0.985246658 69.504219055 -0.001411740 0.094170570 -0.014237275 0.995453298
64.960080 20.087673187 0.987800598 70.032730103 -0.001961972 0.091248617 -0.014816563 0.995715976
65.063820 20.170082092 0.991500258 70.552391052 -0.002134399 0.089885369 -0.015559631 0.995828271
65.167580 20.262683868 0.993228316 71.091590881 -0.001987538 0.088697612 -0.016010039 0.995927930
65.271340 20.343877792 0.994462192 71.618293762 -0.001856139 0.088261485 -0.016053844 0.995966256
65.374960 20.452415466 0.994875610 72.166831970 -0.001808753 0.086880229 -0.014440700 0.996112466
65.478600 20.550163269 0.995690167 72.703689575 -0.001262384 0.085942678 -0.013070519 0.996213555
65.582240 20.641918182 0.998918474 73.263603210 -0.000999904 0.084783047 -0.012402539 0.996321738
65.685870 20.733627319 1.000357628 73.802116394 -0.001636732 0.084125474 -0.010076336 0.996402860
65.789380 20.831092834 1.001727581 74.355987549 -0.001863171 0.083153345 -0.008741539 0.996496677
65.893010 20.911228180 1.000189781 74.887039185 -0.000983019 0.082317859 -0.010308909 0.996552348
65.996630 21.001279831 1.001076579 75.445739746 0.000279584 0.081830204 -0.011849499 0.996575773
66.100270 21.077600479 1.004879713 75.967346191 0.000788550 0.082183108 -0.012601140 0.996537268
66.203780 21.172286987 1.002262115 76.516235352 0.001080317 0.081639111 -0.010518609 0.996605873
66.307410 21.266767502 1.013158083 77.046257019 0.001732572 0.081599861 -0.008030803 0.996631324
66.411050 21.357452393 1.003824711 77.576705933 0.000626815 0.082444020 -0.008830228 0.996556401
66.514540 21.437625885 1.000065088 78.109977722 -0.000551785 0.082562171 -0.011169530 0.996523201
66.618300 21.516611099 1.001363516 78.631904602 -0.001364766 0.082848214 -0.012244935 0.996486008
66.721930 21.603076935 0.998249471 79.157852173 -0.001629069 0.082949549 -0.011277420 0.996488571
66.825560 21.703346252 1.001626134 79.675674438 -0.001818030 0.082998201 -0.011084004 0.996486366
66.929200 21.761220932 0.996847153 80.184867859 -0.001913829 0.083437480 -0.010769508 0.996452987
67.032830 21.818387985 0.993987799 80.659515381 -0.001915396 0.084325582 -0.010998948 0.996375680
67.136470 21.899360657 0.981070876 81.163696289 -0.002074125 0.084981240 -0.011161131 0.996317863
67.240100 22.011152267 1.001965046 81.704475403 -0.001710448 0.085312992 -0.010895192 0.996293128
67.343720 22.110126495 1.009713411 82.202888489 -0.001287272 0.085949436 -0.010297326 0.996245444
67.447370 22.193819046 1.000826597 82.702804565 -0.001311767 0.086926632 -0.009235718 0.996171057
67.550980 22.278125763 1.010970473 83.194122314 -0.001231080 0.088180527 -0.009544519 0.996057987
67.654610 22.358446121 1.009489059 83.669242859 -0.001516442 0.089478128 -0.009501440 0.995942295
67.758250 22.456813812 1.006789565 84.179817200 -0.001680765 0.090125963 -0.008875114 0.995889425
67.861890 22.531757355 1.012762785 84.647285461 -0.001438235 0.091460794 -0.007847429 0.995776713
67.965520 22.594823837 1.025140047 85.111968994 -0.000969499 0.092862837 -0.007179746 0.995652556
68.069150 22.728494644 1.007479906 85.634155273 -0.000644332 0.092760153 -0.006321482 0.995668232
68.172770 22.818841934 0.996738553 86.124130249 0.000649512 0.093350939 -0.006072898 0.995614529
68.276400 22.914026260 1.001259089 86.612411499 0.001988959 0.093842909 -0.005394955 0.995570421
68.380040 23.003677368 1.011337280 87.110565186 0.002551741 0.094158053 -0.005441319 0.995539129
68.483550 23.086883545 1.010058999 87.592315674 0.002461460 0.094263852 -0.004522377 0.995533943
68.587190 23.209968567 1.011105776 88.151168823 0.002170427 0.093609758 -0.003061763 0.995601892
68.690820 23.309597015 1.004282236 88.676307678 0.001917744 0.093290687 -0.002119895 0.995634794
68.794440 23.414045334 1.014223099 89.246833801 0.002206529 0.092055738 -0.001756166 0.995749891
68.897960 23.517723083 1.015400648 89.787452698 0.002085279 0.090572461 -0.001169544 0.995886981
69.001580 23.593971252 1.018196940 90.330299377 0.001413747 0.089476041 -0.001378778 0.995986998
69.105210 23.706323624 1.019380808 90.927474976 0.000770724 0.087200776 -0.001721444 0.996188939
69.208720 23.805196762 1.018444061 91.492408752 0.000255337 0.084840931 -0.001471417 0.996393383
69.312360 23.899005890 1.020831466 92.075874329 -0.000295478 0.082360163 -0.001420854 0.996601582
69.415980 23.982341766 1.021261096 92.639427185 -0.000476826 0.079917029 -0.001625065 0.996800065
69.519640 24.058994293 1.011805296 93.211685181 0.000201176 0.077363066 -0.002268607 0.997000396
69.623110 24.122604370 1.003253222 93.749298096 0.001153976 0.075099893 -0.002750219 0.997171581
69.726750 24.223846436 1.022019148 94.356155396 0.002114266 0.071932942 -0.003880890 0.997399688
69.830390 24.284849167 1.015964746 94.903289795 0.002566168 0.069836244 -0.004817162 0.997543573
69.933880 24.350490570 1.024952650 95.472763062 0.002828627 0.067380935 -0.005862423 0.997706115
70.037520 24.435968399 1.017158031 96.088836670 0.001996875 0.065227374 -0.005648348 0.997852445
70.141180 24.502868652 1.015579820 96.650177002 0.001272718 0.063912973 -0.005310923 0.997940540
70.244780 24.567865372 1.014691949 97.223312378 0.000059886 0.062981337 -0.005607222 0.997998953
70.348420 24.641181946 1.017143726 97.811393738 -0.000741741 0.062000494 -0.006625633 0.998053849
70.452040 24.701694489 1.020527124 98.356452942 -0.000821732 0.061869077 -0.007822447 0.998053312
70.555670 24.764015198 1.019476533 98.916580200 -0.001183145 0.062489185 -0.008357279 0.998009920
70.659180 24.844470978 1.022014022 99.499633789 -0.001275375 0.063119724 -0.008984259 0.997964680
70.762820 24.915784836 1.027044415 100.055328369 -0.001339928 0.064427488 -0.009178407 0.997879267
70.866440 24.978424072 1.028144598 100.595390320 -0.001761648 0.066231996 -0.009163384 0.997760594
70.969970 25.059400558 1.023302674 101.152839661 -0.002713681 0.067534484 -0.009962431 0.997663498
71.073600 25.130775452 1.024201155 101.689720154 -0.003395430 0.069437504 -0.010865021 0.997521341
71.177230 25.202575684 1.027689695 102.220703125 -0.003766025 0.071721047 -0.011394824 0.997352540
71.280850 25.280422211 1.029962063 102.729423523 -0.003978896 0.074334897 -0.012068984 0.997152328
71.384480 25.363025665 1.032970667 103.254127502 -0.003715622 0.077026263 -0.012632641 0.996942103
71.488160 25.440618515 1.034605145 103.740455627 -0.003842537 0.080221213 -0.012384318 0.996692717
71.591620 25.534593582 1.037419796 104.249008179 -0.003955481 0.083577029 -0.011005114 0.996432662
71.695250 25.619525909 1.042563081 104.728096008 -0.004254588 0.087257370 -0.010062617 0.996125877
71.798890 25.700942993 1.043654084 105.187271118 -0.002348736 0.090718307 -0.010395001 0.995819569
71.902670 25.807994843 1.039141297 105.656059265 0.000876127 0.094176874 -0.009364665 0.995511055
72.006280 25.896467209 1.031108618 106.103500366 0.003156177 0.097910203 -0.009816477 0.995141864
72.109780 25.992006302 1.030037999 106.553100586 0.007428655 0.101265036 -0.009647132 0.994785011
72.213410 26.085344315 1.021778345 106.976531982 0.012618959 0.104198992 -0.010016285 0.994425952
72.317050 26.172182083 1.014635563 107.401527405 0.017772680 0.107241146 -0.010354872 0.994020224
72.420550 26.289579391 1.000252247 107.841247559 0.019831441 0.109572515 -0.010332691 0.993727207
72.524250 26.381174088 0.986384869 108.283332825 0.019553835 0.112204090 -0.008548394 0.993456006
72.627680 26.502010345 0.977866173 108.710594177 0.019298166 0.114071600 -0.007182588 0.993259132
72.731320 26.594009399 0.970503807 109.125259399 0.016355358 0.116650917 -0.007022196 0.993013501
72.834970 26.686693192 0.958475590 109.536315918 0.011876134 0.118767820 -0.007918127 0.992819428
72.938470 26.804897308 0.935588479 109.976348877 0.007711111 0.120779164 -0.007976039 0.992617428
73.042090 26.903533936 0.917952776 110.387390137 0.004762355 0.122981861 -0.008514141 0.992360950
73.145610 27.011856079 0.911977947 110.780380249 0.003326028 0.125233129 -0.007729541 0.992091656
73.249230 27.124996185 0.904561460 111.184577942 0.003258200 0.127563983 -0.006800746 0.991801679
73.352860 27.235025406 0.904723048 111.580863953 0.004150387 0.130869359 -0.006288935 0.991370976
73.456510 27.346652985 0.899338007 111.965713501 0.004336326 0.134212002 -0.007363603 0.990915775
73.560120 27.459367752 0.898316741 112.354225159 0.003989321 0.137686267 -0.007056142 0.990442753
73.663750 27.573192596 0.893458366 112.733566284 0.003257581 0.140787005 -0.006968778 0.990010023
73.767380 27.690164566 0.895564437 113.132400513 0.001942060 0.144241676 -0.007802662 0.989509821
73.870890 27.803560257 0.896742880 113.517379761 -0.000332415 0.147366226 -0.009244306 0.989038706
73.974520 27.938240051 0.893960834 113.917510986 -0.003309563 0.149915159 -0.007652238 0.988663673
74.078150 28.064250946 0.901180089 114.306045532 -0.007264609 0.152493387 -0.005020703 0.988265038
74.181790 28.200181961 0.904164076 114.684852600 -0.010928898 0.154639274 -0.003135358 0.987905562
74.285430 28.317352295 0.911605597 115.053947449 -0.014582070 0.156379402 -0.002045528 0.987587273
74.388930 28.459699631 0.915773392 115.438514709 -0.017885150 0.157736555 -0.000798552 0.987318933
74.492560 28.567981720 0.921804667 115.777915955 -0.018524079 0.159730509 -0.001828541 0.986985147
74.596190 28.675437927 0.919466972 116.131278992 -0.016462706 0.161357477 -0.004623872 0.986747921
74.699830 28.777952194 0.906366348 116.448913574 -0.014461660 0.162669614 -0.006195777 0.986555159
74.803340 28.897872925 0.927660108 116.755767822 -0.011394398 0.163846090 -0.005418948 0.986405194
74.906960 29.002534866 0.938022852 117.042755127 -0.007825236 0.164611667 -0.003092822 0.986322582
75.010470 29.111402512 0.946856380 117.338897705 -0.004113154 0.163333386 -0.001560623 0.986561120
75.113980 29.193756104 0.959206760 117.599090576 0.000398074 0.160154715 -0.000017942 0.987091839
75.217360 29.285985947 0.962210655 117.871490479 0.004281410 0.155013338 0.001090138 0.987902462
75.320870 29.368473053 0.966760516 118.152923584 0.006461069 0.148084790 0.002186730 0.988951147
75.424240 29.427942276 0.957126021 118.429862976 0.004872002 0.138811514 0.001469148 0.990305722
75.527510 29.472795486 0.953889549 118.721046448 0.003320126 0.126691833 0.001326952 0.991935670
75.630890 29.517488480 0.953862846 118.999320984 0.003992178 0.112809852 0.000430694 0.993608475
75.734150 29.550313950 0.958880186 119.277130127 0.005238264 0.097238891 0.000029365 0.995247304
75.837520 29.559268951 0.961067200 119.542060852 0.005753435 0.080418378 -0.000543922 0.996744394
75.940790 29.561315536 0.953573823 119.810798645 0.005314570 0.062609717 -0.000673318 0.998023689
76.044030 29.554645538 0.947316289 120.077247620 0.004950874 0.043237057 -0.000701941 0.999052346
76.147420 29.534973145 0.950858235 120.349243164 0.004427348 0.022903871 -0.000709259 0.999727607
76.250670 29.509796143 0.946556449 120.619934082 0.003620246 0.001106674 -0.000433701 0.999992728
76.354050 29.461929321 0.948648334 120.906341553 0.002326779 -0.021157382 -0.000367762 0.999773383
76.457320 29.397039413 0.947669208 121.187675476 0.000886678 -0.043419305 -0.000466749 0.999056458
76.560700 29.315183640 0.959307671 121.480949402 -0.000955586 -0.065706827 -0.000820884 0.997838199
76.664070 29.217775345 0.959116042 121.752983093 -0.002281642 -0.088419147 -0.002322456 0.996078014
76.767450 29.120969772 0.958146870 122.012168884 -0.002703372 -0.112365820 -0.004148803 0.993654549
76.870960 28.982845306 0.958083212 122.297363281 -0.003107255 -0.135750264 -0.005903563 0.990720630
76.974340 28.839290619 0.971128166 122.608558655 -0.003075188 -0.159096196 -0.006623247 0.987236083
77.077850 28.702980042 0.968086123 122.883735657 -0.004017318 -0.182795957 -0.005458323 0.983127475
77.181350 28.533542633 0.974444568 123.190704346 -0.005469420 -0.206170037 -0.004339588 0.978491247
77.284870 28.342109680 0.974832237 123.485527039 -0.006662546 -0.229040116 -0.003540034 0.973387718
77.388380 28.128723145 0.983782053 123.784889221 -0.007410523 -0.253106803 -0.005406502 0.967394829
77.491880 27.888565063 1.000149965 124.086456299 -0.007640036 -0.277209818 -0.008331181 0.960742891
77.595390 27.617057800 1.010365367 124.395233154 -0.009178210 -0.300924093 -0.008441815 0.953566551
77.699020 27.334884644 1.029292226 124.712272644 -0.010914340 -0.324592620 -0.007075191 0.945764482
77.802520 27.037181854 1.039038897 124.989151001 -0.011372182 -0.348168403 -0.007663610 0.937331676
77.906150 26.705074310 1.058082581 125.284927368 -0.010977966 -0.372146040 -0.008888184 0.928066730
78.009660 26.328922272 1.085949659 125.583419800 -0.011045331 -0.395722926 -0.008348479 0.918265581
78.113300 25.972381592 1.089180231 125.835014343 -0.011115105 -0.418731391 -0.008181074 0.908005238
78.216810 25.548896790 1.122002602 126.132263184 -0.009646949 -0.442102611 -0.007521343 0.896881044
78.320440 25.135917664 1.124040365 126.366554260 -0.008096481 -0.464546084 -0.007719238 0.885478258
78.424060 24.677726746 1.144730806 126.607841492 -0.007746189 -0.486439168 -0.006885073 0.873652995
78.527700 24.189910889 1.162692785 126.860961914 -0.009059808 -0.507490635 -0.005890002 0.861589551
78.631340 23.675580978 1.185184836 127.082641602 -0.010208415 -0.526163459 -0.005938876 0.850301445
78.735090 23.122434616 1.202612519 127.295814514 -0.010660155 -0.543294847 -0.008320687 0.839433014
78.838850 22.567508698 1.224725962 127.490890503 -0.010835323 -0.558360040 -0.010133947 0.829466045
78.942600 21.979166031 1.245314360 127.676498413 -0.011131035 -0.571857750 -0.010316595 0.820212424
79.046350 21.377235413 1.280637503 127.865798950 -0.011521367 -0.583952427 -0.010162706 0.811642468
79.150110 20.767887115 1.310062528 128.029830933 -0.012918356 -0.594472349 -0.009651659 0.803954363
79.253740 20.120876312 1.330364227 128.199340820 -0.015074165 -0.604024291 -0.009255984 0.796769559
79.357510 19.458007812 1.357391238 128.352935791 -0.016467733 -0.612102091 -0.010174210 0.790541768
79.461250 18.780385971 1.394547701 128.506637573 -0.017256286 -0.619666159 -0.010956415 0.784599245
79.565020 18.078081131 1.426807046 128.647232056 -0.017907377 -0.625968874 -0.011350445 0.779559851
79.668780 17.369777679 1.469089627 128.789138794 -0.018306680 -0.631532907 -0.011332925 0.775050104
79.772530 16.638652802 1.503366709 128.919494629 -0.018564012 -0.635905266 -0.011842301 0.771452963
79.876290 15.903926849 1.551513195 129.039245605 -0.018833386 -0.638937533 -0.011700365 0.768939078
79.979910 15.128154755 1.581283331 129.173919678 -0.019932738 -0.641397953 -0.012356581 0.766849816
80.083660 14.354324341 1.627623320 129.297836304 -0.020684421 -0.642698884 -0.012553189 0.765736699
80.187420 13.561283112 1.674816012 129.442123413 -0.021344382 -0.643382847 -0.013100496 0.765134811
80.291050 12.763039589 1.720146656 129.583374023 -0.022161705 -0.643386602 -0.013729133 0.765097439
80.394700 11.962101936 1.771120429 129.733810425 -0.023092389 -0.642801642 -0.013410375 0.765567064
80.498440 11.153041840 1.814420462 129.884201050 -0.024845267 -0.642294168 -0.012171643 0.765958667
80.602080 10.339423180 1.862837076 130.028091431 -0.026936591 -0.641637266 -0.010669328 0.766460776
80.705720 9.515338898 1.911342382 130.179244995 -0.027518649 -0.641350925 -0.009396276 0.766696453
80.809340 8.698269844 1.959957361 130.327819824 -0.026569543 -0.640994251 -0.007783236 0.767046154
80.912970 7.854782104 2.002722979 130.476074219 -0.025170453 -0.640642941 -0.006696702 0.767396986
81.016600 7.018205643 2.056841135 130.632400513 -0.023909008 -0.640363038 -0.004664255 0.767686009
81.120230 6.168159485 2.111182451 130.799942017 -0.024014646 -0.639826238 -0.004458989 0.768131316
81.223860 5.299610138 2.138947010 130.954040527 -0.024810910 -0.638751268 -0.004110367 0.769002140
81.327510 4.428495407 2.191818237 131.100845337 -0.024628017 -0.637935102 -0.005072040 0.769679487
81.431000 3.553359985 2.236968994 131.263198853 -0.024375798 -0.637277722 -0.005908431 0.770226002
81.534640 2.656259537 2.285011053 131.433319092 -0.024747923 -0.636758149 -0.006106430 0.770642102
81.638270 1.741619110 2.328339577 131.591369629 -0.025704615 -0.635927320 -0.005637107 0.771300197
81.741900 0.859308243 2.378995895 131.788330078 -0.025641154 -0.635766149 -0.005622913 0.771435201
81.845530 -0.042257309 2.427271605 131.963607788 -0.024806548 -0.635413587 -0.005824858 0.771751404
81.949160 -0.961589813 2.476783752 132.147994995 -0.024611294 -0.635020792 -0.005367934 0.772084177
82.052670 -1.864545822 2.514987946 132.320968628 -0.025046542 -0.634540796 -0.005074190 0.772466719
82.156300 -2.786151886 2.569868803 132.510787964 -0.025434494 -0.634339571 -0.004657939 0.772621989
82.259810 -3.729167938 2.622072458 132.690002441 -0.025820076 -0.633968949 -0.004142614 0.772916257
82.363440 -4.662679672 2.671541691 132.896179199 -0.026117215 -0.634487510 -0.003826795 0.772482276
82.467080 -5.599767685 2.713087559 133.073379517 -0.026380120 -0.634546340 -0.003662487 0.772425771
82.570590 -6.549215317 2.767954350 133.258850098 -0.026770825 -0.634652555 -0.002828407 0.772328615
82.674210 -7.502113342 2.807281971 133.445571899 -0.026957488 -0.634983242 -0.002919207 0.772049904
82.777840 -8.470046997 2.860363483 133.619735718 -0.027564764 -0.635056376 -0.003078778 0.771967709
