1.864743 0.0000000 0.0000000 0.0000000 0.0000000 0.0000000 0.0000000 1.0000000
2.280098 -0.0906585 -0.0002038 0.5360783 -0.0006822 -0.0447722 -0.0001429 0.9989970
2.381917 -0.1294655 0.0053572 0.6892833 -0.0004462 -0.0595243 0.0000706 0.9982268
2.588680 -0.2273964 0.0048735 1.0240387 -0.0005179 -0.0932951 0.0006538 0.9956381
2.795318 -0.3734470 0.0102595 1.3803347 -0.0009318 -0.1318674 -0.0000720 0.9912669
3.001943 -0.5659890 0.0163783 1.7640111 -0.0027058 -0.1748926 -0.0024396 0.9845808
3.312099 -0.9512181 0.0271591 2.3817346 -0.0061052 -0.2459357 -0.0033190 0.9692612
3.415482 -1.1110512 0.0333827 2.5917423 -0.0090514 -0.2703239 -0.0033432 0.9627210
3.622246 -1.4835768 0.0506182 2.9922276 -0.0123452 -0.3203285 -0.0070716 0.9471997
3.829134 -1.9251732 0.0779051 3.3820012 -0.0159286 -0.3707482 -0.0108479 0.9285335
4.036007 -2.4326854 0.1055285 3.7508049 -0.0204796 -0.4217551 -0.0112233 0.9064090
4.243039 -3.0088768 0.1345385 4.0830169 -0.0222610 -0.4724574 -0.0109813 0.8810039
4.450175 -3.6594529 0.1757910 4.3680773 -0.0213721 -0.5193602 -0.0111083 0.8542159
4.657574 -4.3828039 0.2240148 4.6181202 -0.0218595 -0.5619180 -0.0098634 0.8268453
4.864821 -5.1676970 0.2713950 4.8148766 -0.0246271 -0.6008415 -0.0081922 0.7989468
5.072083 -6.0203199 0.3184567 4.9470186 -0.0268179 -0.6343906 -0.0108671 0.7724709
5.279599 -6.9307437 0.3729498 5.0329156 -0.0260187 -0.6603572 -0.0118152 0.7504078
5.487113 -7.8792386 0.4309696 5.0864239 -0.0257675 -0.6797421 -0.0108996 0.7329174
5.694618 -8.8745289 0.4884390 5.1103334 -0.0275221 -0.6942850 -0.0093271 0.7191133
5.902142 -9.9079571 0.5468270 5.1012473 -0.0258910 -0.7049056 -0.0102722 0.7087540
6.109768 -10.9905930 0.6150231 5.0745320 -0.0256668 -0.7112206 -0.0110452 0.7024133
6.317290 -12.1166553 0.6879947 5.0454516 -0.0279233 -0.7136646 -0.0118774 0.6998300
6.524669 -13.2619448 0.7560886 5.0047565 -0.0274537 -0.7150398 -0.0127638 0.6984278
6.731933 -14.4377527 0.8284017 4.9660583 -0.0267508 -0.7165611 -0.0117916 0.6969114
6.939332 -15.6514587 0.9042891 4.9264317 -0.0264843 -0.7168730 -0.0126857 0.6965851
7.250228 -17.5421238 1.0225133 4.8560572 -0.0259265 -0.7166001 -0.0138360 0.6968648
7.561120 -19.5203419 1.1527593 4.7896237 -0.0240290 -0.7163311 -0.0104605 0.6972682
7.872008 -21.5814037 1.2685744 4.7290893 -0.0285242 -0.7165121 -0.0125684 0.6968780
8.079157 -22.9667015 1.3563142 4.7012691 -0.0304323 -0.7170572 -0.0090019 0.6962914
8.286421 -24.3770809 1.4395636 4.6517015 -0.0281739 -0.7176992 -0.0059346 0.6957577
8.493681 -25.8162689 1.5167930 4.6020141 -0.0283416 -0.7181674 -0.0026070 0.6952881
8.700941 -27.2791920 1.5879159 4.5450449 -0.0292002 -0.7184480 -0.0037364 0.6949574
8.908077 -28.7632751 1.6610501 4.4894443 -0.0307532 -0.7186422 -0.0044492 0.6946855
9.115479 -30.2553062 1.7407570 4.4351239 -0.0310255 -0.7188458 -0.0038779 0.6944661
9.322732 -31.7495918 1.8232735 4.3801327 -0.0307532 -0.7191403 -0.0033405 0.6941760
9.530007 -33.2590675 1.8995794 4.3244677 -0.0319776 -0.7194275 -0.0013409 0.6938297
9.633628 -34.0141449 1.9327230 4.2992458 -0.0318002 -0.7197472 0.0006642 0.6935073
9.840891 -35.5491867 2.0117097 4.2409701 -0.0330917 -0.7203949 0.0021444 0.6927708
9.944520 -36.3214912 2.0499227 4.2065988 -0.0351272 -0.7208564 0.0008037 0.6921933
10.048170 -37.1030197 2.0894449 4.1686554 -0.0363526 -0.7212065 -0.0001280 0.6917656
10.151790 -37.8743591 2.1301606 4.1281075 -0.0359904 -0.7215608 -0.0005484 0.6914148
10.359040 -39.4361649 2.2178843 4.0434756 -0.0337752 -0.7225087 -0.0008934 0.6905357
10.566320 -41.0106850 2.2996662 3.9541631 -0.0340781 -0.7233028 -0.0021490 0.6896862
10.773460 -42.5916557 2.3852749 3.8584130 -0.0328755 -0.7242566 -0.0043732 0.6887325
10.980710 -44.1780014 2.4646649 3.7621179 -0.0327280 -0.7250963 -0.0037030 0.6878594
11.187980 -45.7605019 2.5507553 3.6636417 -0.0331868 -0.7259704 -0.0035784 0.6869154
11.395240 -47.3443832 2.6373281 3.5647538 -0.0328439 -0.7266670 -0.0041951 0.6861914
11.602500 -48.9232101 2.7200165 3.4506085 -0.0311639 -0.7268544 -0.0073540 0.6860448
11.809900 -50.4971809 2.8100243 3.3490207 -0.0300002 -0.7263340 -0.0114730 0.6865910
12.017160 -52.0931396 2.9055805 3.2582176 -0.0311798 -0.7250282 -0.0117966 0.6879119
12.224550 -53.6758690 3.0009239 3.1709878 -0.0303655 -0.7240863 -0.0099449 0.6889688
12.431810 -55.2600403 3.0927606 3.0902121 -0.0294050 -0.7235267 -0.0083220 0.6896196
12.639070 -56.8514175 3.1803076 3.0006590 -0.0276164 -0.7229204 -0.0098712 0.6903087
12.846330 -58.4524918 3.2691026 2.9216805 -0.0263441 -0.7226262 -0.0097217 0.6906684
13.053600 -60.0653839 3.3603170 2.8513451 -0.0269092 -0.7223119 -0.0082898 0.6909940
13.260730 -61.6851349 3.4413741 2.7699547 -0.0274418 -0.7218664 -0.0063932 0.6914586
13.571640 -64.1461945 3.5771394 2.6703739 -0.0288912 -0.7211339 -0.0043204 0.6921796
13.882410 -66.6595001 3.7016740 2.5468998 -0.0293180 -0.7194780 -0.0065302 0.6938655
14.193300 -69.1852188 3.8422141 2.4496806 -0.0297222 -0.7188157 -0.0060749 0.6945385
14.400440 -70.8652802 3.9337747 2.3858063 -0.0295712 -0.7188842 -0.0053516 0.6944799
14.607580 -72.5515823 4.0229073 2.3157737 -0.0294051 -0.7190844 -0.0066147 0.6942688
14.814830 -74.2167664 4.1133294 2.2398896 -0.0285727 -0.7193124 -0.0084333 0.6940477
15.022100 -75.8798904 4.2049551 2.1717551 -0.0279457 -0.7195262 -0.0086661 0.6938486
15.229360 -77.5223236 4.2912240 2.1059241 -0.0282066 -0.7195950 -0.0097400 0.6937525
15.436620 -79.1653595 4.3760085 2.0351851 -0.0268590 -0.7187342 -0.0120260 0.6946619
15.643900 -80.7961807 4.4626179 1.9749281 -0.0256515 -0.7180406 -0.0127521 0.6954114
15.851160 -82.4136047 4.5465021 1.9134140 -0.0238119 -0.7175503 -0.0117421 0.6960005
16.058280 -84.0235062 4.6330376 1.8524144 -0.0239981 -0.7175304 -0.0110902 0.6960253
16.368940 -86.4218597 4.7545028 1.7675531 -0.0261255 -0.7190481 -0.0130372 0.6943467
16.576200 -88.0045776 4.8456311 1.6968071 -0.0251573 -0.7203896 -0.0109464 0.6930268
16.887170 -90.3648987 4.9594507 1.5938168 -0.0290011 -0.7226144 -0.0076048 0.6906008
17.094360 -91.9480133 5.0480919 1.5122371 -0.0318091 -0.7245448 -0.0102592 0.6884168
17.405380 -94.3051453 5.1921296 1.3564053 -0.0258889 -0.7268849 -0.0122908 0.6861610
17.612770 -95.8798676 5.2794147 1.2461114 -0.0263948 -0.7285522 -0.0130017 0.6843581
17.820040 -97.4470215 5.3639150 1.1394825 -0.0276692 -0.7303406 -0.0116495 0.6824232
18.027290 -99.0058746 5.4557362 1.0191364 -0.0269317 -0.7315420 -0.0097255 0.6811948
18.234680 -100.5894928 5.5399232 0.8975806 -0.0260929 -0.7322398 -0.0096489 0.6804785
18.441950 -102.1700287 5.6217251 0.7747321 -0.0263022 -0.7324930 -0.0099282 0.6801938
18.649340 -103.7633057 5.7070217 0.6459422 -0.0248137 -0.7321272 -0.0103779 0.6806366
18.856600 -105.3581009 5.7892699 0.5203958 -0.0233968 -0.7314508 -0.0088641 0.6814350
19.063730 -106.9692001 5.8755527 0.4015846 -0.0245527 -0.7306247 -0.0100309 0.6822639
19.271000 -108.5670242 5.9585094 0.2877550 -0.0242619 -0.7297956 -0.0086535 0.6831799
19.478260 -110.1807861 6.0432119 0.1676998 -0.0240644 -0.7288453 -0.0083364 0.6842046
19.685400 -111.7844315 6.1148601 0.0619783 -0.0246953 -0.7279018 -0.0079178 0.6851908
19.996290 -114.1840363 6.2309656 -0.0878267 -0.0271139 -0.7266045 -0.0099810 0.6864482
20.203560 -115.7599335 6.3132234 -0.1866488 -0.0258225 -0.7257254 -0.0057985 0.6874753
20.410700 -117.3358307 6.3828301 -0.2761974 -0.0257586 -0.7252159 -0.0045328 0.6880246
20.617970 -118.8859100 6.4521132 -0.3478560 -0.0285641 -0.7249968 -0.0036812 0.6881498
20.825110 -120.4304428 6.5231762 -0.4403753 -0.0297689 -0.7243425 -0.0062704 0.6887688
21.135860 -122.7183990 6.6492357 -0.5642114 -0.0314444 -0.7238272 -0.0097947 0.6891949
21.343140 -124.1986389 6.7317562 -0.6511865 -0.0292023 -0.7236351 -0.0115054 0.6894687
21.653910 -126.3569946 6.8568559 -0.7686992 -0.0287562 -0.7232521 -0.0141885 0.6898393
21.861170 -127.7265396 6.9329777 -0.8445544 -0.0288299 -0.7230541 -0.0148795 0.6900291
22.068300 -129.0505066 7.0129323 -0.9156046 -0.0281703 -0.7230496 -0.0142846 0.6900736
22.275570 -130.3430939 7.0829239 -0.9832935 -0.0275952 -0.7239760 -0.0136309 0.6891382
22.482830 -131.6204376 7.1605926 -1.0559735 -0.0274434 -0.7248842 -0.0134854 0.6881918
22.689980 -132.8695679 7.2304020 -1.1270914 -0.0269729 -0.7254719 -0.0134234 0.6875921
22.897240 -134.1019135 7.2970438 -1.1950331 -0.0278313 -0.7255290 -0.0124987 0.6875151
23.104490 -135.2966766 7.3640575 -1.2688389 -0.0286696 -0.7249922 -0.0130157 0.6880370
23.415530 -137.0156403 7.4602723 -1.3496561 -0.0289316 -0.7228608 -0.0136131 0.6902535
23.726540 -138.6358795 7.5528221 -1.4195037 -0.0259572 -0.7186539 -0.0136298 0.6947497
24.037550 -140.2084961 7.6298161 -1.4471760 -0.0220283 -0.7097262 -0.0127216 0.7040182
24.452340 -142.2505341 7.7288918 -1.3898435 -0.0204293 -0.6935282 -0.0122041 0.7200363
24.763350 -143.7427521 7.7938132 -1.2757645 -0.0192136 -0.6776600 -0.0142581 0.7349860
25.074380 -145.2115326 7.8770247 -1.0945015 -0.0182886 -0.6570907 -0.0165405 0.7534081
25.385520 -146.6419373 7.9484830 -0.8384247 -0.0167593 -0.6316809 -0.0208923 0.7747657
25.592910 -147.5647125 7.9846773 -0.6061325 -0.0137908 -0.6133394 -0.0219987 0.7893926
25.903930 -148.8995819 8.0502110 -0.1616440 -0.0114295 -0.5837702 -0.0229053 0.8115153
26.111310 -149.7618408 8.0781393 0.1745834 -0.0105822 -0.5608994 -0.0245776 0.8274514
26.422340 -150.9985504 8.1566830 0.7814102 -0.0103196 -0.5227205 -0.0247523 0.8520823
26.733240 -152.1540680 8.1990366 1.5002670 -0.0113217 -0.4806961 -0.0267000 0.8764076
27.044120 -153.2412567 8.2516479 2.3433075 -0.0091768 -0.4337077 -0.0290671 0.9005379
27.355010 -154.2541809 8.3048439 3.3149414 -0.0068660 -0.3846686 -0.0311229 0.9225044
27.665800 -155.1648102 8.3491230 4.4131622 -0.0053472 -0.3344901 -0.0321690 0.9418349
27.873060 -155.7048035 8.3780870 5.2017517 -0.0045841 -0.3006242 -0.0330350 0.9531594
28.183700 -156.4251099 8.4182158 6.4733047 -0.0035538 -0.2501866 -0.0343958 0.9675800
28.390970 -156.8376770 8.4381227 7.3656197 -0.0024336 -0.2180467 -0.0337899 0.9753501
28.598100 -157.1993561 8.4518156 8.2950325 -0.0020194 -0.1888840 -0.0334757 0.9814266
28.805240 -157.5202637 8.4668713 9.2536163 -0.0008013 -0.1612700 -0.0346643 0.9863010
29.012380 -157.7899933 8.4808626 10.2515068 -0.0002170 -0.1335009 -0.0342640 0.9904562
29.219520 -158.0069122 8.4930096 11.2876396 -0.0009598 -0.1061481 -0.0335512 0.9937837
29.426660 -158.1798553 8.5014420 12.3594551 -0.0015042 -0.0799938 -0.0349052 0.9961829
29.633820 -158.3000946 8.5077200 13.4710178 -0.0014737 -0.0543717 -0.0351753 0.9978999
29.841060 -158.3720245 8.5194197 14.6169577 0.0003087 -0.0294191 -0.0369631 0.9988834
30.048320 -158.3869324 8.5261221 15.8105927 0.0002078 -0.0070834 -0.0365978 0.9993050
30.255460 -158.3592224 8.5318794 17.0437012 0.0000346 0.0118724 -0.0366781 0.9992566
30.565980 -158.2416077 8.5335598 18.9317875 0.0001010 0.0311630 -0.0324974 0.9989859
30.773010 -158.1413422 8.5429058 20.2182579 -0.0012806 0.0366268 -0.0297381 0.9988856
31.083510 -157.9931488 8.5479927 22.1767845 -0.0040874 0.0395300 -0.0273967 0.9988344
31.394030 -157.8357391 8.5596504 24.1268921 -0.0025467 0.0386281 -0.0259708 0.9989129
31.704800 -157.6850739 8.5749006 26.0706501 -0.0022719 0.0358779 -0.0260280 0.9990146
32.015570 -157.5608063 8.5797091 28.0315533 -0.0041605 0.0330606 -0.0274777 0.9990669
32.326460 -157.4358215 8.5962410 29.9644470 -0.0045009 0.0300011 -0.0267607 0.9991814
32.637360 -157.3175507 8.6142426 31.8610039 -0.0043504 0.0286100 -0.0252272 0.9992628
32.948260 -157.2134857 8.6252222 33.7538033 -0.0033628 0.0291784 -0.0256527 0.9992393
33.259280 -157.0991516 8.6334925 35.6333961 -0.0031187 0.0352424 -0.0268746 0.9990125
33.570430 -156.9348755 8.6335707 37.4527664 -0.0041083 0.0528766 -0.0303051 0.9981326
33.881570 -156.6664124 8.6263781 39.1819267 -0.0025029 0.0857999 -0.0335161 0.9957454
34.192960 -156.2530823 8.6113977 40.8467903 0.0015067 0.1316605 -0.0345752 0.9906906
34.607740 -155.4389496 8.5670691 42.9317780 0.0035936 0.2013480 -0.0315783 0.9790040
35.022270 -154.3192749 8.5144053 44.8987770 -0.0001106 0.2724926 -0.0263445 0.9617972
35.333160 -153.2869873 8.4995298 46.2786789 0.0017707 0.3254731 -0.0279279 0.9451371
35.643930 -152.0863495 8.4602623 47.5481567 0.0006175 0.3782954 -0.0265348 0.9253044
35.954820 -150.7235413 8.4233332 48.6830521 0.0037961 0.4299356 -0.0258299 0.9024820
36.265600 -149.2034912 8.3770800 49.6991920 0.0071517 0.4788379 -0.0235184 0.8775591
36.472740 -148.1063385 8.3379278 50.3011322 0.0083451 0.5092261 -0.0212779 0.8603292
36.679750 -146.9718018 8.2919512 50.8232384 0.0094171 0.5366992 -0.0199962 0.8434841
36.886760 -145.7866058 8.2362442 51.2917328 0.0111684 0.5607752 -0.0192289 0.8276694
37.093780 -144.5543060 8.1940899 51.7097282 0.0134002 0.5820181 -0.0187594 0.8128490
37.300780 -143.2830505 8.1375751 52.0822601 0.0157802 0.6004294 -0.0201779 0.7992674
37.507920 -141.9572754 8.0792122 52.4098053 0.0172008 0.6165403 -0.0216298 0.7868382
37.714810 -140.5893402 8.0145769 52.7017975 0.0169795 0.6282671 -0.0198557 0.7775589
37.921710 -139.1827545 7.9492793 52.9824219 0.0162863 0.6359726 -0.0194520 0.7712945
38.232220 -136.9892578 7.8584805 53.3967896 0.0119223 0.6464173 -0.0219101 0.7625762
38.439370 -135.4603424 7.7849569 53.6442413 0.0074317 0.6545304 -0.0243541 0.7556068
38.750250 -133.1105957 7.6984477 53.9317703 0.0063951 0.6696168 -0.0261652 0.7422181
38.957400 -131.5340881 7.6270905 54.0608177 0.0101686 0.6791042 -0.0268341 0.7334808
39.164520 -129.9295197 7.5522346 54.1596565 0.0113176 0.6876242 -0.0240007 0.7255818
39.371690 -128.3151093 7.4721537 54.2260933 0.0106514 0.6940207 -0.0194578 0.7196133
39.682190 -125.9292068 7.3641906 54.2938499 0.0136832 0.6984907 -0.0175256 0.7152737
39.889120 -124.2940445 7.2898874 54.3485489 0.0177421 0.6982673 -0.0190535 0.7153635
40.096100 -122.6633072 7.2207818 54.3960152 0.0190623 0.6965474 -0.0186501 0.7170150
40.303100 -120.9936600 7.1434526 54.4627953 0.0183172 0.6939567 -0.0149139 0.7196292
40.510110 -119.3274384 7.0785518 54.5332298 0.0195155 0.6905453 -0.0139414 0.7228914
40.717260 -117.6328049 7.0062666 54.6271896 0.0198289 0.6870185 -0.0145036 0.7262246
40.924520 -115.9455490 6.9265490 54.7444229 0.0186576 0.6836776 -0.0136133 0.7294187
41.131820 -114.2350769 6.8549757 54.8804550 0.0177723 0.6806694 -0.0147375 0.7322268
41.339050 -112.5263138 6.7820544 55.0212250 0.0185147 0.6787773 -0.0164911 0.7339255
41.650070 -109.9291687 6.6574602 55.2477150 0.0140955 0.6781537 -0.0181793 0.7345600
41.753700 -109.0657043 6.6219401 55.3299828 0.0124704 0.6786340 -0.0188591 0.7341286
41.960840 -107.3507156 6.5506783 55.4726944 0.0113804 0.6801008 -0.0211459 0.7327253
42.168100 -105.6173096 6.4804521 55.6097260 0.0105958 0.6814019 -0.0218572 0.7315062
42.375360 -103.8875809 6.3996258 55.7363892 0.0089815 0.6823801 -0.0209787 0.7306412
42.582510 -102.1538086 6.3361311 55.8633728 0.0082633 0.6831477 -0.0214190 0.7299193
42.789890 -100.4168701 6.2661533 55.9894867 0.0076713 0.6839550 -0.0208103 0.7291870
42.893530 -99.5401459 6.2363167 56.0588303 0.0063835 0.6845136 -0.0202300 0.7286914
43.100660 -97.8187637 6.1750655 56.1686745 0.0065139 0.6851294 -0.0184776 0.7281578
43.307930 -96.1180267 6.1129417 56.2890778 0.0086381 0.6855903 -0.0221846 0.7275982
43.515190 -94.4246979 6.0389194 56.3977699 0.0095366 0.6856351 -0.0228901 0.7275229
43.618820 -93.5939178 6.0039005 56.4580078 0.0089772 0.6856847 -0.0240967 0.7274444
43.826120 -91.9066696 5.9315596 56.5757523 0.0076387 0.6854399 -0.0257850 0.7276324
44.136970 -89.3958969 5.8148355 56.7346573 0.0102612 0.6856274 -0.0245643 0.7274657
44.344250 -87.7413712 5.7376571 56.8348503 0.0100330 0.6851918 -0.0257010 0.7278400
44.551510 -86.1121902 5.6571612 56.9432793 0.0109420 0.6851535 -0.0272854 0.7278052
44.758650 -84.4863892 5.5831127 57.0610847 0.0078900 0.6854442 -0.0268929 0.7275856
44.965900 -82.8710709 5.5126400 57.1546707 0.0084345 0.6850809 -0.0247515 0.7279975
45.173040 -81.2414551 5.4451294 57.2546654 0.0094153 0.6853088 -0.0237139 0.7278056
45.380430 -79.6098099 5.3698754 57.3553658 0.0103595 0.6862357 -0.0241178 0.7269054
45.587700 -77.9882736 5.2944803 57.4557762 0.0136371 0.6878282 -0.0245648 0.7253296
45.898760 -75.5454407 5.1710229 57.5834732 0.0147856 0.6890172 -0.0214135 0.7242777
46.105980 -73.8907928 5.0891919 57.6649284 0.0135820 0.6894902 -0.0186061 0.7239286
46.313230 -72.2380447 5.0216522 57.7478790 0.0142130 0.6897301 -0.0178390 0.7237073
46.520510 -70.5627823 4.9469504 57.8344460 0.0143266 0.6898506 -0.0177224 0.7235930
46.727770 -68.8732452 4.8731856 57.9253006 0.0144421 0.6896501 -0.0183718 0.7237657
46.934910 -67.1906967 4.8039680 58.0313759 0.0149124 0.6891528 -0.0210931 0.7241554
47.143930 -65.5032196 4.7243438 58.1236534 0.0125095 0.6882699 -0.0197687 0.7250774
47.349320 -63.7958374 4.6531630 58.2277145 0.0110749 0.6876038 -0.0199328 0.7257279
47.556580 -62.0944633 4.5739107 58.3359108 0.0110662 0.6873468 -0.0221197 0.7259082
47.867350 -59.5239716 4.4614444 58.4969101 0.0101454 0.6876852 -0.0223829 0.7255930
48.074610 -57.8038826 4.3928146 58.5936623 0.0083529 0.6882450 -0.0210231 0.7251256
48.385620 -55.2079544 4.2920666 58.7399521 0.0090684 0.6888983 -0.0212207 0.7244905
48.592900 -53.4626236 4.2272711 58.8435936 0.0083465 0.6896070 -0.0206503 0.7238412
48.800170 -51.7303276 4.1703072 58.9339027 0.0089813 0.6901201 -0.0206565 0.7233443
49.007420 -50.0084152 4.0976763 59.0329285 0.0093977 0.6907986 -0.0236150 0.7226004
49.214590 -48.2905006 4.0153337 59.1251450 0.0099678 0.6915626 -0.0252980 0.7218046
49.421830 -46.5961494 3.9328380 59.2126617 0.0100490 0.6922243 -0.0262669 0.7211342
49.732730 -44.0547791 3.8081610 59.3261261 0.0106319 0.6927226 -0.0239163 0.7207291
49.939990 -42.3651619 3.7305484 59.3972893 0.0114534 0.6928791 -0.0222638 0.7206189
50.251000 -39.8426285 3.6108651 59.5026512 0.0127813 0.6930435 -0.0212669 0.7204687
50.561890 -37.3233070 3.4967022 59.6177940 0.0135763 0.6934417 -0.0185226 0.7201466
50.769030 -35.6678123 3.4269738 59.6806831 0.0146590 0.6933815 -0.0193640 0.7201613
51.079790 -33.2171631 3.3053122 59.7863007 0.0148405 0.6935862 -0.0185858 0.7199810
51.286940 -31.5887833 3.2314444 59.8606491 0.0156948 0.6939586 -0.0180020 0.7196187
51.494190 -29.9659081 3.1514795 59.9176292 0.0165399 0.6938698 -0.0154958 0.7197437
51.701460 -28.3607483 3.0750484 59.9791260 0.0174775 0.6935706 -0.0144036 0.7200326
51.908740 -26.7597694 3.0104246 60.0497513 0.0184585 0.6931354 -0.0161598 0.7203897
52.116120 -25.1520329 2.9408846 60.1228485 0.0162707 0.6930344 -0.0095035 0.7206582
52.427000 -22.8070583 2.8463051 60.2161255 0.0212084 0.6915930 -0.0112637 0.7218881
52.634270 -21.2316284 2.7766418 60.2894859 0.0217237 0.6906841 -0.0094272 0.7227687
52.841580 -19.6814899 2.7097664 60.3704071 0.0259560 0.6901289 -0.0139736 0.7230858
53.048700 -18.1347160 2.6302800 60.4375992 0.0254699 0.6893361 -0.0082008 0.7239474
53.255930 -16.5874138 2.5598843 60.5015564 0.0245208 0.6891277 -0.0037872 0.7242150
53.463200 -15.0670977 2.4941893 60.5848236 0.0255872 0.6897723 -0.0051105 0.7235560
53.774230 -12.8052521 2.3915410 60.6943588 0.0285525 0.6911805 -0.0079750 0.7220739
53.981480 -11.2906685 2.3157580 60.7584991 0.0273092 0.6914927 -0.0073060 0.7218301
54.188740 -9.8068924 2.2470138 60.8385811 0.0251179 0.6918728 -0.0060416 0.7215571
54.396020 -8.3755713 2.1823862 60.9021034 0.0255398 0.6918327 -0.0045879 0.7215915
54.603270 -7.0077119 2.1174123 60.9601784 0.0263870 0.6915706 -0.0026573 0.7218218
54.914170 -5.0998578 2.0364902 61.0480309 0.0252397 0.6918873 -0.0005767 0.7215640
55.121430 -3.9820650 1.9852334 61.1082420 0.0254852 0.6928894 -0.0016862 0.7205914
55.225060 -3.4850554 1.9591830 61.1253510 0.0256481 0.6932845 -0.0026530 0.7202026
55.535970 -2.0840297 1.8877492 61.1741905 0.0265774 0.6945562 -0.0040179 0.7189361
55.846850 -0.7925606 1.8265334 61.2264023 0.0280010 0.6951895 -0.0072033 0.7182449
56.054110 0.0513971 1.7846862 61.2609062 0.0259931 0.6948654 -0.0073305 0.7186325
56.261250 0.8863325 1.7457709 61.2978745 0.0234850 0.6948677 -0.0082200 0.7187070
56.468520 1.7202586 1.7121108 61.3195915 0.0220533 0.6947345 -0.0102608 0.7188550
56.675670 2.5163069 1.6903780 61.3188095 0.0204419 0.6958015 -0.0116561 0.7178485
56.883050 3.3243814 1.6831162 61.3488922 0.0199930 0.6994269 -0.0143999 0.7142794
57.090320 4.0980339 1.6693075 61.4002647 0.0182332 0.7044154 -0.0156759 0.7093805
57.401330 5.1973186 1.6039146 61.3857269 0.0176692 0.7117299 -0.0173899 0.7020156
57.608600 5.8369994 1.5664953 61.3688622 0.0175870 0.7166476 -0.0175510 0.6969928
57.919490 6.7935920 1.5234569 61.3293381 0.0173939 0.7252070 -0.0200793 0.6880183
58.334130 8.0240765 1.4524192 61.2013092 0.0163361 0.7444441 -0.0180054 0.6672420
58.644910 8.9088287 1.4115809 61.0509453 0.0169344 0.7591423 -0.0163375 0.6504993
59.059430 9.9990997 1.3587714 60.8022881 0.0173237 0.7763370 -0.0134041 0.6299373
59.370080 10.6860085 1.3247032 60.6060600 0.0199528 0.7850623 -0.0113368 0.6189915
59.680600 11.2665892 1.2988769 60.4646454 0.0206177 0.7888772 -0.0108089 0.6141098
60.094620 11.8791275 1.2678027 60.3121605 0.0229093 0.7856863 -0.0138782 0.6180450
60.405140 12.3314943 1.2465518 60.2286835 0.0237176 0.7776142 -0.0134885 0.6281494
60.715540 12.7714520 1.2268747 60.1717529 0.0241948 0.7636782 -0.0126843 0.6450188
61.025940 13.2259188 1.1994090 60.1720505 0.0250793 0.7439543 -0.0157780 0.6675733
61.335980 13.7827721 1.1811492 60.2054214 0.0269292 0.7133930 -0.0167939 0.7000451
61.645860 14.4536324 1.1435328 60.3325310 0.0219857 0.6702276 -0.0150029 0.7416782
61.955880 15.1835518 1.1135129 60.5690155 0.0203300 0.6177087 -0.0119809 0.7860529
62.369400 16.1596279 1.0751083 61.0956802 0.0110941 0.5395193 -0.0101686 0.8418387
62.679540 16.8571930 1.0507768 61.6265297 0.0122086 0.4726907 -0.0065114 0.8811198
62.989940 17.4971199 1.0208392 62.3142014 0.0108730 0.4013171 -0.0060369 0.9158548
63.196950 17.9053688 1.0187800 62.8412018 0.0134732 0.3534161 -0.0032085 0.9353637
63.404220 18.2880363 1.0078765 63.4549789 0.0122264 0.3080699 -0.0056317 0.9512685
63.611600 18.6282463 0.9943126 64.1451263 0.0079974 0.2653600 -0.0089038 0.9640751
63.818890 18.9535294 0.9812941 64.8839722 0.0061457 0.2244139 -0.0062333 0.9744546
64.026130 19.2366867 0.9723217 65.7000580 0.0031880 0.1831707 -0.0039949 0.9830678
64.337290 19.5551453 0.9747893 67.0346832 0.0013697 0.1319671 -0.0084551 0.9912171
64.544790 19.7316303 0.9773683 67.9924622 -0.0001272 0.1108659 -0.0114878 0.9937690
64.752560 19.9047852 0.9818919 68.9929199 -0.0010641 0.0980427 -0.0137926 0.9950861
64.960080 20.0876713 0.9878007 70.0327377 -0.0019620 0.0912486 -0.0148166 0.9957160
65.167580 20.2626858 0.9932287 71.0916061 -0.0019875 0.0886976 -0.0160100 0.9959279
65.374960 20.4524155 0.9948757 72.1668472 -0.0018088 0.0868802 -0.0144407 0.9961125
65.582240 20.6419182 0.9989182 73.2636032 -0.0009999 0.0847831 -0.0124025 0.9963217
65.789380 20.8310890 1.0017278 74.3559875 -0.0018632 0.0831533 -0.0087415 0.9964967
65.996630 21.0012817 1.0010768 75.4457397 0.0002796 0.0818302 -0.0118495 0.9965758
66.203780 21.1722870 1.0022621 76.5162354 0.0010803 0.0816391 -0.0105186 0.9966059
66.514540 21.4376278 1.0000651 78.1099854 -0.0005518 0.0825622 -0.0111695 0.9965232
66.721930 21.6030769 0.9982495 79.1578522 -0.0016291 0.0829495 -0.0112774 0.9964886
66.929200 21.7612228 0.9968471 80.1848755 -0.0019138 0.0834375 -0.0107695 0.9964530
67.240100 22.0111542 1.0019650 81.7044754 -0.0017104 0.0853130 -0.0108952 0.9962931
67.447370 22.1938190 1.0008268 82.7028046 -0.0013118 0.0869266 -0.0092357 0.9961711
67.758250 22.4568176 1.0067897 84.1798172 -0.0016808 0.0901260 -0.0088751 0.9958894
68.069150 22.7284966 1.0074799 85.6341629 -0.0006443 0.0927602 -0.0063215 0.9956682
68.276400 22.9140263 1.0012592 86.6124039 0.0019890 0.0938429 -0.0053950 0.9955704
68.587190 23.2099667 1.0111061 88.1511536 0.0021704 0.0936098 -0.0030618 0.9956019
68.794440 23.4140491 1.0142230 89.2468414 0.0022065 0.0920557 -0.0017562 0.9957499
69.105210 23.7063255 1.0193808 90.9274750 0.0007707 0.0872008 -0.0017214 0.9961890
69.312360 23.8990059 1.0208313 92.0758743 -0.0002955 0.0823602 -0.0014209 0.9966016
69.726750 24.2238464 1.0220193 94.3561630 0.0021143 0.0719329 -0.0038809 0.9973997
70.037520 24.4359627 1.0171583 96.0888290 0.0019969 0.0652274 -0.0056483 0.9978524
70.348420 24.6411858 1.0171437 97.8113937 -0.0007417 0.0620005 -0.0066256 0.9980538
70.659180 24.8444672 1.0220139 99.4996338 -0.0012754 0.0631197 -0.0089843 0.9979647
70.969970 25.0594025 1.0233028 101.1528473 -0.0027137 0.0675345 -0.0099624 0.9976635
71.177230 25.2025738 1.0276896 102.2206955 -0.0037660 0.0717210 -0.0113948 0.9973525
71.384480 25.3630257 1.0329707 103.2541275 -0.0037156 0.0770263 -0.0126326 0.9969421
71.591620 25.5345955 1.0374199 104.2490158 -0.0039555 0.0835770 -0.0110051 0.9964327
71.902670 25.8079967 1.0391412 105.6560745 0.0008761 0.0941769 -0.0093647 0.9955111
72.109780 25.9919987 1.0300380 106.5530777 0.0074287 0.1012650 -0.0096471 0.9947850
72.420550 26.2895813 1.0002518 107.8412476 0.0198314 0.1095725 -0.0103327 0.9937272
72.627680 26.5020123 0.9778652 108.7105942 0.0192982 0.1140716 -0.0071826 0.9932591
72.938470 26.8048973 0.9355884 109.9763641 0.0077111 0.1207792 -0.0079760 0.9926174
73.249230 27.1250019 0.9045614 111.1845932 0.0032582 0.1275640 -0.0068007 0.9918017
73.456510 27.3466549 0.8993381 111.9657211 0.0043363 0.1342120 -0.0073636 0.9909158
73.767380 27.6901684 0.8955644 113.1324005 0.0019421 0.1442417 -0.0078027 0.9895098
73.974520 27.9382534 0.8939607 113.9175186 -0.0033096 0.1499152 -0.0076522 0.9886637
74.388930 28.4596996 0.9157732 115.4384995 -0.0178852 0.1577366 -0.0007986 0.9873189
74.803340 28.8978806 0.9276600 116.7557755 -0.0113944 0.1638461 -0.0054189 0.9864053
75.217360 29.2859859 0.9622108 117.8714905 0.0042814 0.1550133 0.0010901 0.9879025
75.630890 29.5174866 0.9538629 118.9993134 0.0039922 0.1128099 0.0004307 0.9936085
75.940790 29.5613174 0.9535741 119.8107986 0.0053146 0.0626097 -0.0006733 0.9980237
76.354050 29.4619293 0.9486482 120.9063492 0.0023268 -0.0211574 -0.0003678 0.9997734
76.767450 29.1209641 0.9581470 122.0121765 -0.0027034 -0.1123658 -0.0041488 0.9936545
77.077850 28.7029915 0.9680861 122.8837509 -0.0040173 -0.1827960 -0.0054583 0.9831275
77.388380 28.1287308 0.9837819 123.7848816 -0.0074105 -0.2531068 -0.0054065 0.9673948
77.802520 27.0371742 1.0390391 124.9891510 -0.0113722 -0.3481684 -0.0076636 0.9373317
78.113300 25.9723930 1.0891799 125.8350220 -0.0111151 -0.4187314 -0.0081811 0.9080052
78.320440 25.1359138 1.1240405 126.3665619 -0.0080965 -0.4645461 -0.0077192 0.8854783
78.631340 23.6755848 1.1851848 127.0826492 -0.0102084 -0.5261635 -0.0059389 0.8503014
78.838850 22.5675106 1.2247262 127.4909058 -0.0108353 -0.5583600 -0.0101339 0.8294661
79.150110 20.7678795 1.3100628 128.0298157 -0.0129184 -0.5944723 -0.0096517 0.8039544
79.461250 18.7803860 1.3945478 128.5066376 -0.0172563 -0.6196662 -0.0109564 0.7845992
79.565020 18.0780830 1.4268074 128.6472321 -0.0179074 -0.6259688 -0.0113504 0.7795598
79.772530 16.6386490 1.5033667 128.9195099 -0.0185640 -0.6359053 -0.0118423 0.7714530
79.979910 15.1281595 1.5812832 129.1739197 -0.0199327 -0.6413980 -0.0123566 0.7668498
80.187420 13.5612850 1.6748157 129.4421234 -0.0213444 -0.6433828 -0.0131005 0.7651348
80.394700 11.9621029 1.7711210 129.7338257 -0.0230924 -0.6428016 -0.0134104 0.7655671
80.602080 10.3394241 1.8628371 130.0280914 -0.0269366 -0.6416373 -0.0106693 0.7664608
80.809340 8.6982718 1.9599575 130.3278198 -0.0265695 -0.6409943 -0.0077832 0.7670462
81.016600 7.0182037 2.0568414 130.6324005 -0.0239090 -0.6403630 -0.0046643 0.7676860
81.327510 4.4284916 2.1918175 131.1008453 -0.0246280 -0.6379351 -0.0050720 0.7696795
81.534640 2.6562557 2.2850108 131.4333191 -0.0247479 -0.6367582 -0.0061064 0.7706421
81.741900 0.8593102 2.3789976 131.7883606 -0.0256412 -0.6357662 -0.0056229 0.7714352
82.052670 -1.8645515 2.5149870 132.3209534 -0.0250465 -0.6345408 -0.0050742 0.7724667
82.259810 -3.7291660 2.6220734 132.6900177 -0.0258201 -0.6339689 -0.0041426 0.7729163
82.467080 -5.5997696 2.7130871 133.0733948 -0.0263801 -0.6345464 -0.0036625 0.7724258
82.674210 -7.5021210 2.8072805 133.4455414 -0.0269575 -0.6349832 -0.0029192 0.7720500
