2.901737 0.081245229 -0.060924884 3.315241814 -0.000121436 -0.001089439 -0.001201858 0.999998689
3.005475 0.080599807 -0.070061781 3.563886881 -0.000367403 -0.001075763 -0.001094142 0.999998748
3.109092 0.273470551 -0.107899264 3.886244774 -0.000173967 -0.001881458 -0.001570509 0.999996960
3.212830 0.097756185 -0.083364487 4.063605309 -0.000316398 -0.001053043 -0.000746908 0.999999106
3.316448 0.089819774 -0.075986221 4.332086563 -0.000348141 -0.001147821 -0.000719862 0.999998987
3.420061 0.098904632 -0.078828424 4.600630760 -0.000185205 -0.001191132 -0.000934146 0.999998868
3.523678 0.101868592 -0.086986102 4.868403912 0.000225936 -0.001150829 -0.001281178 0.999998510
3.627295 0.110142730 -0.090836838 5.127151012 0.000649878 -0.001317069 -0.001104552 0.999998331
3.730919 0.103337571 -0.097751170 5.364931107 0.000780774 -0.001359418 -0.000831443 0.999998450
3.834649 0.105971694 -0.096643537 5.643669605 0.000908402 -0.001582993 -0.000799504 0.999998033
3.938267 0.092063054 -0.100498028 5.902318478 0.001170494 -0.001466996 -0.000998548 0.999997735
4.041881 0.086231999 -0.108133733 6.169865131 0.001374235 -0.001690074 -0.001203384 0.999996901
4.145374 0.084074765 -0.104971960 6.424777031 0.001513010 -0.002046815 -0.000985192 0.999996245
4.248987 0.072088510 -0.105624855 6.705299377 0.001890760 -0.002314744 -0.001206120 0.999994814
4.352604 0.062101457 -0.103247762 7.004763126 0.002007581 -0.002796422 -0.001102262 0.999993443
4.456218 0.044288687 -0.108744606 7.296735287 0.002278014 -0.002887926 -0.001544772 0.999992013
4.559960 0.046834115 -0.114936620 7.604295731 0.002430866 -0.003415196 -0.001449540 0.999990165
4.663574 0.038560811 -0.124646604 7.893541336 0.002563878 -0.003573067 -0.001258495 0.999989510
4.767192 0.007884398 -0.124354266 8.225054741 0.002803811 -0.003831160 -0.001379304 0.999987781
4.870806 -0.011012658 -0.120855860 8.539155006 0.003030746 -0.003930878 -0.001758754 0.999986172
4.974422 -0.026912391 -0.127266854 8.871621132 0.002932070 -0.004120396 -0.001283355 0.999986351
5.078042 -0.055817764 -0.130975321 9.233876228 0.003066723 -0.004012328 -0.001316682 0.999986351
5.181654 -0.060557496 -0.134011030 9.584691048 0.003147969 -0.003927993 -0.001513576 0.999986172
5.285268 -0.087804206 -0.138882309 9.945878983 0.003080620 -0.003703852 -0.001811180 0.999986768
5.388884 -0.078896463 -0.144067943 10.371311188 0.003243852 -0.004033144 -0.001701915 0.999985158
5.492500 -0.080349594 -0.163029641 10.797527313 0.003077977 -0.004013378 -0.001516852 0.999986053
5.596115 -0.085316241 -0.157007188 11.254388809 0.003613139 -0.003893561 -0.001564585 0.999984682
5.699854 -0.088717863 -0.159785628 11.728574753 0.003721118 -0.003876192 -0.001706499 0.999984086
5.803470 -0.091714613 -0.168260470 12.221373558 0.003696952 -0.004201067 -0.001756895 0.999982774
5.907085 -0.063538522 -0.189993590 12.741377831 0.003795987 -0.004594863 -0.001910433 0.999980390
6.010701 -0.089247055 -0.181625903 13.279932976 0.004093370 -0.004390957 -0.001859543 0.999980271
6.114316 -0.054694079 -0.205707967 13.836151123 0.003853814 -0.004739328 -0.001832301 0.999979675
6.217931 -0.054431379 -0.213055462 14.382573128 0.003595742 -0.004991489 -0.001963496 0.999979138
6.321671 -0.021522135 -0.229160279 14.996699333 0.003445605 -0.005350377 -0.001920468 0.999977887
6.425287 -0.016708568 -0.247962296 15.562562943 0.003363631 -0.005261679 -0.002064083 0.999978364
6.528903 0.001136899 -0.242114186 16.115421295 0.002822889 -0.005509079 -0.002409966 0.999977946
6.632520 -0.063438684 -0.251940221 16.610771179 0.001718441 -0.004965013 -0.002373555 0.999983370
6.736135 -0.085545667 -0.270893753 17.142890930 0.000530054 -0.004545165 -0.002091681 0.999987304
6.839750 0.003349990 -0.380330145 17.680889130 -0.001245651 -0.005287541 -0.002326932 0.999982536
6.943489 -0.055820823 -0.268929929 18.279491425 -0.000756699 -0.005418173 -0.002323901 0.999982297
7.047106 -0.037031963 -0.288107157 18.822889328 -0.001018965 -0.005342648 -0.002247995 0.999982655
7.150764 0.056455314 -0.304919124 19.407155991 -0.001087144 -0.006318494 -0.002341068 0.999976695
7.254340 -0.041324139 -0.282264590 19.975378036 -0.000780077 -0.006016472 -0.002578401 0.999978244
7.358074 -0.002394199 -0.302589834 20.540040970 -0.000743800 -0.006314592 -0.002882848 0.999975622
7.461694 0.052917421 -0.320889026 21.096841812 -0.000965602 -0.006700833 -0.003144372 0.999972105
7.565433 -0.031208336 -0.307887942 21.650726318 -0.001280671 -0.006678541 -0.002909192 0.999972641
7.669051 -0.013403714 -0.311838537 22.245126724 -0.000842396 -0.006928031 -0.003459465 0.999969661
7.772789 0.054767191 -0.334837317 22.772645950 -0.000994212 -0.007324363 -0.003346590 0.999967098
7.876408 -0.037668198 -0.328231126 23.289104462 -0.001282882 -0.007026465 -0.003326120 0.999968946
7.980148 0.012058377 -0.344167441 23.827733994 -0.001329457 -0.007552949 -0.003468550 0.999964595
8.083762 0.066539109 -0.365821093 24.355247498 -0.001254139 -0.007990158 -0.003439022 0.999961376
8.187501 -0.037779659 -0.347310543 24.891929626 -0.001093225 -0.007558405 -0.003842880 0.999963462
8.291118 0.002388239 -0.381533056 25.445821762 -0.001336604 -0.007987972 -0.004072098 0.999958932
8.394858 0.068184704 -0.394372493 25.979486465 -0.000931459 -0.008618671 -0.003786045 0.999955237
8.498475 -0.027208298 -0.387788296 26.466789246 -0.000501367 -0.008162994 -0.003879084 0.999958992
8.602091 0.021701306 -0.410141140 27.053451538 -0.000411116 -0.008899268 -0.003885316 0.999952734
8.705832 0.100524187 -0.435423970 27.573980331 -0.000204479 -0.009459735 -0.003467175 0.999949217
8.809444 -0.013227135 -0.419090807 28.095653534 0.000017620 -0.009104550 -0.003565101 0.999952197
8.913062 0.033457637 -0.438493341 28.690155029 -0.000188818 -0.009773967 -0.003432729 0.999946356
9.016802 0.091114342 -0.475900322 29.276510239 -0.000298790 -0.010201863 -0.003889173 0.999940395
9.120419 -0.023193896 -0.450501561 29.763530731 0.000133060 -0.009251825 -0.003832642 0.999949872
9.224033 0.000746667 -0.457820237 30.433347702 0.000364880 -0.009899940 -0.003996204 0.999942958
9.327650 0.110447705 -0.493614435 30.963403702 0.000245813 -0.010798835 -0.003973493 0.999933779
9.431387 -0.010359585 -0.481835306 31.432075500 0.000278764 -0.009946488 -0.003783346 0.999943316
9.535005 0.030844212 -0.501220822 31.879953384 0.000052106 -0.009860497 -0.003628450 0.999944806
9.638623 0.061025739 -0.521831930 32.425891876 -0.000175435 -0.010269948 -0.004026446 0.999939144
9.742361 0.021540701 -0.519857168 32.898426056 -0.000274110 -0.010089217 -0.004246176 0.999940038
9.845974 0.058969140 -0.539193690 33.450202942 -0.000211334 -0.010267851 -0.004415317 0.999937475
9.949595 0.097517729 -0.551862538 33.962532043 -0.000106155 -0.010568080 -0.004422343 0.999934375
10.053330 0.029450536 -0.548452854 34.456817627 -0.000109486 -0.010286673 -0.004114795 0.999938607
10.156950 0.046929657 -0.559540093 34.979003906 0.000300034 -0.010305676 -0.004596191 0.999936283
10.260580 0.098390400 -0.580117583 35.475963593 0.000189074 -0.010586430 -0.004740231 0.999932706
10.364180 0.134217024 -0.577085376 35.997970581 0.000113783 -0.011031157 -0.004638648 0.999928415
10.467920 0.042899907 -0.586262882 36.496799469 -0.000127214 -0.010697758 -0.004340702 0.999933362
10.571540 0.042060971 -0.586648703 37.050521851 0.000279653 -0.010784238 -0.004527596 0.999931574
10.675150 0.115756273 -0.600225508 37.517406464 -0.000106202 -0.011524445 -0.004149861 0.999924958
10.778760 0.140266001 -0.628772438 38.078968048 -0.000477889 -0.012204888 -0.004540784 0.999915063
10.882380 0.048350930 -0.626568496 38.499969482 -0.000668689 -0.011936300 -0.004107147 0.999920070
10.986000 0.049599349 -0.638840258 39.058803558 -0.000515101 -0.012489619 -0.004177907 0.999913156
11.089620 0.086350799 -0.648480833 39.545131683 -0.000720239 -0.013082958 -0.004186615 0.999905407
11.193350 0.040131092 -0.653252482 39.963901520 -0.001130974 -0.013266686 -0.003996724 0.999903321
11.296970 0.067743182 -0.655649006 40.447116852 -0.001310407 -0.014061458 -0.003664946 0.999893546
11.400720 0.080323935 -0.650254369 40.923171997 -0.001021453 -0.014597052 -0.003654632 0.999886215
11.504320 0.090967655 -0.630284488 41.431163788 -0.000613374 -0.015169521 -0.004002905 0.999876738
11.608070 -0.003364563 -0.671097398 41.872795105 -0.001213024 -0.015367283 -0.003879156 0.999873638
11.711680 -0.022939801 -0.674538970 42.282676697 -0.001253698 -0.015589122 -0.004111979 0.999869227
11.815420 -0.036283016 -0.670890093 42.747428894 -0.000883177 -0.015981199 -0.004067623 0.999863625
11.919040 -0.027076006 -0.680489063 43.171154022 -0.000922749 -0.016614916 -0.004108383 0.999853075
12.022650 -0.059057713 -0.692640662 43.698993683 -0.001272547 -0.017390979 -0.003886607 0.999840379
12.126390 -0.083787799 -0.702980816 44.128578186 -0.001337377 -0.017733993 -0.003808342 0.999834597
12.230070 -0.089750528 -0.711005390 44.575794220 -0.001263609 -0.018201707 -0.003803369 0.999826312
12.333750 -0.103399158 -0.722061157 45.006198883 -0.001327527 -0.018725362 -0.004034106 0.999815643
12.437370 -0.122434258 -0.717100263 45.436477661 -0.001447360 -0.019369390 -0.003929073 0.999803603
12.541100 -0.151214957 -0.707930207 45.839458466 -0.001096483 -0.019500121 -0.004252657 0.999800205
12.644720 -0.169708729 -0.709122777 46.266147614 -0.001170416 -0.019800007 -0.004329748 0.999793887
12.748460 -0.181297064 -0.718529761 46.696807861 -0.001270304 -0.020240162 -0.004440148 0.999784470
12.852080 -0.208239198 -0.721004844 47.077205658 -0.001655125 -0.020293549 -0.004729347 0.999781489
