1.658108 0.0000000 0.0000000 0.0000000 0.0000000 0.0000000 0.0000000 1.0000000
2.901737 0.0812452 -0.0609249 3.3152418 -0.0001214 -0.0010894 -0.0012019 0.9999987
3.005475 0.0805998 -0.0700618 3.5638869 -0.0003674 -0.0010758 -0.0010941 0.9999987
3.316448 0.0898198 -0.0759862 4.3320866 -0.0003481 -0.0011478 -0.0007199 0.9999990
4.352604 0.0621014 -0.1032478 7.0047636 0.0020076 -0.0027964 -0.0011023 0.9999934
4.559960 0.0468341 -0.1149366 7.6042967 0.0024309 -0.0034152 -0.0014495 0.9999902
4.767192 0.0078844 -0.1243543 8.2250557 0.0028038 -0.0038312 -0.0013793 0.9999878
4.974422 -0.0269124 -0.1272669 8.8716221 0.0029321 -0.0041204 -0.0012834 0.9999864
5.181654 -0.0605575 -0.1340110 9.5846910 0.0031480 -0.0039280 -0.0015136 0.9999862
5.388884 -0.0788965 -0.1440679 10.3713112 0.0032439 -0.0040331 -0.0017019 0.9999852
5.596115 -0.0853162 -0.1570072 11.2543907 0.0036131 -0.0038936 -0.0015646 0.9999847
5.803470 -0.0917146 -0.1682605 12.2213726 0.0036970 -0.0042011 -0.0017569 0.9999828
6.010701 -0.0892470 -0.1816259 13.2799339 0.0040934 -0.0043910 -0.0018595 0.9999803
6.217931 -0.0544314 -0.2130554 14.3825731 0.0035957 -0.0049915 -0.0019635 0.9999791
6.943489 -0.0558208 -0.2689299 18.2794914 -0.0007567 -0.0054182 -0.0023239 0.9999824
7.254340 -0.0413241 -0.2822645 19.9753799 -0.0007801 -0.0060165 -0.0025784 0.9999782
7.565433 -0.0312083 -0.3078879 21.6507263 -0.0012807 -0.0066785 -0.0029092 0.9999726
7.876408 -0.0376681 -0.3282311 23.2891045 -0.0012829 -0.0070265 -0.0033261 0.9999689
8.187501 -0.0377797 -0.3473105 24.8919296 -0.0010932 -0.0075584 -0.0038429 0.9999635
8.498475 -0.0272084 -0.3877883 26.4667912 -0.0005014 -0.0081630 -0.0038791 0.9999591
8.809444 -0.0132273 -0.4190908 28.0956535 0.0000176 -0.0091046 -0.0035651 0.9999522
9.120419 -0.0231938 -0.4505016 29.7635307 0.0001331 -0.0092518 -0.0038326 0.9999499
9.431387 -0.0103596 -0.4818354 31.4320793 0.0002788 -0.0099465 -0.0037833 0.9999433
9.742361 0.0215406 -0.5198573 32.8984299 -0.0002741 -0.0100892 -0.0042462 0.9999400
10.053330 0.0294505 -0.5484529 34.4568214 -0.0001095 -0.0102867 -0.0041148 0.9999386
10.467920 0.0428998 -0.5862629 36.4968033 -0.0001272 -0.0106978 -0.0043407 0.9999334
10.882380 0.0483511 -0.6265685 38.4999657 -0.0006687 -0.0119363 -0.0041071 0.9999201
11.193350 0.0401314 -0.6532527 39.9639015 -0.0011310 -0.0132667 -0.0039967 0.9999034
11.608070 -0.0033644 -0.6710974 41.8727913 -0.0012130 -0.0153673 -0.0038792 0.9998736
12.022650 -0.0590575 -0.6926406 43.6989937 -0.0012725 -0.0173910 -0.0038866 0.9998404
12.541100 -0.1512151 -0.7079303 45.8394585 -0.0010965 -0.0195001 -0.0042527 0.9998002
