000031 1 714 170 732 185 72.384323
000032 1 715 171 733 185 71.229202
000033 1 717 173 736 188 68.798592
000035 1 718 172 737 188 67.661163
000037 1 718 170 738 187 67.228081
000038 1 718 170 738 187 67.228081
000039 1 718 173 738 190 62.383438
000040 1 718 173 738 190 62.383438
000041 1 717 173 738 190 60.6273
000042 1 717 172 738 191 58.356071
000043 1 717 172 738 191 56.143002
000044 1 717 172 738 191 56.143002
000046 1 716 175 739 195 53.314274
000047 1 716 175 739 195 53.314274
000048 1 716 176 739 196 52.394737
000051 1 713 175 738 197 48.514942
000055 1 710 175 736 199 47.29599
000056 1 708 174 736 198 44.606377
000057 1 705 174 734 200 42.226742
000058 1 705 174 734 200 42.226742
000059 1 702 176 733 203 39.687256
000061 1 700 175 732 203 37.993069
000061 5 884 167 932 185 70.034462
000062 1 698 174 732 203 37.348942
000063 1 696 173 732 204 35.849937
000063 5 883 164 933 182 68.692589
000064 0 154 180 299 238 10.578238
000064 1 695 173 732 205 34.071835
000064 5 884 164 935 183 68.366821
000065 0 154 180 299 238 10.578238
000065 1 695 173 732 205 34.071835
000065 5 884 164 935 183 68.366821
000066 1 694 174 735 207 32.241856
000066 5 886 166 939 185 68.430771
000066 7 1053 158 1115 181 65.611351
000068 0 0 185 178 270 22.45545
000068 1 694 174 737 208 30.476511
000068 5 886 164 940 183 66.666031
000068 7 1057 157 1120 180 64.777885
000069 1 695 173 739 208 30.079557
000069 5 886 162 941 182 64.58226
000069 7 1062 156 1126 179 64.125961
000070 1 696 172 742 208 28.987862
000070 5 886 161 942 181 64.014915
000070 7 1067 155 1133 179 63.332024
000071 1 696 172 745 210 27.911861
000072 1 697 173 749 212 26.668633
000072 7 1079 154 1147 179 63.371155
000073 1 699 174 753 214 25.967136
000073 7 1085 155 1155 181 61.815559
000074 1 701 175 757 217 25.177338
000075 1 703 176 762 220 24.328766
000075 5 883 164 943 186 62.888893
000075 7 1097 154 1171 181 59.553871
000076 1 706 176 771 223 22.780354
000076 7 1111 153 1188 181 58.272945
000077 1 706 176 771 223 22.780354
000077 7 1111 153 1188 181 58.272945
000078 1 710 173 782 225 21.844307
000078 7 1124 153 1203 182 59.264587
000079 1 712 175 789 229 19.888081
000079 7 1129 153 1210 181 57.55254
000080 1 715 176 796 233 18.61586
000080 7 1135 155 1218 184 58.713741
000081 1 715 176 796 233 18.61586
000081 7 1135 155 1218 184 58.713741
000082 1 721 177 811 239 16.853315
000083 1 724 177 820 242 15.875493
000083 4 811 172 866 215 19.926754
000083 7 1150 157 1237 187 64.876442
000084 1 724 177 820 242 15.875493
000084 4 811 172 866 215 19.926754
000084 7 1150 157 1237 187 64.876442
000085 1 727 178 829 246 15.338076
000085 7 1153 157 1241 188 108.385139
000086 1 731 178 840 250 14.849274
000086 4 820 172 877 217 18.694517
000086 5 834 166 901 191 18.694517
000086 6 982 164 1070 188 49.238316
000087 1 739 180 863 259 13.447367
000087 6 975 164 1065 188 48.028332
000088 1 743 180 876 264 13.118787
000088 6 972 163 1062 188 44.836624
000088 14 372 179 436 204 51.796707
000089 1 743 180 876 264 13.118787
000089 6 972 163 1062 188 44.836624
000089 14 372 179 436 204 51.796707
000090 1 753 181 905 276 11.859406
000091 1 753 181 905 276 11.859406
000092 1 763 182 939 288 10.519874
000092 4 857 170 930 226 10.459797
000093 1 769 182 960 296 10.016922
000093 7 1166 155 1241 190 74.4179
000094 1 775 183 980 304 9.447927
000094 6 937 163 1032 190 49.668129
000095 7 1164 155 1241 190 73.64946
000096 1 781 183 1004 312 9.059919
000096 7 1162 155 1241 190 44.799759
000097 1 788 184 1031 322 8.337712
000097 7 1159 155 1241 190 44.718395
000098 1 803 185 1093 345 7.786423
000098 7 1152 155 1241 191 43.941864
000098 14 437 177 504 205 26.814878
000099 1 811 185 1128 358 7.197652
000099 7 1148 155 1241 192 43.551205
000099 14 447 177 515 205 26.531925
000100 1 820 186 1169 374 6.879622
000100 4 898 168 993 238 16.304735
000100 6 892 167 989 195 16.304735
000100 7 1143 156 1241 193 43.099216
000101 1 829 187 1217 374 6.463275
000101 2 438 176 533 212 25.652376
000101 3 442 169 460 225 60.212555
000101 4 904 168 1002 240 15.897335
000101 6 884 167 981 195 15.897335
000101 7 1138 156 1241 194 42.842129
000101 14 465 177 536 206 25.652376
000102 1 840 188 1241 374 6.048228
000102 3 438 169 456 226 21.765602
000102 4 911 167 1012 241 15.421349
000102 6 876 167 974 195 15.421349
000102 7 1133 157 1241 195 42.444607
000104 1 850 189 1241 374 5.502887
000104 3 434 169 452 228 21.371323
000104 4 918 167 1023 243 15.057435
000104 6 867 167 966 196 15.057435
000104 7 1126 156 1236 195 41.790516
000105 1 862 190 1241 374 5.384608
000105 3 430 169 447 229 21.987057
000105 7 1119 156 1229 195 41.844807
000106 1 889 192 1241 374 5.783423
000106 2 328 179 446 226 59.332779
000106 3 421 169 439 231 21.071589
000106 7 1103 156 1214 195 39.787975
000107 1 901 193 1241 374 5.838235
000107 3 416 169 436 232 22.003181
000107 7 1096 156 1206 196 39.621044
000108 1 901 193 1241 374 5.838235
000108 3 416 169 436 232 22.003181
000108 7 1096 156 1206 196 39.621044
000109 1 929 196 1241 374 6.603256
000109 3 409 168 431 233 20.588959
000109 7 1083 156 1193 196 39.270893
000110 1 945 198 1241 374 5.913915
000110 2 198 182 357 245 3.035552
000110 3 406 168 427 234 19.354229
000110 7 1076 156 1187 196 38.743938
000111 1 963 200 1241 374 12.383695
000111 3 402 167 425 235 20.024967
000111 4 979 164 1115 258 25.809258
000111 7 1069 156 1180 197 38.523655
000112 1 980 202 1241 374 5.157918
000112 2 106 184 301 259 30.780384
000112 4 987 164 1127 259 41.155022
000112 7 1059 156 1169 197 41.155022
000113 1 998 204 1241 374 15.144862
000113 2 47 185 268 269 33.167786
000113 4 993 164 1136 262 25.308477
000113 15 258 179 355 214 57.148376
000114 1 1018 207 1241 374 4.773526
000114 3 392 168 414 239 18.868908
000114 4 1000 165 1146 264 28.288609
000114 7 1038 156 1148 197 41.337566
000114 15 266 179 362 214 56.910721
000115 3 389 169 413 241 18.632914
000115 4 1007 163 1157 264 27.746836
000115 7 1028 156 1137 197 40.466061
000116 3 389 169 413 241 18.632914
000116 4 1007 163 1157 264 27.746836
000116 7 1028 156 1137 197 40.466061
000117 2 0 194 71 300 15.432833
000117 3 384 169 409 242 18.140285
000118 3 382 169 405 243 17.939024
000119 3 379 169 404 244 17.028538
000119 4 1037 163 1203 273 20.304327
000120 3 377 168 403 245 16.918993
000120 4 1045 162 1216 274 20.155876
000121 3 378 168 402 245 17.274979
000121 4 1054 162 1229 276 24.185764
000122 3 378 168 400 246 16.965841
000122 4 1059 161 1237 277 23.038544
000122 15 335 177 428 213 54.847515
000123 3 372 168 396 247 16.385349
000123 4 1064 160 1241 277 23.232254
000124 3 372 168 396 247 16.385349
000124 4 1064 160 1241 277 23.232254
000125 3 366 168 392 248 16.336033
000125 4 1069 161 1241 279 24.454372
000125 5 331 172 470 233 54.981365
000126 3 364 168 393 249 16.117537
000126 4 1075 161 1241 281 15.115369
000126 5 304 173 451 237 36.859421
000126 7 909 158 1012 199 38.832863
000126 15 357 177 448 212 18.863857
000127 3 364 168 394 249 17.014177
000127 4 1080 160 1241 281 19.491632
000127 5 277 173 432 241 54.469109
000127 7 895 158 998 200 37.586636
000128 3 361 168 390 250 16.344151
000128 4 1086 160 1241 283 19.484802
000129 3 358 168 386 251 16.065012
000129 4 1092 159 1241 283 11.736042
000129 5 214 175 391 251 16.065012
000130 3 356 168 384 251 15.958059
000130 4 1098 160 1241 285 11.714062
000131 3 354 168 383 252 16.225719
000131 4 1104 161 1241 287 11.627392
000132 3 352 168 381 252 16.162403
000132 4 1110 160 1241 288 11.974573
000133 3 350 168 380 253 15.537369
000133 4 1114 161 1241 289 11.762315
000133 5 35 179 292 284 21.971321
000134 3 347 167 376 253 15.730956
000134 4 1124 161 1241 291 12.011446
000135 3 347 168 374 255 15.37684
000135 4 1128 161 1241 292 12.112678
000135 8 1138 126 1241 201 23.554308
000136 3 346 168 372 255 15.311884
000136 4 1133 162 1241 294 11.946276
000136 6 458 176 594 223 56.947479
000136 8 1113 126 1241 201 23.485046
000137 3 342 169 371 257 15.463099
000137 4 1138 164 1241 297 11.971951
000137 5 0 186 59 319 22.033669
000137 8 1092 126 1241 201 23.599346
000138 3 339 171 370 259 15.305688
000138 4 1143 163 1241 297 11.354074
000138 8 1070 125 1241 201 23.593458
000139 3 338 169 369 258 15.216996
000139 4 1148 163 1241 298 11.736681
000139 8 1048 125 1241 201 23.522074
000140 3 337 170 368 259 15.296214
000140 4 1153 164 1241 300 11.667342
000140 6 377 178 529 231 19.407082
000140 8 1027 125 1241 202 23.452894
000141 3 333 171 365 261 15.244915
000141 4 1159 164 1241 301 11.133249
000141 6 355 178 513 234 17.318087
000141 8 1007 125 1241 202 23.229248
000142 3 329 169 362 260 15.121699
000142 4 1164 163 1241 302 11.065012
000142 6 332 179 496 237 19.224997
000142 8 987 125 1241 202 23.160192
000143 3 328 170 360 261 14.663308
000143 4 1170 163 1241 303 11.004456
000143 6 307 180 478 240 36.345688
000143 8 967 125 1241 202 22.994568
000144 3 327 169 358 261 14.580809
000144 4 1175 163 1241 304 10.929507
000144 6 280 180 459 243 36.260933
000144 8 948 125 1241 202 22.918488
000145 4 1181 163 1241 305 10.879876
000145 6 251 181 438 247 29.59922
000145 8 928 125 1241 202 22.771088
000146 4 1187 162 1241 305 10.823329
000146 6 219 182 417 251 15.863888
000146 8 909 125 1241 202 22.687534
000147 6 184 182 395 255 16.487139
000147 8 889 125 1220 203 22.759687
000148 6 148 184 372 261 59.347973
000148 8 870 125 1196 203 27.977091
000149 3 319 170 350 264 15.033764
000149 6 107 185 348 267 41.965416
000150 3 317 169 349 264 14.975146
000150 6 61 186 322 275 50.137043
000150 8 834 126 1152 203 30.035746
000151 3 316 170 347 265 14.926425
000151 6 11 187 295 282 25.576588
000151 8 818 127 1131 203 38.20261
000152 3 315 170 346 265 14.439617
000152 6 0 188 265 290 26.329588
000152 8 801 127 1111 203 33.170982
000153 3 313 169 346 265 14.115033
000153 6 0 188 232 296 18.189129
000153 7 466 166 590 224 55.823292
000153 8 784 128 1091 204 37.310978
000154 3 311 168 347 264 14.128334
000154 6 0 189 195 297 50.294662
000154 8 769 128 1073 204 35.22168
000155 3 311 170 344 266 14.039397
000155 8 753 128 1055 204 37.303902
000156 3 311 169 340 266 13.994481
000156 6 0 193 106 300 40.816433
000156 7 397 165 533 231 93.479591
000156 8 738 129 1036 204 44.089283
000157 3 310 171 341 268 13.956859
000157 7 371 166 512 234 19.223185
000158 3 308 171 340 269 13.919476
000158 7 342 166 490 237 16.511133
000158 8 707 130 1001 205 33.743877
000159 3 308 172 339 270 13.89042
000159 7 314 166 469 241 16.480997
000159 8 692 130 984 206 37.775707
000159 17 513 178 546 198 52.733433
000160 3 307 171 338 269 13.858935
000160 7 283 166 446 245 15.763745
000160 8 677 131 967 206 39.595226
000160 17 512 178 546 198 52.70092
000162 3 305 170 337 269 13.858826
000162 7 249 166 422 249 15.739355
000162 8 661 131 949 206 70.074966
000162 17 512 178 546 198 52.674862
000163 3 304 170 337 269 13.57349
000163 7 211 167 395 254 15.381602
000163 8 648 132 935 207 64.313858
000163 15 205 187 275 213 53.748543
000163 17 512 178 546 198 52.84531
000164 3 302 171 337 270 13.434721
000164 7 173 166 369 260 15.162663
000164 8 634 132 921 207 28.850409
000164 17 512 178 545 198 52.825138
000165 3 300 171 336 271 13.584408
000165 7 128 167 341 267 44.279091
000165 8 620 133 906 208 37.744801
000165 17 512 178 545 198 52.811359
000166 3 299 171 338 271 13.56761
000166 7 80 167 312 276 71.875053
000166 8 606 133 892 208 33.887463
000166 17 512 178 545 198 52.794067
000167 3 298 171 339 271 13.586469
000167 7 23 168 280 286 52.763382
000167 8 592 133 877 209 50.294853
000167 17 512 178 545 198 52.786491
000168 3 299 171 339 271 13.579585
000168 7 0 169 244 298 19.389996
000168 8 578 134 863 209 113.984787
000168 17 511 178 545 198 52.779011
000169 3 300 171 338 272 13.553188
000169 7 0 168 206 310 9.565454
000169 8 565 134 851 210 40.306782
000169 17 511 178 545 198 52.778156
000169 3 300 172 335 272 13.57989
000169 8 552 134 838 210 39.187199
000169 17 511 178 545 198 52.779396
000170 3 299 172 332 272 13.581413
000170 7 0 169 109 313 40.197647
000170 8 538 134 825 211 43.487778
000170 17 511 178 545 198 52.78054
000172 3 300 172 335 272 13.679008
000172 7 0 170 44 314 24.80652
000172 8 525 134 812 212 38.89769
000172 17 511 178 545 198 52.778599
000173 3 301 172 338 272 13.659074
000173 8 511 134 800 212 41.972748
000174 3 300 172 338 272 13.679268
000175 3 301 172 337 272 13.657357
000175 8 472 133 766 215 51.141708
000176 3 302 172 335 272 13.658924
000177 3 302 172 335 272 13.676651
000177 8 445 132 742 217 62.039307
000178 3 301 172 334 272 13.676421
000178 8 431 132 730 218 65.845154
000179 3 300 172 334 272 13.678191
000179 8 417 132 718 219 41.973461
000180 3 299 172 335 272 13.678413
000180 8 402 131 707 220 85.638504
000181 3 301 172 335 272 13.67767
000182 3 302 172 336 272 13.66093
000182 8 371 130 683 223 70.340233
000183 3 302 172 336 272 13.66093
000183 8 371 130 683 223 70.340233
000184 3 303 172 335 272 13.679318
000184 8 355 129 670 224 79.50174
000185 3 303 172 335 272 13.65616
000185 8 338 129 658 225 98.26059
000186 3 300 172 335 272 13.657558
000186 8 322 128 646 227 96.6175
000187 3 299 172 337 272 13.668766
000187 8 287 125 622 230 23.467878
000187 9 1175 164 1241 199 22.049889
000188 3 300 172 337 272 13.559959
000188 8 268 124 609 232 43.752911
000189 3 300 172 337 272 13.561211
000189 8 249 122 596 233 15.116773
000189 9 1144 164 1241 199 22.051636
000190 3 300 172 336 272 13.570435
000190 8 228 121 584 236 27.442253
000190 9 1129 164 1241 200 22.051712
000191 3 300 172 337 272 13.650355
000191 8 207 119 571 238 33.995377
000191 9 1114 164 1241 200 22.052382
000192 3 300 171 338 272 13.650323
000192 8 184 117 557 241 22.554951
000193 3 297 172 336 272 13.649198
000193 8 160 115 543 243 34.802727
000194 3 294 171 334 271 13.652225
000194 8 134 113 528 246 41.074581
000195 3 296 172 335 273 13.653137
000195 8 106 111 514 250 39.580235
000195 9 1071 164 1212 200 22.054335
000195 17 511 178 545 198 52.780914
000196 3 297 171 335 272 13.650781
000196 8 76 108 499 254 49.368458
000196 17 511 178 545 198 52.778309
000197 3 297 171 335 272 13.650781
000197 8 76 108 499 254 49.368458
000197 17 511 178 545 198 52.778309
000198 3 304 171 336 273 13.651748
000198 8 10 102 469 263 50.372601
000198 17 511 178 545 198 52.779175
000199 3 301 172 333 273 13.581208
000199 8 0 99 454 269 49.338684
000199 17 511 178 545 198 52.779819
000200 3 298 172 330 273 23.15682
000200 8 0 96 438 275 56.673737
000200 17 511 178 545 198 52.778774
000201 3 296 172 328 273 13.579303
000201 8 0 92 423 281 51.38871
000201 17 511 178 545 198 52.777672
000202 3 294 171 326 273 51.885296
000202 8 0 90 407 283 49.614815
000202 17 511 178 545 198 52.777596
000203 3 293 171 326 273 32.75758
000203 8 0 89 389 285 47.534664
000203 17 511 178 545 198 54.002014
000204 3 293 171 327 273 13.764566
000204 8 0 88 371 287 14.067546
000204 17 511 178 545 198 54.002701
000205 3 293 171 326 273 14.090598
000205 8 0 88 354 289 13.931374
000205 17 511 178 545 198 54.002415
000206 3 292 171 326 273 14.090495
000206 8 0 88 336 292 18.536657
000206 17 511 178 545 198 54.00235
000207 8 0 88 317 293 37.840622
000208 8 0 88 296 295 11.188376
000208 17 512 178 545 198 54.001709
000209 8 0 88 276 296 29.742462
000209 17 512 178 545 198 54.002079
000210 8 0 88 254 297 18.095263
000210 17 512 178 545 198 54.001186
000211 3 290 171 327 273 13.93047
000211 8 0 89 230 298 10.533752
000211 17 512 178 545 198 54.001469
000212 3 290 171 330 273 13.931549
000212 17 512 178 545 198 54.002491
000213 3 289 172 330 273 13.938013
000213 8 0 90 176 300 151.274765
000213 17 512 178 545 198 54.00124
000214 3 288 172 329 274 13.939893
000214 17 512 178 545 198 54.002899
000216 3 289 172 329 274 14.090725
000216 8 0 92 110 302 32.468647
000216 3 291 172 328 274 13.931553
000216 17 512 178 545 198 54.002468
000217 3 290 172 326 274 13.614092
000217 17 512 178 546 198 54.00388
000218 17 512 178 545 198 54.003914
000220 3 289 172 325 274 13.939243
000220 17 512 178 545 198 54.002407
000220 3 288 172 326 274 13.614481
000222 3 290 172 328 274 13.93817
000222 17 512 178 545 198 54.001503
000223 3 291 172 330 274 13.939537
000223 17 512 178 545 198 54.002922
000224 3 291 172 330 274 13.930439
000224 17 512 178 545 198 54.001789
000225 3 290 172 330 274 13.94007
000225 17 512 178 545 198 54.003387
000226 3 289 172 329 274 14.091698
000226 17 512 178 545 198 54.003975
000227 3 289 172 327 274 13.764884
000227 17 512 178 545 198 54.003098
000228 3 289 172 327 274 13.613947
000228 17 512 178 545 198 54.003704
000229 3 288 172 329 274 13.764938
000229 17 512 178 545 198 54.00346
000230 3 287 172 330 274 13.764469
000230 17 512 178 545 198 54.002964
000231 3 287 172 330 274 13.764469
000231 17 512 178 545 198 54.002964
000232 3 289 172 328 274 13.614786
000232 17 511 178 545 198 54.004444
