1.300000 0.003261542 0.003585136 1.199323297 -0.000845185 0.000997546 0.001079498 0.999998569
1.400000 0.008822654 0.009844556 2.392381430 -0.002070786 0.002353668 0.002617658 0.999991655
1.500000 0.016613726 0.021256218 3.589312792 -0.003030465 0.003823831 0.002626232 0.999984622
1.600000 0.027299142 0.029285777 4.783723831 -0.002963637 0.005899395 0.003358694 0.999972582
1.700000 0.047246523 0.036551900 5.994379520 -0.002214647 0.007672538 0.002988300 0.999963641
1.800000 0.058401734 0.042226452 7.169409752 -0.002147535 0.009869522 0.003016103 0.999944448
1.900000 0.078656271 0.057661615 8.372848511 -0.003187182 0.011829693 0.003468161 0.999918938
2.000000 0.109868497 0.065591455 9.545631409 -0.004155136 0.013774313 0.003739526 0.999889493
2.100000 0.145448491 0.079157151 10.737155914 -0.004090197 0.015350883 0.004087966 0.999865472
2.200000 0.190351740 0.083336972 11.929647446 -0.003035174 0.016550168 0.005006024 0.999845922
2.300000 0.216593236 0.106133983 13.103519440 -0.002354224 0.017480882 0.004460181 0.999834478
2.400000 0.261262953 0.114645705 14.314610481 -0.002000443 0.017791087 0.004459344 0.999829769
2.500000 0.288937598 0.112035222 15.450731277 -0.001270974 0.018338265 0.003258805 0.999825716
2.600000 0.326952457 0.116929390 16.630346298 0.000711857 0.018833458 0.002646140 0.999818861
2.700000 0.371299177 0.125635013 17.818269730 0.000423218 0.019597638 0.004009481 0.999799788
2.800000 0.408146828 0.130522653 18.994085312 -0.001307116 0.020090695 0.003403004 0.999791503
2.900000 0.459620416 0.128546894 20.160959244 -0.003356511 0.020452924 0.005110696 0.999772131
3.000000 0.513310313 0.142099470 21.331548691 -0.003754198 0.021150563 0.006004510 0.999751210
3.100000 0.563791752 0.151863843 22.486083984 -0.003905378 0.021766979 0.005709414 0.999739110
3.200000 0.602890909 0.171983540 23.669958115 -0.003880509 0.022266040 0.004778034 0.999733150
3.300000 0.658671498 0.174676672 24.808275223 -0.003325430 0.022482762 0.004540849 0.999731362
3.400000 0.718552470 0.182077646 25.959993362 -0.002956540 0.023079602 0.003621444 0.999722719
3.500000 0.765923500 0.187085554 27.120149612 -0.003424972 0.024005294 0.003453164 0.999700010
3.600000 0.817890942 0.201982915 28.257158279 -0.004540069 0.025011240 0.002909864 0.999672651
3.700000 0.877199709 0.209494814 29.420017242 -0.004380686 0.026649414 0.002475796 0.999632180
3.800000 0.930413902 0.213469103 30.557895660 -0.003952878 0.028241962 0.002442047 0.999590337
3.900000 0.998354316 0.225812614 31.704452515 -0.003709621 0.029928537 0.002352120 0.999542356
4.000000 1.068667650 0.231943458 32.830860138 -0.004163309 0.031353649 0.001874028 0.999497950
4.100000 1.159388304 0.235999107 33.969921112 -0.004240450 0.032435991 0.002248597 0.999462306
4.200000 1.204891562 0.248992160 35.080696106 -0.003786663 0.034814529 0.001227702 0.999385834
4.300000 1.283741474 0.258888483 36.200428009 -0.003613573 0.036455713 0.001195757 0.999328017
4.400000 1.362094879 0.272228181 37.316368103 -0.003217446 0.038250666 0.001660538 0.999261618
4.500000 1.443801284 0.271917492 38.431095123 -0.002493676 0.039697431 0.001845411 0.999206901
4.600000 1.531389236 0.288367957 39.529949188 -0.000924789 0.041361678 0.001818869 0.999142170
4.700000 1.619494438 0.281305641 40.640678406 -0.001024186 0.043235473 0.001639599 0.999063015
4.800000 1.708957672 0.281322718 41.757877350 -0.001974830 0.045152988 0.000974632 0.998977661
4.900000 1.812649250 0.293767542 42.838466644 -0.001203302 0.047151227 0.001282098 0.998886228
5.000000 1.914865494 0.302030206 43.940593719 -0.001744136 0.049084160 0.000901304 0.998792708
5.100000 2.026556253 0.298713356 45.048069000 -0.002673828 0.051256798 0.000499930 0.998681784
5.200000 2.143326283 0.311055273 46.152172089 -0.002466578 0.053794913 0.000858222 0.998548567
5.300000 2.255297661 0.316260725 47.248630524 -0.002365342 0.056426968 0.000209093 0.998403907
5.400000 2.378303528 0.317889571 48.334083557 -0.002729863 0.059309378 0.000687934 0.998235703
5.500000 2.504951715 0.325904608 49.436595917 -0.002648213 0.062063847 0.001060022 0.998068094
5.600000 2.635172606 0.322889119 50.504554749 -0.003147983 0.064891353 0.001190618 0.997886658
5.700000 2.783392906 0.341015130 51.584709167 -0.002774422 0.067301959 0.000736577 0.997728527
5.800000 2.925088882 0.347320855 52.654521942 -0.001524783 0.070306204 0.001773133 0.997522712
5.900000 3.078929424 0.352038264 53.714256287 -0.001362107 0.073094606 0.000373385 0.997323990
6.000000 3.231455803 0.352673382 54.782455444 -0.002265148 0.076108828 -0.000016600 0.997096956
6.100000 3.397908688 0.358356267 55.829948425 -0.002845920 0.078734078 0.000021704 0.996891618
6.200000 3.547769070 0.363704473 56.841728210 -0.003671844 0.081681870 -0.000610053 0.996651530
6.300000 3.724233150 0.369649976 57.872241974 -0.004044028 0.084097736 0.000098102 0.996449292
6.400000 3.897048473 0.371924996 58.874885559 -0.003944496 0.086123444 0.000354772 0.996276617
6.500000 4.082481861 0.382916927 59.883144379 -0.002583678 0.087545320 0.001303750 0.996156335
6.600000 4.256034374 0.381247699 60.840637207 -0.001925817 0.089295626 0.002493232 0.996000171
6.700000 4.436789513 0.386608362 61.821628571 -0.002599821 0.090739928 0.003003597 0.995866716
6.800000 4.617529392 0.384157717 62.758216858 -0.004009538 0.092107594 0.003628562 0.995734394
6.900000 4.773540020 0.389302284 63.685424805 -0.004770520 0.093522698 0.003176906 0.995600700
7.000000 4.985079765 0.397335052 64.619323730 -0.004430006 0.094073512 0.004090799 0.995546997
7.100000 5.123622417 0.399214625 65.488929749 -0.003703413 0.095513150 0.004046844 0.995413065
7.200000 5.285323143 0.411825836 66.367446899 -0.002646882 0.096492700 0.004125425 0.995321631
7.300000 5.459341049 0.411415339 67.245422363 -0.001540815 0.097067684 0.004464515 0.995266557
7.400000 5.625633717 0.420161963 68.093528748 -0.000425133 0.097838528 0.005198705 0.995188653
7.500000 5.784655571 0.420715660 68.981437683 -0.000037512 0.098545156 0.005622209 0.995116711
7.600000 5.969109535 0.416651398 69.792488098 -0.001444253 0.099063620 0.006116490 0.995061278
7.700000 6.132013321 0.424269080 70.641815186 -0.003086538 0.099973746 0.004994102 0.994972765
7.800000 6.293976784 0.423004866 71.454338074 -0.003934111 0.100925468 0.004514989 0.994875968
7.900000 6.450707436 0.421069503 72.260025024 -0.003299875 0.101940744 0.003155679 0.994780004
8.000000 6.613659859 0.428732097 73.042800903 -0.002345201 0.102930762 0.002670766 0.994682193
8.100000 6.774328232 0.434573472 73.820091248 -0.001818750 0.103819892 0.002539954 0.994591236
8.200000 6.928647041 0.429913044 74.574485779 -0.001842404 0.104601383 0.002125968 0.994510233
8.300000 7.088989258 0.435854256 75.317146301 -0.001624122 0.105397657 0.002083670 0.994426668
8.400000 7.245071411 0.427943230 76.039184570 -0.001720367 0.106156170 0.002969165 0.994343519
8.500000 7.390635490 0.431387544 76.728050232 -0.001739947 0.106829599 0.003080804 0.994271040
8.600000 7.540574074 0.434435725 77.438064575 -0.001753294 0.107655816 0.002864406 0.994182527
8.700000 7.691319466 0.433366388 78.119674683 -0.001856188 0.108404979 0.003125821 0.994100153
8.800000 7.837933540 0.430450171 78.765823364 -0.002032446 0.109081894 0.003376673 0.994024992
8.900000 7.973012924 0.431735039 79.401077271 -0.002222156 0.110056818 0.003837498 0.993915379
9.000000 8.122589111 0.442576319 80.043197632 -0.002164289 0.110801943 0.003681489 0.993833303
9.100000 8.246303558 0.430339664 80.625816345 -0.002310921 0.111552916 0.003714520 0.993748844
9.200000 8.378296852 0.433767080 81.211776733 -0.002240397 0.112444714 0.003497397 0.993649304
9.300000 8.503276825 0.440099180 81.760894775 -0.002110289 0.113326818 0.003305221 0.993550003
9.400000 8.626124382 0.443491608 82.313392639 -0.002324507 0.114176437 0.003089473 0.993452966
9.500000 8.761991501 0.446615160 82.855880737 -0.002007609 0.114944786 0.003146542 0.993364871
9.600000 8.872815132 0.440560877 83.346237183 -0.002164655 0.115889244 0.002946689 0.993255377
9.700000 8.994252205 0.442067415 83.840415955 -0.002333006 0.116581835 0.003170844 0.993173242
9.800000 9.100601196 0.440600961 84.322753906 -0.002300797 0.117550604 0.003011771 0.993059635
9.900000 9.209486008 0.443486691 84.768013000 -0.002276847 0.118358649 0.002765248 0.992964447
10.000000 9.311781883 0.440281838 85.205963135 -0.002008109 0.119100347 0.002710582 0.992876470
10.100000 9.420076370 0.443220675 85.638969421 -0.001820569 0.119632937 0.002007554 0.992814481
10.200000 9.516122818 0.446615219 86.051559448 -0.001781728 0.120572023 0.001532757 0.992701769
10.300000 9.610276222 0.444574535 86.445739746 -0.001907476 0.121265359 0.001402087 0.992617309
10.400000 9.714886665 0.445732862 86.831802368 -0.001958676 0.121619113 0.002111346 0.992572665
10.500000 9.802211761 0.446939200 87.204856873 -0.002003139 0.122442402 0.002069463 0.992471457
10.600000 9.893766403 0.450883865 87.563232422 -0.002249201 0.122619458 0.001999646 0.992449224
10.700000 9.980942726 0.448804021 87.896316528 -0.002201658 0.122644097 0.001998458 0.992446244
10.800000 10.054409027 0.449719042 88.241378784 -0.002480931 0.122647554 0.001770987 0.992445648
10.900000 10.126591682 0.452264309 88.549118042 -0.002367000 0.122644648 0.001109747 0.992447197
11.000000 10.206374168 0.450072169 88.842849731 -0.002179455 0.122522384 0.001014937 0.992462814
11.100000 10.271888733 0.452419430 89.117233276 -0.002218827 0.122546434 0.001100208 0.992459714
11.200000 10.333607674 0.452245057 89.378303528 -0.002184556 0.122550473 0.001250348 0.992459118
11.300000 10.398812294 0.451425165 89.661201477 -0.002179679 0.122632444 0.001357539 0.992448807
11.400000 10.463162422 0.453072488 89.906784058 -0.002150156 0.122593381 0.001711356 0.992453218
11.500000 10.520602226 0.451461345 90.145828247 -0.002131267 0.122653715 0.001835513 0.992445529
11.600000 10.579244614 0.452230513 90.361618042 -0.002020931 0.122512519 0.002079003 0.992462754
11.700000 10.630355835 0.450376183 90.573760986 -0.002330670 0.122582562 0.002120776 0.992453337
11.800000 10.677585602 0.455998063 90.781700134 -0.002150948 0.122667260 0.001656200 0.992444158
11.900000 10.723436356 0.454052836 90.965354919 -0.002359575 0.122689128 0.001255256 0.992441535
12.000000 10.768750191 0.461311638 91.149002075 -0.002366684 0.122767791 0.001416608 0.992431581
12.100000 10.813266754 0.458606035 91.314704895 -0.002317055 0.122765616 0.001691289 0.992431521
12.200000 10.851699829 0.458270341 91.475334167 -0.002368949 0.122730441 0.001828566 0.992435515
12.300000 10.893054962 0.458679318 91.613349915 -0.002465621 0.122627340 0.002217172 0.992447257
12.400000 10.926743507 0.461163521 91.758010864 -0.002108188 0.122717246 0.002608748 0.992435992
12.500000 10.956532478 0.459902763 91.888771057 -0.002227593 0.122785822 0.002675575 0.992427051
12.600000 10.985691071 0.466940373 92.015792847 -0.002198676 0.122919373 0.002466619 0.992411137
12.700000 11.017089844 0.461488903 92.125205994 -0.002140955 0.122830957 0.002909033 0.992421031
12.800000 11.045414925 0.463073015 92.235870361 -0.002126265 0.122748405 0.002737178 0.992431760
12.900000 11.061554909 0.462330192 92.337692261 -0.002088665 0.123013631 0.002847965 0.992398679
13.000000 11.094833374 0.461790562 92.445106506 -0.002109251 0.122685544 0.002699009 0.992439687
13.100000 11.122306824 0.467483252 92.545845032 -0.001963771 0.122657038 0.002617312 0.992443740
13.200000 11.141594887 0.465565979 92.645362854 -0.001882032 0.122812636 0.002513385 0.992424905
13.300000 11.162615776 0.463774383 92.735916138 -0.001970012 0.122745715 0.002682522 0.992432594
13.400000 11.189642906 0.462830901 92.831718445 -0.002002543 0.122791745 0.002801177 0.992426455
13.500000 11.214535713 0.464641422 92.930992126 -0.001975727 0.122831322 0.002675423 0.992421985
13.600000 11.234330177 0.467187852 93.020790100 -0.001317501 0.122719325 0.002316904 0.992437840
13.700000 11.256504059 0.463668078 93.106956482 -0.000904492 0.122659713 0.002125476 0.992446065
13.800000 11.275560379 0.463502139 93.191154480 -0.000825889 0.123029374 0.002199096 0.992400229
13.900000 11.295578957 0.464564502 93.282318115 -0.001059049 0.123428226 0.001906216 0.992351115
14.000000 11.318853378 0.464189351 93.365753174 -0.000815861 0.123365156 0.001920125 0.992359161
14.100000 11.346638680 0.471218765 93.459594727 -0.000601055 0.123612776 0.001685804 0.992328882
14.200000 11.367074966 0.468790114 93.546417236 -0.000769236 0.123788789 0.001957200 0.992306352
14.300000 11.386340141 0.465832174 93.622619629 -0.000802522 0.123968579 0.001992265 0.992283821
14.400000 11.409568787 0.466493011 93.707725525 -0.001020966 0.124129370 0.001949544 0.992263615
14.500000 11.420776367 0.465111822 93.776733398 -0.001071653 0.124421947 0.002010403 0.992226779
14.600000 11.441266060 0.465629011 93.844863892 -0.000905174 0.124528520 0.002195539 0.992213190
14.700000 11.460871696 0.466544688 93.916236877 -0.001014499 0.124684520 0.002287538 0.992193282
14.800000 11.479799271 0.468165219 93.976425171 -0.000819025 0.124780387 0.002405078 0.992181122
14.900000 11.496901512 0.469438881 94.040794373 -0.000683595 0.124903671 0.002810726 0.992164671
15.000000 11.510237694 0.467111349 94.101875305 -0.000988720 0.125006318 0.002645780 0.992151916
15.100000 11.526767731 0.469111264 94.155281067 -0.000880299 0.125026405 0.002594367 0.992149591
15.200000 11.542204857 0.472265899 94.211967468 -0.000500711 0.125160724 0.002652496 0.992132783
15.300000 11.553316116 0.470642567 94.260772705 -0.000659263 0.125300989 0.002870071 0.992114365
15.400000 11.563585281 0.470684141 94.310890198 -0.000687571 0.125438526 0.002851780 0.992097020
15.500000 11.576526642 0.472931445 94.359863281 -0.000727921 0.125583574 0.002759420 0.992078900
15.600000 11.588689804 0.473118007 94.406806946 -0.000710556 0.125728354 0.002850725 0.992060304
15.700000 11.600380898 0.474224210 94.446243286 -0.000465903 0.125724420 0.002850902 0.992061019
15.800000 11.613715172 0.473728120 94.485397339 -0.000379992 0.125746354 0.003046963 0.992057681
15.900000 11.623670578 0.473181784 94.516136169 -0.000397040 0.125763983 0.003266945 0.992054701
16.000000 11.628051758 0.476006538 94.548309326 -0.000258727 0.125915632 0.003191456 0.992035806
16.100000 11.636354446 0.474598527 94.573547363 -0.000309480 0.125924617 0.003284246 0.992034316
16.200000 11.641567230 0.475446463 94.594886780 -0.000352209 0.126045257 0.003277089 0.992018998
16.300000 11.644701004 0.473839372 94.614868164 -0.000338655 0.126131177 0.003301025 0.992008030
16.400000 11.648138046 0.473598510 94.628318787 -0.000394428 0.126162350 0.003243332 0.992004216
16.500000 11.649578094 0.473052144 94.645599365 -0.000441369 0.126238108 0.003152193 0.991994858
16.600000 11.653584480 0.475111842 94.652671814 -0.000379073 0.126208380 0.003166779 0.991998613
16.700000 11.655145645 0.473102748 94.660072327 -0.000432917 0.126271859 0.003189234 0.991990447
16.800000 11.655044556 0.472558022 94.660964966 -0.000498249 0.126262963 0.003180657 0.991991580
16.900000 11.654389381 0.471754670 94.659820557 -0.000513629 0.126260832 0.003249035 0.991991639
17.000000 11.656609535 0.473850071 94.658302307 -0.000232604 0.126180023 0.003170453 0.992002249
17.100000 11.654442787 0.473995328 94.660545349 -0.000201522 0.126299024 0.003208259 0.991986990
17.200000 11.657879829 0.473057449 94.662361145 -0.000310408 0.126242325 0.003396202 0.991993606
17.300000 11.656605721 0.473512590 94.662513733 -0.000259127 0.126236111 0.003341558 0.991994560
17.400000 11.656203270 0.474128902 94.660484314 -0.000107417 0.126215830 0.003299730 0.991997302
17.500000 11.658853531 0.473961204 94.664115906 -0.000249464 0.126202270 0.003343947 0.991998851
17.600000 11.657908440 0.475025326 94.662284851 -0.000218788 0.126201272 0.003305248 0.991999149
17.700000 11.657323837 0.474491984 94.663253784 -0.000186715 0.126254886 0.003202540 0.991992652
17.800000 11.658644676 0.475808173 94.663505554 -0.000119919 0.126240343 0.003325237 0.991994083
17.900000 11.657094955 0.473005265 94.661834717 -0.000335203 0.126243263 0.003298578 0.991993785
18.000000 11.659322739 0.474578142 94.661689758 -0.000199697 0.126220241 0.003330044 0.991996646
18.100000 11.659222603 0.474574059 94.662445068 -0.000179103 0.126208186 0.003286240 0.991998315
18.200000 11.659153938 0.473771036 94.660545349 -0.000213634 0.126212031 0.003406869 0.991997421
18.300000 11.656916618 0.473609984 94.660598755 -0.000217234 0.126235232 0.003354005 0.991994619
18.400000 11.658313751 0.475118399 94.665115356 -0.000131253 0.126274675 0.003333092 0.991989672
18.500000 11.660331726 0.474899769 94.663993835 -0.000182440 0.126196951 0.003334404 0.991999567
18.600000 11.660625458 0.473790467 94.662002563 -0.000222131 0.126208156 0.003383480 0.991997957
18.700000 11.659298897 0.473930568 94.662841797 -0.000219587 0.126202837 0.003300687 0.991998971
18.800000 11.659748077 0.475287646 94.663421631 -0.000130344 0.126208246 0.003270657 0.991998374
18.900000 11.657732010 0.474207342 94.662010193 -0.000244703 0.126203030 0.003301108 0.991998911
19.000000 11.658551216 0.476117492 94.660705566 -0.000149351 0.126229942 0.003253507 0.991995692
19.100000 11.657830238 0.474478751 94.660614014 -0.000175824 0.126252621 0.003288879 0.991992652
19.200000 11.659857750 0.474226266 94.660919189 -0.000192373 0.126209185 0.003328754 0.991998076
19.300000 11.660458565 0.473372579 94.662231445 -0.000242447 0.126224995 0.003315938 0.991996050
19.400000 11.658761024 0.473927259 94.658889771 -0.000215178 0.126196146 0.003287472 0.991999805
19.500000 11.657444000 0.473720938 94.657821655 -0.000244035 0.126215234 0.003275647 0.991997421
19.600000 11.658718109 0.474745572 94.660270691 -0.000214556 0.126210228 0.003212490 0.991998315
19.700000 11.660806656 0.473930001 94.661659241 -0.000236225 0.126171231 0.003356248 0.992002785
19.800000 11.658837318 0.473823607 94.659408569 -0.000256318 0.126168266 0.003244392 0.992003500
19.900000 11.657429695 0.472511709 94.660545349 -0.000292746 0.126214102 0.003294743 0.991997540
20.000000 11.658301353 0.473384082 94.661468506 -0.000226657 0.126191139 0.003321735 0.992000341
20.100000 11.658292770 0.472343683 94.662620544 -0.000271561 0.126222119 0.003327632 0.991996408
20.200000 11.658864975 0.472663343 94.662597656 -0.000295130 0.126216516 0.003285307 0.991997242
20.300000 11.657295227 0.472936183 94.663024902 -0.000260304 0.126265183 0.003201342 0.991991341
20.400000 11.658038139 0.472799361 94.662231445 -0.000267436 0.126237020 0.003327572 0.991994500
20.500000 11.658809662 0.473840177 94.662399292 -0.000223834 0.126206324 0.003263165 0.991998613
20.600000 11.658685684 0.473951966 94.662483215 -0.000192905 0.126231015 0.003312743 0.991995335
20.700000 11.659449577 0.473645717 94.661895752 -0.000225724 0.126174286 0.003306283 0.992002547
20.800000 11.659024239 0.474208087 94.663070679 -0.000197867 0.126199931 0.003249293 0.991999507
20.900000 11.658885002 0.473868936 94.662719727 -0.000242128 0.126218945 0.003240114 0.991997063
21.000000 11.658641815 0.473328948 94.663673401 -0.000250686 0.126195848 0.003268398 0.991999924
21.100000 11.658646584 0.472906411 94.663391113 -0.000259587 0.126198411 0.003273473 0.991999626
21.200000 11.659030914 0.473302454 94.662300110 -0.000224768 0.126173779 0.003270171 0.992002726
21.300000 11.658905983 0.473524064 94.663574219 -0.000206238 0.126225412 0.003314067 0.991996050
21.400000 11.659978867 0.474053264 94.661727905 -0.000186202 0.126174897 0.003331399 0.992002428
21.500000 11.657364845 0.473143697 94.662170410 -0.000239441 0.126220822 0.003308174 0.991996646
21.600000 11.659227371 0.473553777 94.662300110 -0.000208393 0.126189008 0.003263660 0.992000818
21.700000 11.657644272 0.473805428 94.661064148 -0.000205937 0.126220465 0.003284356 0.991996765
21.800000 11.657374382 0.473932981 94.661071777 -0.000201897 0.126205534 0.003218392 0.991998851
21.900000 11.659032822 0.473098874 94.662391663 -0.000246429 0.126192853 0.003283337 0.992000282
22.000000 11.657989502 0.473464310 94.660751343 -0.000215042 0.126209751 0.003270797 0.991998196
22.100000 11.658535957 0.473661929 94.663352966 -0.000201922 0.126220345 0.003309822 0.991996706
22.200000 11.658393860 0.473803639 94.661933899 -0.000217472 0.126203552 0.003238386 0.991999090
22.300000 11.657515526 0.473717868 94.663192749 -0.000197367 0.126244321 0.003235703 0.991993904
22.400000 11.658692360 0.473874092 94.661422729 -0.000173101 0.126193941 0.003243637 0.992000282
22.500000 11.657075882 0.474101901 94.661026001 -0.000199111 0.126218870 0.003208192 0.991997182
22.600000 11.658899307 0.474951714 94.663032532 -0.000164232 0.126203313 0.003231506 0.991999149
22.700000 11.658248901 0.474379510 94.661773682 -0.000196036 0.126182660 0.003221280 0.992001772
22.800000 11.657888412 0.474159807 94.661193848 -0.000200959 0.126206964 0.003272658 0.991998494
22.900000 11.656751633 0.473513603 94.661613464 -0.000213807 0.126240641 0.003248216 0.991994321
23.000000 11.657063484 0.474161655 94.662055969 -0.000203053 0.126217276 0.003237084 0.991997361
23.100000 11.657981873 0.474764556 94.660339355 -0.000140479 0.126226246 0.003250295 0.991996109
23.200000 11.658193588 0.473853767 94.660423279 -0.000194360 0.126213357 0.003290178 0.991997659
