1.200000 0.0000000 0.0000000 0.0000000 0.0000000 0.0000000 0.0000000 1.0000000
1.300000 0.0032615 0.0035851 1.1993233 -0.0008452 0.0009975 0.0010795 0.9999986
1.400000 0.0088227 0.0098446 2.3923817 -0.0020708 0.0023537 0.0026177 0.9999917
1.500000 0.0166137 0.0212562 3.5893128 -0.0030305 0.0038238 0.0026262 0.9999846
1.600000 0.0272992 0.0292858 4.7837243 -0.0029636 0.0058994 0.0033587 0.9999726
1.800000 0.0584017 0.0422265 7.1694093 -0.0021475 0.0098695 0.0030161 0.9999444
2.000000 0.1098685 0.0655915 9.5456324 -0.0041551 0.0137743 0.0037395 0.9998895
2.100000 0.1454485 0.0791572 10.7371569 -0.0040902 0.0153509 0.0040880 0.9998655
2.300000 0.2165932 0.1061340 13.1035194 -0.0023542 0.0174809 0.0044602 0.9998345
2.500000 0.2889376 0.1120352 15.4507322 -0.0012710 0.0183383 0.0032588 0.9998257
2.700000 0.3712992 0.1256350 17.8182716 0.0004232 0.0195976 0.0040095 0.9997998
2.900000 0.4596205 0.1285469 20.1609592 -0.0033565 0.0204529 0.0051107 0.9997721
3.100000 0.5637915 0.1518638 22.4860840 -0.0039054 0.0217670 0.0057094 0.9997391
3.300000 0.6586717 0.1746767 24.8082771 -0.0033254 0.0224828 0.0045408 0.9997314
3.500000 0.7659235 0.1870856 27.1201515 -0.0034250 0.0240053 0.0034532 0.9997000
3.700000 0.8771997 0.2094948 29.4200191 -0.0043807 0.0266494 0.0024758 0.9996322
3.900000 0.9983541 0.2258126 31.7044525 -0.0037096 0.0299285 0.0023521 0.9995424
4.000000 1.0686684 0.2319435 32.8308601 -0.0041633 0.0313536 0.0018740 0.9994980
4.200000 1.2048916 0.2489922 35.0806961 -0.0037867 0.0348145 0.0012277 0.9993858
4.300000 1.2837412 0.2588884 36.2004242 -0.0036136 0.0364557 0.0011958 0.9993280
4.500000 1.4438014 0.2719175 38.4311028 -0.0024937 0.0396974 0.0018454 0.9992069
4.700000 1.6194943 0.2813056 40.6406784 -0.0010242 0.0432355 0.0016396 0.9990630
4.900000 1.8126481 0.2937675 42.8384590 -0.0012033 0.0471512 0.0012821 0.9988862
5.100000 2.0265567 0.2987134 45.0480690 -0.0026738 0.0512568 0.0004999 0.9986818
5.300000 2.2552984 0.3162607 47.2486305 -0.0023653 0.0564270 0.0002091 0.9984039
5.500000 2.5049520 0.3259047 49.4365921 -0.0026482 0.0620638 0.0010600 0.9980681
5.700000 2.7833939 0.3410152 51.5847092 -0.0027744 0.0673020 0.0007366 0.9977285
5.900000 3.0789285 0.3520383 53.7142601 -0.0013621 0.0730946 0.0003734 0.9973240
6.000000 3.2314553 0.3526734 54.7824478 -0.0022651 0.0761088 -0.0000166 0.9970970
6.200000 3.5477719 0.3637044 56.8417282 -0.0036718 0.0816819 -0.0006101 0.9966515
6.400000 3.8970466 0.3719250 58.8748894 -0.0039445 0.0861234 0.0003548 0.9962766
6.600000 4.2560358 0.3812478 60.8406410 -0.0019258 0.0892956 0.0024932 0.9960002
6.900000 4.7735381 0.3893022 63.6854172 -0.0047705 0.0935227 0.0031769 0.9956006
7.100000 5.1236234 0.3992147 65.4889297 -0.0037034 0.0955132 0.0040468 0.9954131
7.300000 5.4593420 0.4114153 67.2454300 -0.0015408 0.0970677 0.0044645 0.9952666
7.600000 5.9691072 0.4166514 69.7924805 -0.0014443 0.0990636 0.0061165 0.9950613
7.800000 6.2939749 0.4230049 71.4543304 -0.0039341 0.1009255 0.0045150 0.9948760
8.000000 6.6136608 0.4287322 73.0428085 -0.0023452 0.1029308 0.0026708 0.9946822
8.200000 6.9286451 0.4299130 74.5744781 -0.0018424 0.1046014 0.0021260 0.9945102
8.600000 7.5405741 0.4344357 77.4380722 -0.0017533 0.1076558 0.0028644 0.9941825
8.900000 7.9730167 0.4317351 79.4010925 -0.0022222 0.1100568 0.0038375 0.9939154
9.300000 8.5032768 0.4400992 81.7608871 -0.0021103 0.1133268 0.0033052 0.9935500
9.600000 8.8728132 0.4405609 83.3462448 -0.0021647 0.1158892 0.0029467 0.9932554
9.900000 9.2094889 0.4434867 84.7680206 -0.0022768 0.1183587 0.0027652 0.9929644
10.200000 9.5161209 0.4466153 86.0515594 -0.0017817 0.1205720 0.0015328 0.9927018
10.500000 9.8022079 0.4469391 87.2048492 -0.0020031 0.1224424 0.0020695 0.9924715
10.900000 10.1265926 0.4522643 88.5491180 -0.0023670 0.1226447 0.0011097 0.9924472
11.300000 10.3988132 0.4514253 89.6612091 -0.0021797 0.1226325 0.0013575 0.9924489
11.800000 10.6775846 0.4559980 90.7816925 -0.0021509 0.1226673 0.0016562 0.9924442
12.400000 10.9267445 0.4611635 91.7580109 -0.0021082 0.1227172 0.0026087 0.9924360
13.000000 11.0948362 0.4617906 92.4451065 -0.0021093 0.1226855 0.0026990 0.9924397
14.400000 11.4095659 0.4664930 93.7077255 -0.0010210 0.1241294 0.0019495 0.9922636
15.800000 11.6137142 0.4737281 94.4854050 -0.0003800 0.1257464 0.0030470 0.9920577
19.900000 11.6574335 0.4725118 94.6605530 -0.0002927 0.1262141 0.0032947 0.9919975
