000005 1 224 165 427 232 31.672506
000005 2 937 153 1131 252 73.883919
000006 1 161 167 383 239 17.387871
000006 2 967 151 1170 253 13.008433
000007 1 87 168 333 247 32.077251
000007 2 994 151 1203 254 7.535912
000009 1 0 168 274 255 33.637127
000009 2 1023 152 1237 256 6.743583
000010 1 0 168 204 258 4.300639
000010 2 1051 153 1241 258 5.593614
000011 2 1070 154 1241 260 6.05669
000011 3 745 144 917 222 41.558861
000011 4 1113 155 1241 207 6.05669
000011 2 1090 156 1241 262 4.435942
000011 4 1088 155 1226 208 4.435942
000012 4 1055 161 1192 215 20.417557
000014 4 982 170 1120 226 19.609528
000018 4 814 176 952 239 42.46056
000020 4 770 177 910 241 41.958176
000021 2 1112 174 1241 263 7.797523
000021 3 0 149 329 317 5.26948
000021 4 674 178 825 249 35.73735
000022 5 877 180 979 227 18.778149
000024 5 799 184 901 234 17.708475
000026 4 340 179 572 287 38.348015
000026 5 714 183 819 237 18.372074
000027 2 981 179 1074 250 12.621109
000027 4 234 179 502 301 27.39324
000028 4 91 174 424 319 20.181454
000028 6 776 183 846 219 51.953068
000029 4 0 172 330 345 7.280513
000029 6 735 183 805 220 51.300751
000032 5 362 181 534 261 2.602428
000035 5 162 180 406 284 33.900936
000036 5 21 181 332 306 30.093248
000036 2 688 177 741 229 15.528071
000036 5 0 183 237 328 7.677208
000037 6 376 182 480 233 8.547114
000037 7 485 181 543 217 48.495377
000039 6 284 185 414 245 7.533966
000040 6 231 185 378 251 9.042785
000040 7 398 183 465 224 14.205647
000041 6 175 186 345 258 9.463307
000041 7 371 184 443 227 15.033419
000042 6 111 188 310 270 8.309628
000042 7 346 185 425 231 15.048162
000043 6 38 191 275 284 7.907757
000043 7 321 186 408 235 12.921193
000044 6 0 193 240 300 7.663083
000044 7 301 186 395 239 14.145885
000044 9 437 182 475 211 29.370283
000045 6 0 196 197 318 7.555009
000045 7 277 187 381 243 12.673584
000045 9 428 183 466 213 28.39292
000046 6 0 199 144 319 48.686432
000046 7 250 187 366 248 12.55319
000046 9 422 183 462 214 27.580439
000047 7 218 188 348 254 11.272773
000048 7 181 189 327 261 11.080215
000048 8 331 187 409 235 17.41354
000049 7 136 189 304 269 10.543091
000049 9 402 184 449 219 24.85754
000050 2 568 180 610 222 28.545279
000050 7 81 190 276 279 9.133
000050 8 297 188 388 243 14.669989
000050 9 395 184 444 221 23.667152
000051 2 568 181 609 222 27.609873
000051 7 8 192 242 295 8.348083
000051 8 276 189 376 247 13.897068
000051 9 386 184 439 222 23.191185
000051 10 438 187 479 212 41.122204
000052 7 0 195 200 314 7.56015
000052 8 253 190 362 253 13.287971
000052 9 376 184 432 224 22.309656
000052 10 434 187 476 213 40.228573
000053 2 570 179 610 219 25.91284
000053 7 0 198 148 324 7.584677
000053 8 221 190 345 259 12.446652
000053 9 365 184 425 226 20.657169
000054 2 571 179 610 218 24.959227
000054 8 183 191 326 267 11.762364
000054 9 353 183 418 228 19.743361
000055 2 571 179 611 218 24.573837
000055 8 137 191 303 276 11.722176
000055 9 340 183 410 230 18.63843
000056 8 78 192 275 288 10.854894
000056 9 325 185 400 235 17.675571
000057 8 2 193 241 304 9.396846
000057 9 307 186 390 240 16.2903
000058 2 573 185 611 223 22.475033
000058 8 0 193 198 322 9.005453
000058 9 287 188 379 246 15.144658
000058 10 405 189 458 220 26.151047
000060 8 0 192 142 322 8.201459
000060 9 263 187 364 249 13.978372
000060 10 398 189 454 221 25.173161
000061 8 0 192 67 320 7.609238
000061 9 235 186 348 254 25.162888
000061 10 390 187 449 221 25.923424
000062 9 201 185 328 258 12.996017
000062 10 382 185 445 220 23.0117
000063 9 157 185 305 268 11.972422
000063 10 373 185 440 221 22.129036
000064 9 102 186 276 279 11.268846
000064 10 364 185 435 222 21.178629
000065 9 31 187 242 294 9.862558
000065 10 351 187 428 227 19.960787
000066 9 0 188 199 313 9.423409
000066 10 336 189 420 232 18.738699
000067 9 0 190 144 327 8.552842
000067 10 320 191 412 239 17.515001
000068 10 274 187 389 241 15.102764
000069 10 245 184 375 242 14.165077
000070 10 206 188 355 254 13.264346
000071 10 159 194 332 268 24.71701
000072 10 100 200 304 286 27.620071
000073 10 100 200 304 286 27.620071
000074 10 19 201 271 301 19.361147
000074 10 0 202 225 321 10.159459
000076 10 0 204 165 330 9.253095
000076 10 0 207 84 328 7.957749
000109 12 702 157 727 221 12.964091
000110 12 713 155 741 227 11.586055
000111 12 725 153 758 233 11.656787
000112 12 741 150 779 241 8.927138
000114 12 786 144 842 269 15.251631
000115 13 472 181 501 203 30.4599
000116 12 874 129 982 328 8.391483
000116 13 466 182 497 205 31.335321
000117 12 958 113 1141 374 9.48671
000117 13 459 182 492 206 29.260996
000118 12 1119 96 1241 374 15.553874
000118 13 451 181 487 207 29.661079
000118 14 426 177 460 205 23.758278
000119 14 418 176 455 206 22.425793
000120 13 432 181 474 210 27.153931
000120 14 410 176 448 207 23.669861
000122 13 421 182 466 213 24.030306
000122 14 401 176 441 209 24.093042
000122 15 486 172 511 197 40.488083
000123 15 483 170 509 197 39.143837
000124 13 370 176 435 217 15.241175
000124 14 365 170 418 209 15.241175
000124 15 479 169 507 196 38.249146
000125 13 346 178 420 224 15.231905
000125 15 475 169 505 197 36.954338
000126 13 316 180 402 232 12.635441
000126 15 470 168 502 199 35.107136
000127 13 275 180 378 239 11.344406
000127 15 465 168 499 200 34.586918
000128 13 220 180 347 249 10.20034
000128 15 459 168 495 202 32.298042
000129 13 142 180 306 264 59.203579
000129 14 249 169 342 229 145.613693
000129 15 452 168 491 204 20.821669
000130 13 22 181 249 288 71.974854
000131 13 0 183 168 317 9.920278
000131 15 434 167 480 207 22.361767
000132 14 86 167 247 255 41.571575
000132 15 423 166 474 209 20.892776
000133 14 0 168 198 272 9.712086
000133 15 411 165 466 211 19.420544
000134 14 0 169 132 290 8.801991
000134 15 396 163 457 214 17.892101
000136 15 377 166 448 221 16.986708
000137 15 354 165 435 227 14.898868
000138 15 325 164 420 234 13.363954
000139 15 287 162 401 241 11.647323
000140 15 237 159 377 250 10.321825
000141 15 169 155 347 263 35.123497
000142 15 0 138 250 309 6.053431
000143 16 419 183 463 210 23.108442
000144 16 406 181 453 210 22.34638
000145 16 390 181 443 213 20.900238
000146 16 370 181 431 216 17.375248
000147 16 347 183 416 221 15.442487
000148 16 318 185 398 228 15.638099
000149 16 282 187 377 237 13.99442
000150 16 235 190 351 248 12.751818
000152 16 80 194 271 278 57.924133
000153 16 0 194 208 300 54.143387
000154 16 0 195 115 307 39.886757
000154 17 362 181 426 217 16.144457
000155 17 339 183 411 224 16.266901
000156 17 339 183 411 224 16.266901
000157 17 309 186 393 232 15.02924
000158 17 273 189 371 242 13.308983
000158 20 553 176 572 195 55.208912
000158 17 225 194 343 255 54.54493
000158 18 426 183 464 212 24.458279
000158 20 552 179 572 199 44.420185
000159 18 416 182 458 213 23.192364
000159 20 552 179 572 199 43.1171
000160 18 405 181 450 214 22.201778
000162 17 0 199 194 312 7.157366
000162 18 392 179 441 215 20.912994
000163 17 0 202 100 317 48.387966
000163 18 376 180 431 219 18.96051
000163 19 459 175 491 199 36.527122
000164 18 333 181 405 228 16.705423
000165 18 304 182 387 234 15.417004
000166 19 433 175 474 205 27.979498
000167 18 219 183 339 250 12.800797
000167 19 425 175 469 206 28.468855
000168 19 415 172 462 205 27.555069
000169 18 66 180 258 274 22.819639
000170 19 391 168 445 206 23.022236
000171 20 539 173 569 200 53.306438
000173 20 535 177 567 206 45.300846
000174 19 318 173 398 225 15.34284
000174 20 533 177 566 207 44.070854
000175 19 288 173 381 230 13.770391
000175 20 530 176 564 207 42.869785
000176 19 252 172 360 236 12.719523
000176 20 527 175 563 208 43.490585
000177 19 206 172 335 243 12.836566
000177 20 524 174 561 208 41.129444
000178 19 147 171 304 253 11.503052
000178 20 521 175 560 211 42.195999
000180 19 66 170 266 267 38.712353
000180 20 517 177 558 213 29.910324
000180 21 404 184 448 212 21.1236
000181 19 0 170 214 288 23.849474
000181 20 513 178 556 216 29.005119
000181 21 391 187 439 217 20.204952
000182 19 0 173 143 303 30.712852
000182 20 508 183 554 224 35.179298
000183 20 504 184 552 226 24.645134
000183 21 360 192 418 227 18.729893
000183 20 500 185 551 230 24.528421
000184 20 496 183 549 230 23.25074
000185 20 490 180 548 230 21.301193
000186 20 485 177 546 230 20.303036
000187 20 479 178 544 234 19.449024
000188 20 471 177 542 237 18.168476
000188 21 150 193 295 261 10.004649
000189 20 462 177 539 241 16.821516
000189 21 70 197 254 279 9.70019
000190 20 452 176 536 246 15.488525
000190 22 296 187 363 225 17.85858
000192 20 440 175 533 251 15.623189
000192 22 269 185 343 226 14.949983
000193 20 425 176 529 259 12.990259
000193 22 234 185 320 231 13.822341
000193 23 665 160 717 217 24.159052
000193 20 407 176 524 269 12.945831
000193 22 192 185 291 237 12.682007
000193 23 670 160 726 222 22.902431
000193 24 676 167 692 219 22.161781
000195 20 384 177 518 281 11.697697
000195 22 138 189 258 249 11.227919
000195 23 675 161 735 227 21.815096
000195 24 682 169 697 225 21.026686
000195 20 354 178 511 296 10.851246
000195 22 67 194 215 264 14.301477
000195 23 681 161 747 233 18.875044
000195 25 666 173 683 224 20.350281
000196 20 316 179 502 316 8.589561
000196 22 0 198 161 281 9.027562
000196 23 688 162 760 240 17.774044
000196 24 697 170 715 235 16.720821
000196 25 673 174 689 230 18.958225
000196 38 687 162 747 228 18.12512
000197 20 261 180 490 343 7.443513
000197 23 698 159 777 245 17.091309
000197 24 707 167 726 237 15.445779
000197 25 680 172 698 232 17.672102
000197 38 695 159 760 231 22.661009
000198 20 182 181 475 374 7.021299
000198 23 710 154 798 250 14.001588
000198 24 717 162 737 239 13.799776
000198 25 687 170 705 234 15.640285
000198 38 704 156 775 234 14.2034
000199 20 53 181 454 374 4.954867
000199 23 724 148 824 256 12.989105
000199 24 729 162 754 247 13.021599
000199 25 696 167 718 237 14.20715
000199 38 714 152 793 238 13.208851
000200 20 0 183 430 374 3.591009
000200 23 740 146 854 268 19.312073
000200 24 743 161 770 256 11.793853
000200 25 708 169 730 246 12.934526
000201 23 760 142 894 285 14.156914
000201 24 763 160 796 268 10.41518
000201 25 722 172 750 257 12.207958
000202 23 786 138 949 308 14.203735
000202 24 787 159 822 283 9.330559
000202 25 738 170 770 266 10.94564
000202 38 758 147 871 270 28.977098
000203 23 824 130 1028 341 11.404276
000203 24 819 160 866 305 8.059971
000203 25 758 168 795 278 8.948325
000203 28 391 186 444 216 16.318529
000204 23 879 119 1155 374 8.75717
000204 24 861 160 912 337 6.873883
000204 25 781 170 820 298 8.434737
000204 28 373 190 431 222 17.363607
000205 23 973 100 1241 374 19.029165
000205 25 814 172 874 326 7.231198
000205 28 350 193 415 229 13.205495
000205 38 855 137 1051 348 15.467597
000206 24 1017 163 1141 374 14.56187
000206 25 861 175 934 368 6.095088
000206 28 321 197 397 237 13.875454
000206 38 920 131 1188 374 14.56187
000208 25 936 173 1033 374 4.757323
000208 28 286 196 375 241 11.408476
000208 29 330 188 390 224 10.924539
000209 25 1084 170 1234 374 3.65313
000209 28 241 195 347 246 8.989246
000216 30 373 185 428 215 12.367655
000219 30 321 187 394 224 9.955455
000220 30 287 187 372 228 11.013913
000221 30 245 186 344 232 9.88614
000222 30 191 189 310 243 8.941401
000223 30 118 193 267 257 8.074776
000224 30 0 204 139 297 7.022605
000224 39 871 163 899 247 13.805161
000228 32 481 186 509 206 25.886604
000228 39 1022 158 1074 294 9.84565
000229 32 473 187 503 208 24.704054
000229 39 1096 156 1178 317 202.142548
000233 31 366 185 416 213 19.855541
000233 32 426 182 470 210 14.069427
000234 31 347 184 402 214 17.144217
000235 31 325 186 387 219 15.949897
000236 31 299 188 369 225 14.733522
000237 31 267 190 348 230 13.551728
000237 32 333 186 408 229 14.58978
000238 31 227 191 322 237 12.488554
000244 33 363 187 426 226 12.839267
000245 33 332 187 407 231 11.659146
000248 33 240 190 352 249 8.909057
000249 33 58 195 257 285 8.287337
000250 33 0 200 177 319 7.957534
000251 33 0 200 177 319 7.957534
000270 34 192 175 318 205 48.402802
000277 34 119 170 273 205 51.127773
000279 34 106 169 265 205 43.693169
000279 34 92 168 256 204 48.313107
000280 34 78 167 247 205 42.957253
000281 34 63 167 238 206 47.623199
000282 34 48 167 229 207 39.81831
000283 34 32 167 219 208 39.800461
000284 34 16 167 210 210 44.841602
000286 34 0 168 201 212 44.03553
000287 34 0 169 190 213 53.168324
000289 34 0 169 165 216 43.940163
000290 34 0 168 138 217 48.235645
000291 34 0 168 138 217 48.235645
000292 34 0 167 123 217 47.926548
000294 34 0 166 90 218 45.249931
000295 35 279 183 293 218 31.580198
000296 35 264 183 276 220 30.297813
000297 35 247 184 262 223 28.871435
000298 35 229 185 244 225 34.26886
000299 35 209 185 225 228 26.648119
000299 36 242 181 288 225 40.711033
000300 35 186 186 203 232 25.299307
000300 36 224 182 272 229 22.079681
000301 35 160 187 178 236 24.137869
000301 36 203 183 254 233 39.197815
000302 35 131 189 148 241 23.016647
000302 36 179 185 235 237 36.408676
000304 35 97 191 117 247 21.859261
000304 36 153 186 213 242 24.388727
000305 35 57 194 78 255 20.811312
000305 36 123 188 188 247 22.925392
000306 36 89 190 160 254 27.592896
000306 36 49 192 127 261 21.125439
000307 36 6 194 93 268 19.725504
