0.100000 0.005468928 0.009111694 0.699192166 -0.000205724 0.002598311 0.000134346 0.999996603
0.200000 0.006246137 0.017822057 1.367008686 -0.001116245 0.005870859 -0.000720084 0.999981880
0.300000 0.028482335 0.053626038 2.399225712 -0.000853587 0.006923736 -0.001099012 0.999975085
0.400000 0.040194321 0.009636089 2.648275375 -0.003880311 0.014287873 -0.001282541 0.999889553
0.500000 0.060781255 0.008834824 3.270455122 -0.004068767 0.020037744 -0.002332904 0.999788225
0.600000 0.100803882 0.028209599 3.956853390 -0.002660245 0.026238216 -0.004086693 0.999643803
0.700000 0.135977164 0.011364133 4.456198215 -0.002062601 0.034599338 -0.003911577 0.999391496
0.800000 0.191393077 0.013322039 5.030629158 -0.001146123 0.043589797 -0.004498301 0.999038696
0.900000 0.254667670 0.014036192 5.581138611 -0.000895786 0.054241378 -0.005081418 0.998514533
1.000000 0.334069312 0.012710050 6.112532139 -0.000619969 0.065956160 -0.004374363 0.997812748
1.100000 0.431994498 0.009171034 6.650486469 0.000142621 0.078787841 -0.004381382 0.996881783
1.200000 0.533229232 0.006225362 7.152030468 0.002564992 0.094252884 -0.006046874 0.995526612
1.300000 0.657405138 -0.004715152 7.661468983 0.005457273 0.110798024 -0.007416486 0.993800282
1.400000 0.795954227 -0.005667657 8.161834717 0.007887945 0.129188448 -0.008240441 0.991554439
1.500000 0.964583397 -0.010520041 8.657126427 0.009157008 0.148026600 -0.007879450 0.988909602
1.600000 1.144330621 -0.023794264 9.141940117 0.010518446 0.167949125 -0.008024474 0.985706925
1.700000 1.348126650 -0.035426289 9.619101524 0.011885731 0.188469529 -0.008499752 0.981970310
1.800000 1.572621584 -0.045863196 10.072457314 0.012436843 0.208851501 -0.008170801 0.977834165
1.900000 1.816879511 -0.053396225 10.524289131 0.013100856 0.229240835 -0.007553537 0.973252237
2.000000 2.061145544 -0.072228700 10.945317268 0.013807393 0.249339387 -0.005468324 0.968302310
2.100000 2.329253197 -0.086425230 11.350543022 0.014804924 0.269244224 -0.003890619 0.962950289
2.200000 2.627754450 -0.110596165 11.774329185 0.015656497 0.289325655 -0.003508093 0.957096279
2.300000 2.942490816 -0.119610429 12.172865868 0.015960906 0.310136318 -0.005356102 0.950543046
2.400000 3.266926289 -0.139681786 12.579523087 0.015561150 0.331766486 -0.008615504 0.943193853
2.500000 3.629970074 -0.149856687 12.962178230 0.015219611 0.353581518 -0.009827045 0.935228288
2.600000 4.008479595 -0.178247392 13.342941284 0.013767639 0.376729488 -0.008787876 0.926179290
2.700000 4.435871601 -0.185675994 13.703907013 0.013552196 0.400347382 -0.007881671 0.916229367
2.800000 4.880910873 -0.199014887 14.044878006 0.013857899 0.424098223 -0.007782683 0.905476689
2.900000 5.342513561 -0.216873214 14.375856400 0.013594815 0.447913289 -0.008314108 0.893934965
3.000000 5.830384254 -0.232419133 14.680892944 0.012635027 0.471541584 -0.008760867 0.881709754
3.100000 6.320995808 -0.252867371 14.958668709 0.011310014 0.494772762 -0.009208244 0.868900001
3.200000 6.868368626 -0.263910115 15.237316132 0.011253788 0.518050730 -0.009035733 0.855228126
3.300000 7.413950443 -0.275841326 15.469470024 0.011283659 0.541092575 -0.007705060 0.840852082
3.400000 8.004518509 -0.291382909 15.675352097 0.011495621 0.563342452 -0.006288573 0.826119602
3.500000 8.593426704 -0.303506047 15.853266716 0.011883331 0.584423423 -0.004938415 0.811346829
3.600000 9.229287148 -0.315443337 16.019886017 0.012562535 0.602989972 -0.003823122 0.797640681
3.700000 9.849103928 -0.330625921 16.156587601 0.013418719 0.618602037 -0.002251634 0.785586655
3.800000 10.502146721 -0.343723327 16.268537521 0.014942447 0.631764412 -0.000878730 0.775015891
3.900000 11.209307671 -0.352422297 16.373188019 0.016098035 0.642630279 -0.000185169 0.766007245
4.000000 11.890974045 -0.362246126 16.475353241 0.016008541 0.651795447 0.000010854 0.758225858
4.100000 12.607269287 -0.378412157 16.570329666 0.016222319 0.659117997 0.000608309 0.751864314
4.200000 13.320793152 -0.391457111 16.652845383 0.017035134 0.664579988 0.001369935 0.747021675
4.300000 14.085950851 -0.402945191 16.726823807 0.018714882 0.668110609 0.002476804 0.743822455
4.400000 14.833421707 -0.406246960 16.807373047 0.019728649 0.670141160 0.002860647 0.741965950
4.500000 15.643634796 -0.422712535 16.884868622 0.020428311 0.671114206 0.003684888 0.741063297
4.600000 16.474330902 -0.436628371 16.959989548 0.021166785 0.671498239 0.004258881 0.740691543
4.700000 17.292327881 -0.453717321 17.047079086 0.021219468 0.671662986 0.004847398 0.740536988
4.800000 18.145816803 -0.465940744 17.132101059 0.020954510 0.671415865 0.005190316 0.740766346
4.900000 19.024269104 -0.479834884 17.223985672 0.020898111 0.670979679 0.005604251 0.741159976
5.000000 19.906932831 -0.492604077 17.312768936 0.021659210 0.670556724 0.005930467 0.741518259
5.100000 20.817277908 -0.507618129 17.415662766 0.022215964 0.670196235 0.005065295 0.741834104
5.200000 21.722917557 -0.515381515 17.516773224 0.022825621 0.669881463 0.005187911 0.742099047
5.300000 22.676393509 -0.530515313 17.615758896 0.022236418 0.669360459 0.006170672 0.742579281
5.400000 23.626068115 -0.542494893 17.712337494 0.022163268 0.668956697 0.007428424 0.742933691
5.500000 24.609550476 -0.559972227 17.819644928 0.021844584 0.668511629 0.007064989 0.743347168
5.600000 25.605281830 -0.579028428 17.940311432 0.022765256 0.668071270 0.006155276 0.743723512
5.700000 26.591880798 -0.589101732 18.044437408 0.022987701 0.667359948 0.004893542 0.744364381
5.800000 27.587196350 -0.614889026 18.168470383 0.022614999 0.666783214 0.003825946 0.744898677
5.900000 28.616897583 -0.627400637 18.284400940 0.021191530 0.665913165 0.003115632 0.745721698
6.000000 29.645002365 -0.651007473 18.411260605 0.019975128 0.665119171 0.003291491 0.746462822
6.100000 30.682184219 -0.672919333 18.541017532 0.018255066 0.664161205 0.003529716 0.747358143
6.200000 31.749141693 -0.677311182 18.685255051 0.017848704 0.663318932 0.003922844 0.748113632
6.300000 32.779613495 -0.705546498 18.806453705 0.017688999 0.662208498 0.005282741 0.749092221
6.400000 33.857345581 -0.724979281 18.930568695 0.018336605 0.660984099 0.005817701 0.750153303
6.500000 34.901508331 -0.740468025 19.075345993 0.020076113 0.659897029 0.005835406 0.751065135
6.600000 35.970703125 -0.754897356 19.217042923 0.021412598 0.658856392 0.005836792 0.751941323
6.700000 37.030815125 -0.780672789 19.365123749 0.020143766 0.657891035 0.006750935 0.752813399
6.800000 38.125896454 -0.796533227 19.510286331 0.018407436 0.657015026 0.009627790 0.753591239
6.900000 39.203239441 -0.808328032 19.676259995 0.016827784 0.656522691 0.010778929 0.754041493
7.000000 40.280975342 -0.822039723 19.825687408 0.018114608 0.655990481 0.011274060 0.754467547
7.100000 41.371845245 -0.828559697 19.986883163 0.021058777 0.655738652 0.008550509 0.754645765
7.200000 42.471740723 -0.852553606 20.142417908 0.022237571 0.655436754 0.006285807 0.754896462
7.300000 43.571079254 -0.873929560 20.298776627 0.022088615 0.655374408 0.005984479 0.754957378
7.400000 44.670349121 -0.895229399 20.456045151 0.020966873 0.655544758 0.006491139 0.754837275
7.500000 45.781181335 -0.913467288 20.615711212 0.019977391 0.655909538 0.006972481 0.754542828
7.600000 46.915214539 -0.936539173 20.765829086 0.019850943 0.656049609 0.007028569 0.754423916
7.700000 48.030445099 -0.962432444 20.928730011 0.020510253 0.656313658 0.007047487 0.754176378
7.800000 49.127498627 -0.973165512 21.089410782 0.020382591 0.656609118 0.007502987 0.753918231
7.900000 50.281291962 -0.986725569 21.234477997 0.020221176 0.656819999 0.007874560 0.753735065
8.000000 51.404327393 -1.008990049 21.394289017 0.020234752 0.656982064 0.008412909 0.753587604
8.100000 52.550567627 -1.018169403 21.556720734 0.019507710 0.657277942 0.010111260 0.753327906
8.200000 53.714397430 -1.030722857 21.707122803 0.018239038 0.657540679 0.013482924 0.753077567
8.300000 54.884983063 -1.036272049 21.858549118 0.018273242 0.657672822 0.015767258 0.752916992
8.400000 56.037868500 -1.035502434 22.017835617 0.020197747 0.658070862 0.017663419 0.752477705
8.500000 57.244873047 -1.037467241 22.171701431 0.021489155 0.657852471 0.017414605 0.752638698
8.600000 58.402393341 -1.046845913 22.328468323 0.024135910 0.657873094 0.018237993 0.752520978
8.700000 59.598354340 -1.053203583 22.495239258 0.025276724 0.657504559 0.016623735 0.752842963
8.800000 60.787380219 -1.063537240 22.654039383 0.026145464 0.657222509 0.014301136 0.753107190
8.900000 61.987556458 -1.071992636 22.830959320 0.026628561 0.656939387 0.012679976 0.753366292
9.000000 63.217937469 -1.102241278 22.993761063 0.025618935 0.656539500 0.012278825 0.753756404
9.100000 64.441642761 -1.128876925 23.177511215 0.024760159 0.656237423 0.011760924 0.754056394
9.200000 65.679306030 -1.134031057 23.345649719 0.025511358 0.655809045 0.011143927 0.754413307
9.300000 66.919273376 -1.160534739 23.514953613 0.026862498 0.655065298 0.010849477 0.755016625
9.400000 68.156082153 -1.190978646 23.689292908 0.027726419 0.654429257 0.010113852 0.755547047
9.500000 69.403823853 -1.220652699 23.860389709 0.027676366 0.653681934 0.009910583 0.756198227
9.600000 70.683738708 -1.244789600 24.059673309 0.025951086 0.653040469 0.009262267 0.756821573
9.700000 71.978576660 -1.250464439 24.267435074 0.024512516 0.652459562 0.008122143 0.757383406
9.800000 73.248565674 -1.295302153 24.461441040 0.023474062 0.651961565 0.008405584 0.757841945
9.900000 74.564880371 -1.325502396 24.648956299 0.022928048 0.650792837 0.008982751 0.758855939
10.000000 75.843879700 -1.338376999 24.859645844 0.022556638 0.650279343 0.009033969 0.759306490
10.100000 77.147964478 -1.360031962 25.067155838 0.021835547 0.649678648 0.009885829 0.759831011
10.200000 78.427688599 -1.374872565 25.271728516 0.021625271 0.649036825 0.009662026 0.760388196
10.300000 79.756690979 -1.396252394 25.473262787 0.022025945 0.648142517 0.010377789 0.761129677
10.400000 81.073646545 -1.413232088 25.696514130 0.022433260 0.647575557 0.009878744 0.761606872
10.500000 82.425399780 -1.421697259 25.907918930 0.022799475 0.646389723 0.011013255 0.762587190
10.600000 83.703247070 -1.449927688 26.125133514 0.021994749 0.646134317 0.010918095 0.762828588
10.700000 85.036369324 -1.475308776 26.341835022 0.021706853 0.645567119 0.011607419 0.763306737
10.800000 86.325347900 -1.496293902 26.559135437 0.020832241 0.645168662 0.012172770 0.763659120
10.900000 87.650596619 -1.516931176 26.773464203 0.020971397 0.644596517 0.013186739 0.764121473
11.000000 88.959152222 -1.531938791 26.989749908 0.021382283 0.644195318 0.013365595 0.764445245
11.100000 90.307014465 -1.547551036 27.216005325 0.022322839 0.643801808 0.013022048 0.764755726
11.200000 91.636146545 -1.572062016 27.436483383 0.022874748 0.643216193 0.013001182 0.765232444
11.300000 92.876258850 -1.606332779 27.663490295 0.023063732 0.643433154 0.011674592 0.765065670
11.400000 94.189170837 -1.638173580 27.880397797 0.023359597 0.643010736 0.011454978 0.765415072
11.500000 95.487937927 -1.663838148 28.125209808 0.024051795 0.642982960 0.009638763 0.765442073
11.600000 96.836166382 -1.689402461 28.349052429 0.024924533 0.642542005 0.008808891 0.765794277
11.700000 98.095268250 -1.726324439 28.586647034 0.023640031 0.642453253 0.008572868 0.765912175
11.800000 99.452331543 -1.762450695 28.823596954 0.022913450 0.642021954 0.009328759 0.766286969
11.900000 100.662574768 -1.773725033 29.051513672 0.022176642 0.641968489 0.008330722 0.766364932
12.000000 101.998085022 -1.793106079 29.292224884 0.022727745 0.641339660 0.007629105 0.766882420
12.100000 103.228691101 -1.847310543 29.513050079 0.022187045 0.640863538 0.007767185 0.767294765
12.200000 104.563728333 -1.875823975 29.751008987 0.021500451 0.640334964 0.008099100 0.767752111
12.300000 105.813682556 -1.903495908 29.989971161 0.019550849 0.639929354 0.008869788 0.768133819
12.400000 107.139030457 -1.921172023 30.227479935 0.019241186 0.638975382 0.010254199 0.768918157
12.500000 108.339347839 -1.937920809 30.445129395 0.020686025 0.638640463 0.009942578 0.769162893
12.600000 109.651336670 -1.947045684 30.689533234 0.021760769 0.637961566 0.010355593 0.769691050
12.700000 110.881317139 -1.975267410 30.918174744 0.021172523 0.637254477 0.010639729 0.770289123
12.800000 112.197509766 -1.998117685 31.171852112 0.021810988 0.636488199 0.011218655 0.770896316
12.900000 113.419914246 -2.013597488 31.419692993 0.021096544 0.636079192 0.010066498 0.771269619
13.000000 114.680404663 -2.035155058 31.686420441 0.020278895 0.635697663 0.009202212 0.771616876
13.100000 115.959434509 -2.060261011 31.914817810 0.020487687 0.634740651 0.010482717 0.772382438
13.200000 117.300048828 -2.079793930 32.179954529 0.020901592 0.634021997 0.010854030 0.772956252
13.300000 118.517944336 -2.108813047 32.419006348 0.020850377 0.633451879 0.011975327 0.773408413
13.400000 119.865669250 -2.122418404 32.673889160 0.021973865 0.632676303 0.012622426 0.774001598
13.500000 121.062507629 -2.146521568 32.917316437 0.023293315 0.632269681 0.010659047 0.774324834
13.600000 122.384132385 -2.169250727 33.186241150 0.024447607 0.631740570 0.009171271 0.774739981
13.700000 123.616569519 -2.198608637 33.447242737 0.024216931 0.631671309 0.008372145 0.774812758
13.800000 124.981834412 -2.230160713 33.710353851 0.023531841 0.631331027 0.007282638 0.775122166
13.900000 126.192291260 -2.245935440 33.978645325 0.023216048 0.631075740 0.006516702 0.775346339
14.000000 127.532745361 -2.274556637 34.263141632 0.022186402 0.630918980 0.006384726 0.775505126
14.100000 128.778472900 -2.302646637 34.529621124 0.021070348 0.630933046 0.005162275 0.775533974
14.200000 130.125045776 -2.333414555 34.814834595 0.020503337 0.630788207 0.004145857 0.775673091
14.300000 131.368453979 -2.357396603 35.074184418 0.018928245 0.630669653 0.004170014 0.775809348
14.400000 132.699813843 -2.383666754 35.348350525 0.017600471 0.630430102 0.005988407 0.776023328
14.500000 133.961456299 -2.415576458 35.619884491 0.016407467 0.630502939 0.007095909 0.775980949
14.600000 135.248199463 -2.432792664 35.899501801 0.016914597 0.630317390 0.007487228 0.776117146
14.700000 136.545196533 -2.460990191 36.160537720 0.018074168 0.629985332 0.008471699 0.776350498
14.800000 137.821563721 -2.481123686 36.405433655 0.019850846 0.629667580 0.009712486 0.776550293
14.900000 139.109024048 -2.498769283 36.699073792 0.021579098 0.629458904 0.010384975 0.776664615
15.000000 140.406478882 -2.518605709 36.964103699 0.023044450 0.628809571 0.010103829 0.777152121
15.100000 141.662490845 -2.546265602 37.237651825 0.022709304 0.628726900 0.010517679 0.777223349
15.200000 142.961380005 -2.570351124 37.531379700 0.019389078 0.628762424 0.011106314 0.777276337
15.300000 144.228286743 -2.593224049 37.798057556 0.018319357 0.628816664 0.012087820 0.777243793
15.400000 145.486068726 -2.610869884 38.090831757 0.018745035 0.628718495 0.011350943 0.777324200
15.500000 146.767623901 -2.626533508 38.346427917 0.021141296 0.628215671 0.012098804 0.777657807
15.600000 148.056259155 -2.638613462 38.608528137 0.022182306 0.627290666 0.012903048 0.778362274
15.700000 149.305892944 -2.677139997 38.893081665 0.023506936 0.626623094 0.012461124 0.778868258
15.800000 150.581832886 -2.705499172 39.166519165 0.025775943 0.625840962 0.012666185 0.779421806
15.900000 151.858840942 -2.731467009 39.448886871 0.024341743 0.625304639 0.010750833 0.779926956
16.000000 153.081375122 -2.761259079 39.735748291 0.022874894 0.624971688 0.009400570 0.780255556
16.100000 154.390548706 -2.798293352 40.029636383 0.021145040 0.624296248 0.010006009 0.780837357
16.200000 155.571914673 -2.823330879 40.318721771 0.020576721 0.624009728 0.008799882 0.781096041
16.300000 156.806015015 -2.851466656 40.609542847 0.021223895 0.623582006 0.007200684 0.781436622
16.400000 158.016906738 -2.886779785 40.877059937 0.021130595 0.623002589 0.006505051 0.781907260
16.500000 159.257278442 -2.930624723 41.162063599 0.020114146 0.622850657 0.006333565 0.782056510
16.600000 160.505722046 -2.942537308 41.423397064 0.019809859 0.622370899 0.006054433 0.782448292
16.700000 161.742645264 -2.986358166 41.745910645 0.019637454 0.622239351 0.005835888 0.782558978
16.800000 162.911895752 -3.021550417 42.013843536 0.018308017 0.622075438 0.007337973 0.782708883
16.900000 164.118881226 -3.045670271 42.293552399 0.016692266 0.621834457 0.009234546 0.782916367
17.000000 165.380249023 -3.086173534 42.546642303 0.016415332 0.621517062 0.009964849 0.783165216
17.100000 166.617706299 -3.078757763 42.884975433 0.017353466 0.621742010 0.009094375 0.782976985
17.200000 167.801269531 -3.064663410 43.152507782 0.019180056 0.621733546 0.006964549 0.782962978
17.300000 169.056045532 -3.106648207 43.450263977 0.020587048 0.621530771 0.006628486 0.783091128
17.400000 170.261581421 -3.131909847 43.727268219 0.020712858 0.621425867 0.007248267 0.783165574
17.500000 171.436492920 -3.161720037 44.005096436 0.019386809 0.621462643 0.008168045 0.783161283
17.600000 172.718917847 -3.192972422 44.299900055 0.018811399 0.621372521 0.009068087 0.783236921
17.700000 173.917160034 -3.210486174 44.588581085 0.019613331 0.621455431 0.009573674 0.783145428
17.800000 175.179183960 -3.238266945 44.872745514 0.020407928 0.621364772 0.010526675 0.783184886
17.900000 176.400253296 -3.258327007 45.143310547 0.021284465 0.621050835 0.010546345 0.783410251
18.000000 177.625015259 -3.282691479 45.447360992 0.022579834 0.621021271 0.009177644 0.783414602
18.100000 178.853286743 -3.314080238 45.736846924 0.025142634 0.620900989 0.007554247 0.783449233
18.200000 180.067810059 -3.353030443 46.026733398 0.024829779 0.620558023 0.005709800 0.783746541
18.300000 181.286880493 -3.384989262 46.313755035 0.024354773 0.619815290 0.004273091 0.784358084
18.400000 182.533935547 -3.405343533 46.628372192 0.021988284 0.619278669 0.003926250 0.784853518
18.500000 183.764022827 -3.437473297 46.931102753 0.020075185 0.618829966 0.004745696 0.785254061
18.600000 184.984069824 -3.472395897 47.230625153 0.018905252 0.618137538 0.005963438 0.785819948
18.700000 186.204910278 -3.482489109 47.525783539 0.019750016 0.617270529 0.006530367 0.786475897
18.800000 187.465057373 -3.512495041 47.831066132 0.020968074 0.616249859 0.006806398 0.787242115
18.900000 188.666442871 -3.547168732 48.124530792 0.021238502 0.615187049 0.007832541 0.788056135
19.000000 189.885238647 -3.578399420 48.432033539 0.019904587 0.614366412 0.007109696 0.788737714
19.100000 191.140045166 -3.603220463 48.745128632 0.018418055 0.613554716 0.007950149 0.789397359
19.200000 192.375747681 -3.617454529 49.069469452 0.017020797 0.613086522 0.008390894 0.789787829
19.300000 193.605194092 -3.647772312 49.389411926 0.017433167 0.612518072 0.009476997 0.790207505
19.400000 194.805664062 -3.670362473 49.680835724 0.019961221 0.611654401 0.010808593 0.790799379
19.500000 196.033905029 -3.683753014 50.001197815 0.022109233 0.610728979 0.009273279 0.791476667
19.600000 197.275756836 -3.710838318 50.329669952 0.022197120 0.609560966 0.008791484 0.792379558
19.700000 198.482177734 -3.738456249 50.654937744 0.019389285 0.608631670 0.008974513 0.793165207
19.800000 199.735565186 -3.757377625 50.989196777 0.016914627 0.607531548 0.009600634 0.794057369
19.900000 200.951934814 -3.766195059 51.312278748 0.017914739 0.606495798 0.010068630 0.794821084
20.000000 202.191238403 -3.779274702 51.654003143 0.020070111 0.605233610 0.009114141 0.795742691
20.100000 203.376296997 -3.807215452 51.985908508 0.022507258 0.604230702 0.009922002 0.796429694
20.200000 204.611572266 -3.833048105 52.326557159 0.021304069 0.602927446 0.009487502 0.797455072
20.300000 205.802597046 -3.855756760 52.672683716 0.021167917 0.602265537 0.010194221 0.797949970
20.400000 207.019836426 -3.888335705 53.030006409 0.021207793 0.601852655 0.007634864 0.798289001
20.500000 208.214309692 -3.903476715 53.387161255 0.022509934 0.601663888 0.004399647 0.798420012
20.600000 209.432128906 -3.934796572 53.756469727 0.023888664 0.601638675 0.003054468 0.798405230
20.700000 210.616973877 -3.968856812 54.093490601 0.021622339 0.601532221 0.002859938 0.798550665
20.800000 211.868942261 -4.002368927 54.465454102 0.019825172 0.601400018 0.004332934 0.798690259
20.900000 213.037841797 -4.037144184 54.796192169 0.019377034 0.601524532 0.004381912 0.798607230
21.000000 214.294509888 -4.068708897 55.159412384 0.019048244 0.601648390 0.004930659 0.798518658
21.100000 215.483154297 -4.087355614 55.491809845 0.018494051 0.601898432 0.004350720 0.798346639
21.200000 216.572158813 -4.105478764 55.817195892 0.017368292 0.602616549 0.003909164 0.797832251
21.300000 217.813018799 -4.128388882 56.166610718 0.018044140 0.603061259 0.004567037 0.797477663
21.400000 218.900894165 -4.145368576 56.492408752 0.015833927 0.603771210 0.004524784 0.796987534
21.500000 220.178329468 -4.179277420 56.842254639 0.016782582 0.603447616 0.005746551 0.797205329
21.600000 221.410766602 -4.192505836 57.171356201 0.018752513 0.603132308 0.005260174 0.797403336
21.700000 222.566390991 -4.195864677 57.518360138 0.019086583 0.603578448 0.002957760 0.797069669
21.800000 223.833755493 -4.263336182 57.878231049 0.017908949 0.603379428 0.004194044 0.797242105
21.900000 224.991394043 -4.305800438 58.204505920 0.018016841 0.603321373 0.006717436 0.797266364
22.000000 226.256286621 -4.309607029 58.564605713 0.016563378 0.603201628 0.007760557 0.797378957
22.100000 227.483367920 -4.316925049 58.926033020 0.016840288 0.603110433 0.008498582 0.797434628
22.200000 228.655883789 -4.338937283 59.246150970 0.018847618 0.602989674 0.010012466 0.797463477
22.300000 229.819458008 -4.360522270 59.596858978 0.020576103 0.603024423 0.007803562 0.797419131
22.400000 231.077255249 -4.382031441 59.938709259 0.022220945 0.603053629 0.006406382 0.797365427
22.500000 232.256988525 -4.410732269 60.292991638 0.021379359 0.603335857 0.004775526 0.797186255
22.600000 233.439315796 -4.431212425 60.603881836 0.021119842 0.603431761 0.004589990 0.797121704
22.700000 234.691452026 -4.473478794 60.986663818 0.020448489 0.603654385 0.003683755 0.796975315
22.800000 235.875976562 -4.536707878 61.316764832 0.020910705 0.603577971 0.003024249 0.797023952
22.900000 237.147247314 -4.548009872 61.683929443 0.020296760 0.603844643 0.001964601 0.796841204
23.000000 238.372711182 -4.573761940 62.036899567 0.018352479 0.604214787 0.001937972 0.796607733
23.100000 239.625488281 -4.604281425 62.388385773 0.017202333 0.604156375 0.003096665 0.796674073
23.200000 240.842193604 -4.626538277 62.734016418 0.017221125 0.604160786 0.003853628 0.796667039
23.300000 242.135086060 -4.648380280 63.092582703 0.016950788 0.604110479 0.004569069 0.796707213
23.400000 243.374832153 -4.665775299 63.453948975 0.016290555 0.604311883 0.005658142 0.796561241
23.500000 244.664276123 -4.696670055 63.800685883 0.016746651 0.604031444 0.006047026 0.796761572
23.600000 245.919540405 -4.720106602 64.162345886 0.018039087 0.604123890 0.005593080 0.796666563
23.700000 247.190399170 -4.738618851 64.510833740 0.018586379 0.604069829 0.005089861 0.796698391
23.800000 248.461181641 -4.759511471 64.874504089 0.018944638 0.604071915 0.005384563 0.796686351
23.900000 249.742538452 -4.782035351 65.234619141 0.018373694 0.603946567 0.005295183 0.796795428
24.000000 251.008346558 -4.797402382 65.602600098 0.018433105 0.604073644 0.006127338 0.796691716
24.100000 252.313537598 -4.822206497 65.953033447 0.017952293 0.603959858 0.006439341 0.796786487
24.200000 253.595306396 -4.844055176 66.307418823 0.018428136 0.603810787 0.007590812 0.796878457
24.300000 254.897888184 -4.861042976 66.680313110 0.019225400 0.603916883 0.006571047 0.796788335
24.400000 256.195770264 -4.879434586 67.046127319 0.020500101 0.603844047 0.006238926 0.796814382
24.500000 257.491577148 -4.902550697 67.412307739 0.020437794 0.603988469 0.007089297 0.796699405
24.600000 258.818664551 -4.934178829 67.781181335 0.019583778 0.603763342 0.008140804 0.796881437
24.700000 260.125274658 -4.956100464 68.149154663 0.020681249 0.603773832 0.008633189 0.796840549
24.800000 261.434844971 -4.988592148 68.504798889 0.021930691 0.603602469 0.008819318 0.796934903
24.900000 262.765655518 -5.012851715 68.860656738 0.022298878 0.603219628 0.009846773 0.797202528
25.000000 264.041687012 -5.031138897 69.242546082 0.021571545 0.603361785 0.007929571 0.797136366
25.100000 265.352294922 -5.059381485 69.615219116 0.022254085 0.603524685 0.007285454 0.797000408
25.200000 266.684143066 -5.090326309 69.977600098 0.022408325 0.603305578 0.005746359 0.797174513
25.300000 267.999267578 -5.133666992 70.370628357 0.022163080 0.603507221 0.005047730 0.797033429
25.400000 269.321716309 -5.163602829 70.746200562 0.021175822 0.603435338 0.004346952 0.797118843
25.500000 270.669281006 -5.209198952 71.131217957 0.020253409 0.603542447 0.004089321 0.797063053
25.600000 271.970458984 -5.233223915 71.503044128 0.019284416 0.603611648 0.003044998 0.797039390
25.700000 273.338012695 -5.263903618 71.916862488 0.017748090 0.603826582 0.003235819 0.796911538
25.800000 274.659545898 -5.291967392 72.288749695 0.016586769 0.603937745 0.005361592 0.796840847
25.900000 276.026824951 -5.305424690 72.687469482 0.016095977 0.604061663 0.007158160 0.796742857
26.000000 277.331787109 -5.334600925 73.037780762 0.016451996 0.604077220 0.007581411 0.796719849
26.100000 278.666168213 -5.352262020 73.428123474 0.018052449 0.604370892 0.006979200 0.796467960
26.200000 279.978210449 -5.369471550 73.783401489 0.019787736 0.604592860 0.005423865 0.796270370
26.300000 281.312164307 -5.406556606 74.148719788 0.019963447 0.604677975 0.005928588 0.796197712
26.400000 282.693054199 -5.443095207 74.510292053 0.018828766 0.604571402 0.007001993 0.796297610
26.500000 283.988494873 -5.470917225 74.872497559 0.017830828 0.605096340 0.008141182 0.795910895
26.600000 285.309692383 -5.480292320 75.251167297 0.018148942 0.605506778 0.009233798 0.795579612
26.700000 286.693145752 -5.520404339 75.610153198 0.017372012 0.605288565 0.009914243 0.795754790
26.800000 288.032592773 -5.547311783 75.991142273 0.017539075 0.605895758 0.010760297 0.795277894
26.900000 289.296295166 -5.576433182 76.337158203 0.019908480 0.606055975 0.010379964 0.795105100
27.000000 290.539276123 -5.580308914 76.726814270 0.023724377 0.606797516 0.008062664 0.794461370
27.100000 291.922058105 -5.634474754 77.046165466 0.023661224 0.606514871 0.007854977 0.794681132
27.200000 293.286956787 -5.653435707 77.436203003 0.023254296 0.606896281 0.006313969 0.794415653
27.300000 294.568481445 -5.697848320 77.780212402 0.020618273 0.607336521 0.004904389 0.794161916
27.400000 295.881866455 -5.734928608 78.137542725 0.018469444 0.607607067 0.003219776 0.794016480
27.500000 297.172912598 -5.768296242 78.500457764 0.016898826 0.608312249 0.002204957 0.793514848
27.600000 298.494781494 -5.800348282 78.861381531 0.015775818 0.608573914 0.002267878 0.793337047
27.700000 299.794494629 -5.824561596 79.217445374 0.014677767 0.608833313 0.002771881 0.793157578
27.800000 301.113922119 -5.851864338 79.569335938 0.014673329 0.608867168 0.003674891 0.793127954
27.900000 302.426696777 -5.878619671 79.922515869 0.014831414 0.609111071 0.004864029 0.792931259
28.000000 303.726837158 -5.903632164 80.275489807 0.015234210 0.609050751 0.005661922 0.792964756
28.100000 305.026916504 -5.919630527 80.621589661 0.014953116 0.608855605 0.005940818 0.793117881
28.200000 306.325103760 -5.934456348 80.975875854 0.015032353 0.608747721 0.005731180 0.793200731
28.300000 307.637817383 -5.963587284 81.331382751 0.014804829 0.608499110 0.006278312 0.793391585
28.400000 308.947143555 -5.984398365 81.691223145 0.014890930 0.608319998 0.006652944 0.793524325
28.500000 310.199829102 -6.001188278 82.035331726 0.015311850 0.608258665 0.006882877 0.793561339
28.600000 311.475799561 -6.023115635 82.382377625 0.016233889 0.607996643 0.007284734 0.793740153
28.700000 312.775482178 -6.044595718 82.741340637 0.016960118 0.607839525 0.007384909 0.793844402
28.800000 314.034606934 -6.069664001 83.070953369 0.018148499 0.607213736 0.007591031 0.794295013
28.900000 315.343170166 -6.108028889 83.421424866 0.018216651 0.606815696 0.007888459 0.794594646
29.000000 316.636688232 -6.128508568 83.766937256 0.017377662 0.606547415 0.007962822 0.794817507
29.100000 317.934326172 -6.145598412 84.095123291 0.016532503 0.605820358 0.008404417 0.795385242
29.200000 319.207641602 -6.165240765 84.468032837 0.016995288 0.605543256 0.009237413 0.795577347
29.300000 320.476837158 -6.203873634 84.820388794 0.017354345 0.605125487 0.009097526 0.795888960
29.400000 321.780364990 -6.197858810 85.175064087 0.018142410 0.604568958 0.007801424 0.796307981
29.500000 322.984771729 -6.238553524 85.543952942 0.018054666 0.604631364 0.007868849 0.796261907
29.600000 324.295654297 -6.256858349 85.911323547 0.018045703 0.604221046 0.007018793 0.796581447
29.700000 325.483276367 -6.271026611 86.253700256 0.018024201 0.603829801 0.006526336 0.796882749
29.800000 326.770202637 -6.294374943 86.604270935 0.018521549 0.603228390 0.006860159 0.797323942
29.900000 328.012908936 -6.330863476 86.967689514 0.018773118 0.602901518 0.007379018 0.797560573
30.000000 329.301971436 -6.348620415 87.323905945 0.018885465 0.602109551 0.007195687 0.798157632
30.100000 330.527496338 -6.379453182 87.685646057 0.019236742 0.601893008 0.007349087 0.798311174
30.200000 331.801208496 -6.405110359 88.056121826 0.019901035 0.601394355 0.007882203 0.798665583
30.300000 333.035247803 -6.435488701 88.400222778 0.020281477 0.600771964 0.008350742 0.799119473
30.400000 334.275726318 -6.466241837 88.762771606 0.021280875 0.600373447 0.008428077 0.799392164
30.500000 335.520690918 -6.494949818 89.137954712 0.022031507 0.600285530 0.007921530 0.799443007
30.600000 336.772369385 -6.520818710 89.498535156 0.022369869 0.600002348 0.008641005 0.799638748
30.700000 338.028442383 -6.552750111 89.874397278 0.021657422 0.599875629 0.008634286 0.799753428
30.800000 339.280395508 -6.573752403 90.238693237 0.022571815 0.599729836 0.008485756 0.799839079
30.900000 340.535675049 -6.613740921 90.627700806 0.023100082 0.599969089 0.007214384 0.799657047
31.000000 341.794921875 -6.639982224 90.994132996 0.023098342 0.599787414 0.005898823 0.799804151
31.100000 343.132812500 -6.676448822 91.397575378 0.022182362 0.599320948 0.005694480 0.800181210
31.200000 344.283508301 -6.706258774 91.743148804 0.022146964 0.599953830 0.005357584 0.799710035
31.300000 345.508697510 -6.755139351 92.128089905 0.023188621 0.600133777 0.005507586 0.799544454
