0.000000 0.0000000 0.0000000 0.0000000 0.0000000 0.0000000 0.0000000 1.0000000
0.100000 0.0054689 0.0091117 0.6991922 -0.0002057 0.0025983 0.0001343 0.9999966
0.200000 0.0062461 0.0178221 1.3670088 -0.0011162 0.0058709 -0.0007201 0.9999819
0.400000 0.0401943 0.0096361 2.6482756 -0.0038803 0.0142879 -0.0012825 0.9998896
0.500000 0.0607812 0.0088348 3.2704554 -0.0040688 0.0200377 -0.0023329 0.9997882
0.700000 0.1359771 0.0113641 4.4561973 -0.0020626 0.0345993 -0.0039116 0.9993915
0.800000 0.1913931 0.0133220 5.0306292 -0.0011461 0.0435898 -0.0044983 0.9990387
0.900000 0.2546677 0.0140362 5.5811386 -0.0008958 0.0542414 -0.0050814 0.9985145
1.000000 0.3340693 0.0127101 6.1125326 -0.0006200 0.0659562 -0.0043744 0.9978127
1.200000 0.5332292 0.0062254 7.1520314 0.0025650 0.0942529 -0.0060469 0.9955266
1.400000 0.7959546 -0.0056677 8.1618347 0.0078879 0.1291884 -0.0082404 0.9915544
1.600000 1.1443313 -0.0237943 9.1419411 0.0105184 0.1679491 -0.0080245 0.9857069
1.800000 1.5726211 -0.0458632 10.0724564 0.0124368 0.2088515 -0.0081708 0.9778342
2.000000 2.0611451 -0.0722287 10.9453163 0.0138074 0.2493394 -0.0054683 0.9683023
2.200000 2.6277544 -0.1105962 11.7743292 0.0156565 0.2893257 -0.0035081 0.9570963
2.400000 3.2669272 -0.1396818 12.5795259 0.0155612 0.3317665 -0.0086155 0.9431939
2.600000 4.0084796 -0.1782474 13.3429413 0.0137676 0.3767295 -0.0087879 0.9261793
2.700000 4.4358721 -0.1856760 13.7039070 0.0135522 0.4003474 -0.0078817 0.9162293
2.900000 5.3425136 -0.2168733 14.3758583 0.0135948 0.4479133 -0.0083141 0.8939350
3.000000 5.8303847 -0.2324191 14.6808949 0.0126350 0.4715416 -0.0087609 0.8817098
3.200000 6.8683691 -0.2639101 15.2373161 0.0112538 0.5180508 -0.0090357 0.8552281
3.400000 8.0045166 -0.2913829 15.6753531 0.0114956 0.5633425 -0.0062886 0.8261196
3.600000 9.2292862 -0.3154433 16.0198860 0.0125625 0.6029900 -0.0038231 0.7976407
3.900000 11.2093086 -0.3524223 16.3731880 0.0160980 0.6426303 -0.0001852 0.7660072
4.100000 12.6072674 -0.3784121 16.5703316 0.0162223 0.6591180 0.0006083 0.7518643
4.300000 14.0859489 -0.4029453 16.7268257 0.0187149 0.6681106 0.0024768 0.7438225
4.500000 15.6436348 -0.4227127 16.8848686 0.0204283 0.6711142 0.0036849 0.7410633
4.700000 17.2923317 -0.4537173 17.0470791 0.0212195 0.6716630 0.0048474 0.7405370
4.900000 19.0242710 -0.4798350 17.2239857 0.0208981 0.6709797 0.0056043 0.7411600
5.100000 20.8172741 -0.5076182 17.4156628 0.0222160 0.6701962 0.0050653 0.7418341
5.300000 22.6763954 -0.5305154 17.6157589 0.0222364 0.6693605 0.0061707 0.7425793
5.500000 24.6095524 -0.5599723 17.8196449 0.0218446 0.6685117 0.0070650 0.7433472
5.700000 26.5918808 -0.5891019 18.0444374 0.0229877 0.6673599 0.0048935 0.7443644
5.900000 28.6168938 -0.6274006 18.2844009 0.0211915 0.6659132 0.0031156 0.7457217
6.100000 30.6821918 -0.6729195 18.5410175 0.0182551 0.6641612 0.0035297 0.7473581
6.300000 32.7796059 -0.7055466 18.8064537 0.0176890 0.6622085 0.0052827 0.7490922
6.500000 34.9015083 -0.7404681 19.0753479 0.0200761 0.6598970 0.0058354 0.7510651
6.700000 37.0308113 -0.7806727 19.3651276 0.0201438 0.6578910 0.0067509 0.7528134
6.900000 39.2032356 -0.8083281 19.6762600 0.0168278 0.6565228 0.0107789 0.7540415
7.200000 42.4717407 -0.8525535 20.1424217 0.0222376 0.6554368 0.0062858 0.7548965
7.300000 43.5710831 -0.8739297 20.2987785 0.0220886 0.6553744 0.0059845 0.7549574
7.500000 45.7811890 -0.9134674 20.6157112 0.0199774 0.6559096 0.0069725 0.7545428
7.800000 49.1274948 -0.9731655 21.0894127 0.0203826 0.6566091 0.0075030 0.7539182
8.000000 51.4043274 -1.0089900 21.3942909 0.0202348 0.6569821 0.0084129 0.7535877
8.200000 53.7144012 -1.0307229 21.7071247 0.0182390 0.6575407 0.0134829 0.7530776
8.400000 56.0378723 -1.0355024 22.0178356 0.0201977 0.6580709 0.0176634 0.7524777
8.600000 58.4023933 -1.0468459 22.3284683 0.0241359 0.6578731 0.0182380 0.7525210
8.800000 60.7873878 -1.0635371 22.6540375 0.0261455 0.6572225 0.0143011 0.7531072
9.000000 63.2179451 -1.1022415 22.9937630 0.0256189 0.6565395 0.0122788 0.7537564
9.200000 65.6793060 -1.1340306 23.3456478 0.0255114 0.6558090 0.0111439 0.7544134
9.400000 68.1560898 -1.1909790 23.6892929 0.0277264 0.6544293 0.0101139 0.7555470
9.600000 70.6837387 -1.2447896 24.0596733 0.0259511 0.6530405 0.0092623 0.7568216
9.800000 73.2485733 -1.2953022 24.4614410 0.0234741 0.6519616 0.0084056 0.7578419
10.000000 75.8438950 -1.3383772 24.8596458 0.0225566 0.6502794 0.0090340 0.7593065
10.200000 78.4276962 -1.3748728 25.2717285 0.0216253 0.6490368 0.0096620 0.7603882
10.400000 81.0736465 -1.4132321 25.6965122 0.0224333 0.6475756 0.0098787 0.7616069
10.600000 83.7032166 -1.4499273 26.1251316 0.0219947 0.6461343 0.0109181 0.7628286
10.800000 86.3253403 -1.4962939 26.5591354 0.0208322 0.6451686 0.0121728 0.7636591
11.000000 88.9591522 -1.5319387 26.9897499 0.0213823 0.6441953 0.0133656 0.7644452
11.300000 92.8762665 -1.6063328 27.6634903 0.0230637 0.6434332 0.0116746 0.7650657
11.500000 95.4879456 -1.6638384 28.1252098 0.0240518 0.6429830 0.0096388 0.7654421
11.700000 98.0952835 -1.7263247 28.5866508 0.0236400 0.6424533 0.0085729 0.7659122
11.900000 100.6625748 -1.7737250 29.0515137 0.0221766 0.6419685 0.0083307 0.7663649
12.100000 103.2286911 -1.8473103 29.5130501 0.0221870 0.6408635 0.0077672 0.7672948
12.300000 105.8136826 -1.9034958 29.9899712 0.0195508 0.6399294 0.0088698 0.7681338
12.500000 108.3393555 -1.9379209 30.4451332 0.0206860 0.6386405 0.0099426 0.7691629
12.700000 110.8812943 -1.9752672 30.9181728 0.0211725 0.6372544 0.0106397 0.7702891
12.900000 113.4199142 -2.0135977 31.4196930 0.0210965 0.6360792 0.0100665 0.7712696
13.100000 115.9594498 -2.0602612 31.9148254 0.0204877 0.6347407 0.0104827 0.7723824
13.300000 118.5179443 -2.1088128 32.4190063 0.0208504 0.6334519 0.0119753 0.7734084
13.500000 121.0624771 -2.1465213 32.9173050 0.0232933 0.6322696 0.0106590 0.7743248
13.700000 123.6165695 -2.1986089 33.4472427 0.0242169 0.6316713 0.0083721 0.7748128
13.900000 126.1923065 -2.2459354 33.9786453 0.0232160 0.6310757 0.0065167 0.7753464
14.100000 128.7784729 -2.3026469 34.5296173 0.0210703 0.6309330 0.0051623 0.7755340
14.300000 131.3684082 -2.3573952 35.0741806 0.0189282 0.6306697 0.0041700 0.7758093
14.500000 133.9614563 -2.4155767 35.6198883 0.0164075 0.6305029 0.0070959 0.7759809
14.700000 136.5451813 -2.4609900 36.1605377 0.0180742 0.6299853 0.0084717 0.7763505
14.900000 139.1090393 -2.4987700 36.6990776 0.0215791 0.6294589 0.0103850 0.7766646
15.100000 141.6625061 -2.5462658 37.2376595 0.0227093 0.6287269 0.0105177 0.7772233
15.300000 144.2282715 -2.5932240 37.7980614 0.0183194 0.6288167 0.0120878 0.7772438
15.500000 146.7676392 -2.6265340 38.3464394 0.0211413 0.6282157 0.0120988 0.7776578
15.700000 149.3058777 -2.6771402 38.8930817 0.0235069 0.6266230 0.0124611 0.7788682
16.000000 153.0813904 -2.7612591 39.7357521 0.0228749 0.6249717 0.0094006 0.7802556
16.200000 155.5719147 -2.8233314 40.3187218 0.0205767 0.6240097 0.0087999 0.7810960
16.500000 159.2572784 -2.9306245 41.1620674 0.0201141 0.6228506 0.0063336 0.7820565
16.800000 162.9118805 -3.0215502 42.0138397 0.0183080 0.6220754 0.0073380 0.7827089
17.100000 166.6177216 -3.0787585 42.8849831 0.0173535 0.6217421 0.0090944 0.7829770
17.300000 169.0560608 -3.1066492 43.4502678 0.0205870 0.6215308 0.0066285 0.7830911
17.600000 172.7189331 -3.1929731 44.2999077 0.0188114 0.6213725 0.0090681 0.7832369
17.800000 175.1792145 -3.2382674 44.8727531 0.0204079 0.6213648 0.0105267 0.7831849
18.000000 177.6250305 -3.2826924 45.4473648 0.0225798 0.6210213 0.0091776 0.7834146
18.200000 180.0678253 -3.3530312 46.0267372 0.0248298 0.6205580 0.0057098 0.7837465
18.500000 183.7640228 -3.4374733 46.9311028 0.0200752 0.6188300 0.0047457 0.7852541
18.700000 186.2049408 -3.4824893 47.5257835 0.0197500 0.6172705 0.0065304 0.7864759
18.900000 188.6664581 -3.5471690 48.1245308 0.0212385 0.6151870 0.0078325 0.7880561
19.100000 191.1400604 -3.6032217 48.7451286 0.0184181 0.6135547 0.0079502 0.7893974
19.400000 194.8056793 -3.6703615 49.6808281 0.0199612 0.6116544 0.0108086 0.7907994
19.500000 196.0339203 -3.6837530 50.0012016 0.0221092 0.6107290 0.0092733 0.7914767
19.700000 198.4821930 -3.7384570 50.6549377 0.0193893 0.6086317 0.0089745 0.7931652
19.900000 200.9519501 -3.7661948 51.3122787 0.0179147 0.6064958 0.0100686 0.7948211
20.100000 203.3762970 -3.8072157 51.9859123 0.0225073 0.6042307 0.0099220 0.7964297
20.300000 205.8026123 -3.8557568 52.6726913 0.0211679 0.6022655 0.0101942 0.7979500
20.500000 208.2143097 -3.9034760 53.3871536 0.0225099 0.6016639 0.0043996 0.7984200
20.700000 210.6169891 -3.9688566 54.0934830 0.0216223 0.6015323 0.0028599 0.7985507
20.900000 213.0378418 -4.0371437 54.7961960 0.0193770 0.6015245 0.0043819 0.7986072
21.200000 216.5721588 -4.1054792 55.8171997 0.0173683 0.6026165 0.0039092 0.7978323
21.500000 220.1783295 -4.1792789 56.8422661 0.0167826 0.6034476 0.0057466 0.7972053
21.800000 223.8337402 -4.2633348 57.8782310 0.0179089 0.6033794 0.0041940 0.7972420
22.000000 226.2563019 -4.3096061 58.5646057 0.0165634 0.6032016 0.0077606 0.7973790
22.200000 228.6558838 -4.3389373 59.2461548 0.0188476 0.6029897 0.0100125 0.7974635
22.400000 231.0772552 -4.3820305 59.9386978 0.0222209 0.6030536 0.0064064 0.7973654
22.700000 234.6914825 -4.4734783 60.9866562 0.0204485 0.6036544 0.0036838 0.7969753
22.900000 237.1472473 -4.5480099 61.6839333 0.0202968 0.6038446 0.0019646 0.7968411
23.100000 239.6255035 -4.6042824 62.3883896 0.0172023 0.6041564 0.0030967 0.7966741
23.300000 242.1350861 -4.6483793 63.0925713 0.0169508 0.6041105 0.0045691 0.7967072
23.500000 244.6642609 -4.6966701 63.8006973 0.0167467 0.6040314 0.0060470 0.7967616
23.700000 247.1903992 -4.7386179 64.5108337 0.0185864 0.6040698 0.0050899 0.7966984
23.900000 249.7425690 -4.7820354 65.2346268 0.0183737 0.6039466 0.0052952 0.7967954
24.100000 252.3135681 -4.8222075 65.9530563 0.0179523 0.6039599 0.0064393 0.7967865
24.300000 254.8978271 -4.8610439 66.6803131 0.0192254 0.6039169 0.0065710 0.7967883
24.500000 257.4916077 -4.9025497 67.4122925 0.0204378 0.6039885 0.0070893 0.7966994
24.700000 260.1252747 -4.9561014 68.1491699 0.0206813 0.6037739 0.0086332 0.7968405
24.800000 261.4348755 -4.9885941 68.5048141 0.0219307 0.6036025 0.0088193 0.7969349
25.000000 264.0416565 -5.0311389 69.2425385 0.0215715 0.6033618 0.0079296 0.7971364
25.100000 265.3523254 -5.0593824 69.6152344 0.0222541 0.6035247 0.0072855 0.7970004
25.300000 267.9992676 -5.1336684 70.3706436 0.0221631 0.6035073 0.0050477 0.7970334
25.400000 269.3217163 -5.1636033 70.7462006 0.0211758 0.6034353 0.0043470 0.7971188
25.600000 271.9704895 -5.2332258 71.5030594 0.0192844 0.6036116 0.0030450 0.7970394
25.800000 274.6594849 -5.2919660 72.2887268 0.0165868 0.6039377 0.0053616 0.7968408
26.000000 277.3318176 -5.3346009 73.0377731 0.0164520 0.6040773 0.0075814 0.7967198
26.300000 281.3121948 -5.4065566 74.1487122 0.0199634 0.6046780 0.0059286 0.7961978
26.500000 283.9885559 -5.4709191 74.8725052 0.0178308 0.6050963 0.0081412 0.7959109
26.700000 286.6931763 -5.5204053 75.6101532 0.0173720 0.6052885 0.0099142 0.7957548
26.900000 289.2963257 -5.5764332 76.3371506 0.0199085 0.6060559 0.0103800 0.7951051
27.100000 291.9220581 -5.6344757 77.0461655 0.0236612 0.6065149 0.0078550 0.7946811
27.300000 294.5685425 -5.6978502 77.7802277 0.0206183 0.6073365 0.0049044 0.7941619
27.500000 297.1728210 -5.7682943 78.5004425 0.0168988 0.6083122 0.0022050 0.7935148
27.700000 299.7944641 -5.8245606 79.2174301 0.0146778 0.6088333 0.0027719 0.7931576
27.900000 302.4267273 -5.8786211 79.9225311 0.0148314 0.6091111 0.0048640 0.7929313
28.100000 305.0269165 -5.9196301 80.6215973 0.0149531 0.6088556 0.0059408 0.7931179
28.300000 307.6378784 -5.9635882 81.3313904 0.0148048 0.6084991 0.0062783 0.7933916
28.500000 310.1998291 -6.0011868 82.0353241 0.0153118 0.6082587 0.0068829 0.7935613
28.600000 311.4757996 -6.0231166 82.3823929 0.0162339 0.6079967 0.0072847 0.7937402
28.700000 312.7754517 -6.0445952 82.7413406 0.0169601 0.6078395 0.0073849 0.7938444
29.000000 316.6367188 -6.1285090 83.7669296 0.0173777 0.6065474 0.0079628 0.7948175
29.200000 319.2075806 -6.1652393 84.4680176 0.0169953 0.6055432 0.0092374 0.7955773
29.500000 322.9848022 -6.2385535 85.5439529 0.0180547 0.6046314 0.0078688 0.7962619
29.700000 325.4832764 -6.2710266 86.2537003 0.0180242 0.6038298 0.0065263 0.7968827
29.900000 328.0129395 -6.3308640 86.9677048 0.0187731 0.6029015 0.0073790 0.7975606
30.100000 330.5274963 -6.3794513 87.6856232 0.0192367 0.6018930 0.0073491 0.7983112
30.300000 333.0352478 -6.4354897 88.4002457 0.0202815 0.6007720 0.0083507 0.7991195
30.400000 334.2757568 -6.4662423 88.7627716 0.0212809 0.6003734 0.0084281 0.7993922
30.600000 336.7723999 -6.5208197 89.4985352 0.0223699 0.6000023 0.0086410 0.7996387
30.800000 339.2804260 -6.5737524 90.2387161 0.0225718 0.5997298 0.0084858 0.7998391
31.000000 341.7949829 -6.6399822 90.9941406 0.0230983 0.5997874 0.0058988 0.7998042
31.200000 344.2835693 -6.7062621 91.7431870 0.0221470 0.5999538 0.0053576 0.7997100
