000028 2 188 176 252 204 41.261677
000029 2 169 176 237 205 37.011337
000029 4 294 160 333 187 60.179787
000030 2 149 176 221 206 36.129131
000030 4 287 159 327 186 63.974953
000031 2 128 175 205 208 35.483845
000031 4 279 157 321 185 62.551693
000032 2 105 175 188 209 34.580196
000032 3 337 171 372 187 64.899002
000032 4 272 157 315 186 61.040058
000033 2 79 175 168 211 34.603947
000033 3 331 172 367 189 61.162014
000033 4 265 158 309 187 60.016472
000034 2 53 177 148 214 32.921146
000034 3 324 173 362 190 63.077068
000034 4 257 158 303 188 58.574333
000035 2 23 178 126 218 31.967459
000035 3 318 173 356 191 61.03616
000035 4 248 159 296 189 57.654419
000036 2 0 177 102 219 31.228285
000036 3 311 173 351 191 58.196419
000036 4 239 159 289 191 56.880638
000037 2 0 177 102 219 31.228285
000037 3 311 173 351 191 58.196419
000037 4 239 159 289 191 56.880638
000038 2 0 175 44 219 29.184254
000038 3 296 172 339 192 55.974815
000038 4 222 157 275 189 55.088673
000039 3 288 173 333 193 55.557159
000039 4 212 157 268 191 53.727112
000040 3 280 174 326 194 51.069096
000040 4 202 157 260 192 53.008533
000042 3 272 174 320 195 46.754917
000042 4 192 158 252 193 50.528046
000042 3 262 175 313 197 45.583828
000042 4 180 158 243 195 49.383102
000043 4 169 158 234 196 49.386745
000044 3 243 177 298 199 44.41444
000044 4 157 159 225 197 48.40609
000045 3 233 177 290 201 45.998653
000045 4 144 159 215 199 47.814209
000045 5 266 172 315 197 47.339996
000046 3 221 178 281 203 46.212204
000046 4 130 159 205 200 43.567848
000046 5 256 174 308 199 46.212204
000047 3 209 179 272 205 43.249352
000047 4 116 159 194 202 45.447266
000047 5 246 175 300 201 45.079987
000048 3 196 179 262 205 40.327431
000048 4 100 158 182 203 43.460476
000048 5 239 175 293 201 43.91814
000050 3 182 179 251 206 42.877625
000050 4 84 157 170 203 44.079742
000050 5 227 174 285 201 42.917343
000051 3 167 179 240 207 38.204727
000051 4 66 156 157 204 42.520645
000051 5 215 173 275 201 41.743568
000052 3 152 178 229 207 35.47728
000052 4 47 155 143 204 40.807129
000052 5 202 173 266 202 43.274105
000053 3 136 178 217 208 36.158031
000053 4 26 154 128 205 40.001968
000053 5 190 173 256 203 39.555912
000054 3 117 178 203 209 33.245529
000054 4 6 154 113 207 39.334103
000054 5 176 173 246 204 55.205105
000054 8 194 167 247 194 55.205105
000055 3 97 178 188 211 35.384323
000055 4 0 154 97 209 38.409744
000055 8 185 167 240 195 54.154537
000056 3 52 179 155 215 31.99444
000056 4 0 153 63 210 37.257206
000056 5 129 173 211 208 35.560165
000056 7 379 170 407 187 67.422821
000056 8 165 166 224 195 51.704075
000057 3 26 180 136 217 30.620461
000057 5 112 173 198 209 34.691605
000057 7 375 169 404 186 66.291626
000058 3 0 180 119 219 29.747145
000058 5 94 173 184 211 33.602798
000058 7 372 169 401 186 65.232269
000059 3 0 180 99 220 29.026249
000059 7 368 168 398 186 63.122608
000060 5 52 173 154 213 31.692879
000060 7 364 168 395 186 61.413837
000060 8 113 165 183 198 37.552135
000061 7 361 168 392 186 61.795994
000062 5 5 172 120 216 29.806925
000062 7 357 168 389 186 60.555599
000063 5 0 171 101 217 28.955616
000063 6 326 171 361 190 46.715248
000063 7 353 168 386 187 59.6343
000063 8 69 165 149 201 111.874107
000064 5 0 171 82 218 30.206694
000064 6 321 171 357 191 45.753773
000064 7 349 169 383 188 58.021233
000066 6 316 172 353 192 44.906654
000066 7 345 170 379 190 58.589943
000067 6 310 172 349 193 46.715866
000067 7 341 170 376 190 57.640541
000067 8 17 165 110 206 40.061275
000068 6 305 172 344 193 46.505489
000068 7 337 170 373 190 55.527752
000068 8 0 165 95 206 39.21204
000069 6 299 172 340 194 46.665825
000069 7 333 170 369 191 55.151081
000069 8 0 164 80 206 37.417843
000070 6 287 172 331 195 46.742985
000070 7 324 170 362 192 53.578899
000070 8 0 164 46 208 37.499569
000071 6 287 172 331 195 46.742985
000071 7 324 170 362 192 53.578899
000071 8 0 164 46 208 37.499569
000072 6 281 172 326 195 47.327465
000072 7 320 170 358 192 53.011478
000073 6 274 172 321 195 46.467976
000073 7 315 170 355 192 50.939816
000074 6 267 172 315 196 45.521473
000074 7 310 170 351 193 51.339081
000075 6 254 172 305 197 43.269653
000075 7 300 170 343 194 48.074558
000076 6 254 172 305 197 43.269653
000076 7 300 170 343 194 48.074558
000077 6 247 172 300 198 42.888241
000077 7 294 170 339 194 48.709675
000077 9 334 172 365 191 51.279659
000078 6 239 172 294 199 41.59663
000078 7 289 170 334 195 47.283646
000078 9 330 172 362 191 50.979603
000079 6 223 172 281 200 40.003166
000079 7 277 170 325 196 45.82893
000079 9 321 172 355 192 49.32122
000080 6 214 173 274 201 39.271511
000080 7 271 171 320 197 44.92868
000081 6 205 173 267 202 38.493324
000081 7 264 171 315 197 43.790756
000082 6 205 173 267 202 38.493324
000082 7 264 171 315 197 43.790756
000083 6 195 173 260 203 37.645931
000083 7 257 171 310 198 44.419632
000083 9 306 172 343 194 46.75544
000084 6 174 173 243 205 36.17173
000084 7 242 170 298 199 41.494591
000084 9 295 172 334 194 46.269798
000085 6 162 173 235 205 35.539536
000085 7 234 170 292 199 37.212772
000085 9 289 172 329 194 60.346115
000086 6 149 173 226 206 34.862419
000086 7 226 169 286 199 40.013332
000088 6 136 173 216 207 33.882801
000088 7 217 169 279 199 39.159439
000088 9 277 171 320 194 43.967388
000089 6 122 173 206 208 33.30703
000089 7 208 169 272 200 38.553394
000089 9 271 170 315 194 43.190304
000090 6 108 173 195 209 32.29089
000090 7 199 169 265 201 37.737663
000090 9 264 170 309 195 42.425446
000091 6 92 173 184 210 31.665701
000091 7 189 169 258 202 36.889042
000091 9 257 170 303 195 42.659492
000092 6 76 173 172 211 31.570019
000092 7 179 169 250 203 36.186832
000092 9 250 170 297 196 41.931477
000093 6 58 173 160 213 30.204866
000093 7 168 169 242 203 35.462742
000093 9 242 170 291 196 41.202736
000094 6 39 173 147 214 29.422163
000094 7 143 169 223 206 34.800262
000094 9 226 171 278 198 40.533325
000095 6 0 173 118 217 28.447838
000095 7 129 170 213 207 33.743782
000095 9 217 171 271 199 38.988716
000096 6 0 173 102 219 29.140829
000096 7 116 170 203 208 32.843334
000096 9 208 172 264 200 39.044495
000097 6 0 173 86 220 28.662209
000097 7 102 170 192 209 32.361835
000097 9 199 172 257 201 38.631916
000098 6 0 173 68 220 28.121792
000098 7 86 170 181 211 32.001385
000098 9 189 173 249 203 37.38649
000099 6 0 173 49 221 27.689728
000099 7 72 171 170 212 31.428804
000099 9 179 173 241 204 36.396629
000101 7 56 171 159 214 31.141382
000101 9 169 174 233 205 35.791737
000101 7 39 172 147 216 30.837566
000101 9 158 174 225 206 35.412056
000102 7 22 172 134 218 29.384754
000102 9 147 175 216 208 34.835991
000102 10 168 166 230 193 43.104103
000102 34 758 172 770 199 44.148785
000103 7 3 173 121 220 29.521667
000103 9 135 175 207 209 34.678398
000103 10 159 166 223 195 42.380882
000103 34 760 173 771 200 43.234646
000104 7 0 173 107 221 28.957434
000104 9 122 176 198 211 33.500999
000104 10 149 167 215 196 41.679256
000105 7 0 173 93 223 30.332186
000105 9 109 177 188 212 32.976856
000105 10 139 167 207 196 40.65366
000106 7 0 173 77 224 29.368338
000106 9 96 177 177 213 32.452995
000106 10 129 166 199 196 39.773678
000107 7 0 173 61 224 29.207016
000107 9 82 177 167 214 31.933872
000107 10 119 165 191 196 39.213039
000108 7 0 174 43 224 28.274361
000108 9 68 176 156 214 31.360401
000108 10 107 165 181 196 39.331066
000109 9 53 176 145 215 30.838118
000109 10 97 165 173 197 39.430801
000110 9 34 177 131 217 30.343756
000110 10 85 165 163 198 38.532246
000111 9 18 176 118 218 29.737688
000111 10 72 165 152 199 37.660572
000112 9 0 176 105 218 30.333609
000112 10 60 165 143 199 37.965805
000113 9 0 175 91 219 29.492523
000113 10 48 165 133 200 37.702812
000114 10 35 164 122 200 37.778118
000115 9 0 174 62 219 29.584963
000115 10 21 164 112 200 37.298801
000115 33 162 167 212 194 45.473919
000116 33 153 167 206 195 45.108078
000117 10 0 165 92 203 34.444786
000117 33 145 166 199 195 44.633133
000118 33 136 166 191 195 40.89502
000119 33 130 166 186 195 43.575981
000120 33 123 166 180 196 40.981297
000121 33 116 166 174 196 42.01749
000122 33 109 166 169 197 41.516651
000123 33 103 167 164 198 40.958939
000124 33 97 167 159 198 42.335896
000125 33 90 167 154 199 39.489594
000126 33 83 167 149 200 40.611217
000128 33 74 167 141 201 39.828346
000129 33 65 168 134 201 38.968895
000130 33 55 168 126 202 38.071945
000131 33 45 168 118 203 37.903912
000132 33 24 169 102 205 40.616512
000133 33 13 169 93 206 40.310749
000133 34 781 178 795 209 35.770008
000134 33 2 169 84 207 35.566223
000135 33 0 169 74 208 35.147488
000135 34 782 178 796 209 39.818058
000136 33 0 169 63 208 34.381626
000136 34 782 178 797 209 41.014187
000137 33 0 169 52 209 33.544998
000137 34 783 178 798 209 43.378544
000138 33 0 168 40 208 37.162197
000141 32 316 178 350 196 38.773342
000142 32 316 178 350 196 38.773342
000143 32 312 178 347 196 39.043781
000145 34 789 178 805 211 47.300598
000147 34 792 178 808 211 46.06427
000147 32 294 177 332 196 52.778225
000148 11 510 159 543 197 28.7796
000148 15 827 181 883 202 32.904396
000148 31 549 173 611 235 60.255207
000148 32 291 177 330 196 52.186771
000148 34 795 178 811 212 36.100677
000149 11 507 158 542 198 28.135559
000149 15 831 182 889 203 33.863426
000149 31 548 173 611 235 59.609741
000150 11 504 157 541 200 28.944597
000150 15 836 182 894 204 33.04282
000150 31 548 174 610 235 61.404312
000150 34 799 179 816 212 44.940517
000151 11 501 157 541 201 19.986374
000151 15 840 182 900 204 34.222496
000151 31 548 174 610 235 60.76593
000151 34 802 179 819 213 44.324604
000153 11 498 156 540 203 19.348179
000153 15 845 183 906 205 33.617973
000153 31 549 174 610 235 60.126019
000154 15 850 183 912 206 31.324358
000154 15 855 183 918 206 32.098167
000154 32 270 178 315 199 46.71925
000155 11 486 153 538 209 14.484655
000155 15 860 183 924 207 32.10244
000156 11 481 151 538 211 13.985965
000156 15 865 184 930 207 28.890676
000158 11 476 149 537 214 43.508209
000158 15 871 184 937 208 28.909855
000158 31 553 175 612 234 63.250763
000159 11 469 146 536 216 9.697019
000159 15 876 184 944 209 26.921616
000160 11 459 143 533 220 9.04085
000160 15 883 185 951 210 26.317539
000160 31 555 175 613 233 66.006401
000160 32 252 179 302 202 43.509407
000161 11 432 136 525 231 7.49576
000161 15 896 187 967 213 25.38516
000161 32 244 179 296 203 42.275867
000162 11 410 131 521 238 6.907839
000162 15 903 188 976 214 24.468044
000162 32 238 180 292 204 41.639378
000162 34 834 180 855 218 56.865387
000163 11 382 123 515 248 6.146448
000163 15 911 189 985 216 24.310278
000163 34 837 181 859 218 52.913513
000164 11 342 114 506 262 5.079177
000164 15 918 190 993 218 33.731506
000165 11 284 100 493 283 68.710579
000165 12 541 181 557 197 53.209187
000165 15 926 191 1003 219 39.574791
000165 32 220 181 278 206 40.459839
000165 34 844 181 866 220 50.997025
000166 11 191 78 476 316 101.421577
000166 12 539 181 557 197 52.962646
000166 15 933 191 1012 220 38.972408
000168 11 17 37 454 374 57.961018
000168 12 538 181 556 198 52.211994
000168 15 941 192 1022 221 39.305504
000168 35 1021 193 1088 220 22.324669
000169 11 0 0 421 374 47.617336
000169 12 537 182 556 199 47.448135
000169 15 949 192 1032 222 39.08902
000169 35 1031 193 1100 221 22.496346
000170 11 0 0 366 374 74.249207
000170 12 536 182 556 200 46.105446
000170 15 958 193 1043 223 38.172398
000170 34 859 183 884 224 50.293797
000170 35 1042 194 1113 222 21.879017
000171 11 0 0 280 374 123.18663
000171 12 534 182 555 201 41.233707
000171 13 244 178 297 206 30.90041
000171 14 285 182 331 204 46.536007
000171 15 967 193 1055 224 39.063812
000171 34 863 183 887 224 50.242249
000171 35 1053 194 1126 224 21.314964
000172 12 531 181 554 202 37.812424
000172 14 276 181 325 204 49.417812
000172 15 988 194 1081 227 38.465824
000172 34 869 185 895 227 44.476517
000173 12 529 180 554 202 41.107033
000173 13 224 177 281 207 28.661392
000173 15 998 194 1094 228 38.326691
000173 34 872 187 898 230 47.215885
000173 35 1091 196 1170 227 103.931351
000174 12 527 181 552 203 40.305195
000174 13 216 177 275 208 27.955494
000174 14 266 181 317 205 47.731346
000174 15 1009 195 1108 230 37.750366
000174 16 309 182 350 203 47.530174
000174 34 878 187 905 231 42.98513
000174 35 1105 196 1187 229 21.394476
000175 12 524 181 551 205 33.128181
000175 13 207 178 269 209 27.167719
000175 15 1021 195 1123 231 36.547626
000175 16 304 182 347 204 56.273571
000175 34 884 187 912 231 45.438522
000176 13 198 177 262 210 32.739086
000176 14 253 181 307 206 38.72847
000176 15 1034 196 1139 233 37.932899
000176 32 113 181 201 214 24.926367
000176 35 1135 197 1224 231 38.030193
000177 13 188 176 255 210 38.07082
000177 14 247 181 302 206 38.346348
000177 15 1047 196 1156 235 35.205757
000177 16 294 182 340 205 44.54406
000177 32 99 181 191 215 24.168139
000177 35 1152 197 1241 232 37.345547
000178 13 177 176 247 210 37.23526
000178 14 240 181 296 207 44.787766
000178 15 1061 196 1175 236 34.32024
000178 16 288 182 336 205 45.253231
000178 32 83 181 179 216 23.951639
000178 35 1169 197 1241 234 36.381287
000179 13 165 176 237 211 36.44706
000179 14 231 179 290 205 43.978283
000179 15 1077 196 1194 237 33.747082
000179 16 282 180 331 204 44.434017
000179 32 66 181 167 218 22.465294
000179 35 1188 198 1241 235 35.208294
000180 13 152 175 228 212 35.509983
000180 14 222 176 283 203 43.141884
000180 15 1093 197 1216 239 41.188389
000180 32 46 181 153 219 22.514187
000180 34 912 188 944 237 38.015629
000181 13 138 175 218 213 35.862293
000181 14 212 178 275 206 41.965908
000181 15 1111 197 1238 240 29.550676
000181 16 269 179 320 204 42.806602
000181 32 25 181 138 221 147.745026
000182 12 485 181 530 218 12.248244
000182 13 122 176 208 214 35.067955
000182 14 202 177 268 206 41.144009
000182 16 262 180 314 205 41.973991
000182 32 3 178 122 219 21.18837
000182 34 926 188 960 239 36.435543
000183 12 474 181 524 222 11.321274
000183 13 106 176 196 216 34.404163
000183 16 254 180 308 206 41.120872
000184 12 462 181 518 226 10.04774
000184 14 180 180 250 211 39.13871
000184 16 246 181 302 207 40.252037
000185 12 447 182 510 232 9.103708
000185 13 71 176 171 220 32.744389
000185 14 167 180 241 212 38.286125
000185 16 237 181 295 208 39.386204
000186 12 427 182 500 239 7.792445
000186 14 154 181 231 213 36.713596
000186 16 228 181 288 210 38.531181
000186 34 957 187 998 243 36.411381
000187 12 401 183 487 248 7.249715
000187 13 29 177 141 224 31.156565
000187 14 139 181 221 215 36.003033
000187 16 218 182 280 211 37.695103
000187 34 966 186 1008 244 35.568813
000188 12 366 184 471 261 5.795469
000188 13 6 178 125 227 30.044386
000188 14 124 181 209 216 34.96175
000188 16 208 182 273 212 36.949116
000189 12 316 185 449 279 4.684334
000189 13 0 179 108 229 29.253174
000189 14 108 182 198 218 34.120354
000189 16 196 183 264 214 36.08852
000190 12 233 187 417 309 3.873265
000190 13 0 179 89 232 29.114288
000190 14 90 182 185 220 33.51989
000190 16 184 183 255 215 35.798527
000190 17 501 182 547 216 12.735503
000190 34 997 187 1046 250 37.28474
000191 12 83 192 367 365 32.219269
000191 13 0 180 68 233 28.526615
000191 14 71 183 171 222 32.219269
000191 17 493 184 543 221 11.883802
000192 14 51 183 156 224 32.676624
000192 17 483 184 539 224 10.81181
000193 14 51 183 156 224 32.676624
000193 17 483 184 539 224 10.81181
000193 14 28 184 141 226 30.82674
000193 16 142 186 223 221 33.410751
000193 17 470 184 533 229 10.59977
000193 34 1035 189 1092 258 32.969593
000194 14 4 185 124 229 30.189993
000194 16 125 185 211 222 31.50795
000194 17 454 185 526 235 8.659077
000195 14 0 185 105 231 29.959879
000195 16 106 185 198 223 30.641293
000195 17 433 185 517 242 8.53387
000196 14 0 186 85 234 29.061455
000196 16 87 185 184 225 29.779446
000196 17 406 186 507 252 6.413048
000197 14 0 184 62 231 28.141987
000197 16 63 185 168 226 29.6738
000197 17 366 187 492 266 5.433751
000199 16 38 184 151 228 28.138212
000199 17 306 189 472 289 4.260433
000199 16 10 184 132 229 27.330816
000199 17 207 191 444 325 3.575588
000200 16 0 184 111 231 27.104279
000201 17 9 195 402 374 17.492874
000202 17 0 211 225 374 15.119316
000202 18 512 177 553 210 29.82353
000203 18 505 177 550 212 14.039876
000204 18 497 176 546 215 14.086176
000205 18 486 176 541 218 12.992753
000205 19 543 179 569 202 41.406471
000206 18 474 175 536 222 13.133808
000207 18 457 176 528 229 9.616998
000208 18 436 177 519 237 8.519059
000209 18 407 178 507 248 7.085547
000209 19 525 180 559 210 14.201991
000210 18 368 179 491 263 5.920212
000210 19 519 180 556 212 12.918919
000211 18 307 181 470 286 4.686905
000211 19 512 180 552 214 11.791442
000212 18 207 182 439 324 3.675397
000213 18 4 185 390 374 2.737482
000213 19 493 179 543 221 10.264144
000215 19 480 179 537 225 9.439815
000215 19 463 179 529 231 8.726642
000216 19 441 179 519 239 7.550069
000217 19 412 178 507 250 6.350111
000218 19 369 180 489 266 5.599771
000219 19 303 181 465 292 4.550699
000219 20 525 182 563 212 23.616724
000220 19 189 184 429 336 6.228829
000220 20 519 183 560 216 23.250282
000221 19 0 188 373 374 9.79903
000221 20 512 183 557 219 13.563807
000222 20 504 183 553 222 12.855182
000223 20 493 183 549 226 16.889294
000223 22 343 179 379 203 53.457394
000225 20 481 182 543 230 10.40244
000225 22 337 178 374 203 52.402061
000226 20 465 182 537 236 9.645223
000226 22 330 177 369 203 50.535065
000227 20 443 183 527 245 8.49607
000227 22 323 177 363 203 48.391407
000227 20 413 184 514 258 7.418951
000227 22 316 176 358 203 47.913715
000228 20 370 186 497 276 6.274616
000228 22 309 175 352 203 46.640751
000229 20 303 188 474 304 24.440228
000229 22 299 175 344 204 45.840141
000230 20 186 192 438 353 13.584446
000230 22 289 176 335 205 45.43438
000231 20 0 198 380 374 23.556253
000231 21 525 178 562 210 15.015673
000231 22 278 176 327 206 43.404026
000232 20 0 205 260 374 151.673935
000232 21 517 179 558 213 14.805327
000232 22 266 176 318 207 42.264603
000232 21 508 180 553 217 13.326454
000232 22 254 176 308 209 41.244968
000235 21 498 178 548 218 11.640042
000235 22 240 175 297 208 39.785366
000236 21 485 178 541 223 10.633139
000236 22 226 174 286 208 38.395
000237 21 469 179 533 229 9.643679
000237 22 211 174 274 210 37.169621
000238 21 449 180 524 238 8.575782
000238 22 195 174 262 211 36.409298
000239 21 423 181 513 248 7.439442
000239 22 177 174 249 213 35.357445
000240 21 388 180 499 260 20.721249
000240 22 158 174 235 215 34.712563
000240 25 406 179 430 194 49.174149
000241 21 249 183 450 315 21.349997
000241 22 116 175 204 220 32.39867
000241 25 398 180 424 195 60.858494
000242 21 82 186 404 374 31.717543
000242 22 92 176 186 222 31.478722
000242 25 394 180 420 196 60.15152
000243 21 0 193 328 374 47.333054
000243 22 65 175 167 225 31.416983
000243 23 510 145 565 210 15.621868
000243 25 390 180 416 197 65.289963
000244 21 0 191 159 374 29.55722
000244 22 35 175 145 227 29.029936
000244 23 502 143 562 213 23.352697
000244 25 385 180 413 197 63.710896
000245 22 1 175 121 230 28.056242
000245 23 493 139 560 216 20.113464
000245 25 380 180 408 198 61.4505
000246 22 0 175 95 233 29.589443
000246 23 482 135 556 220 39.107998
000246 25 375 180 404 198 59.337177
000247 23 469 131 553 224 12.565885
000247 25 369 180 399 198 55.984138
000249 23 453 125 548 229 10.939725
000249 25 363 182 394 200 56.536961
000249 23 432 116 543 236 10.177106
000249 25 357 183 389 202 55.297028
000250 23 405 105 537 244 8.959296
000250 25 351 183 383 202 54.823856
000251 23 367 90 528 255 7.510881
000251 25 344 183 378 202 38.922504
000252 23 310 68 518 272 6.247997
000253 23 219 32 505 300 16.494434
000253 25 329 183 366 204 4.803603
000254 23 37 0 481 360 37.120483
000254 25 321 184 360 205 48.473213
000255 23 53 0 455 374 37.419064
000256 23 45 0 414 374 57.84428
000257 23 48 0 338 374 49.039158
000257 25 295 185 338 209 45.332596
000258 25 284 182 330 207 44.191639
000258 27 375 180 403 197 57.1786
000259 24 491 173 544 216 13.172729
000259 25 274 180 321 205 42.756409
000259 27 370 177 400 195 57.35006
000259 28 390 176 418 193 56.526966
000260 24 479 174 539 222 12.710873
000260 25 262 181 312 208 41.975697
000260 27 363 180 394 198 55.918224
000261 24 464 176 532 230 11.921804
000261 25 249 183 302 210 40.787624
000261 27 357 180 389 199 55.001564
000261 28 379 180 409 197 58.940842
000262 24 445 175 524 236 10.55709
000262 25 236 181 291 209 39.484062
000262 27 350 179 383 198 51.846752
000262 28 373 178 405 196 57.753441
000264 24 419 173 514 244 9.409932
000264 25 221 179 279 209 38.363918
000264 27 343 177 378 197 52.289547
000265 24 383 173 500 257 8.15271
000265 25 205 178 267 208 37.105633
000265 27 335 175 371 196 51.113316
000265 28 360 173 395 193 54.218239
000266 24 243 171 456 309 24.858059
000266 25 166 179 236 213 34.686489
000267 24 243 171 456 309 24.858059
000267 25 166 179 236 213 34.686489
000268 24 76 169 416 370 33.689911
000268 25 145 180 220 215 33.287529
000268 26 474 177 532 218 15.458923
000268 27 309 176 350 198 46.470306
000269 24 0 183 234 374 31.449594
000269 25 97 181 184 219 31.400505
000269 26 440 178 516 230 11.964709
000269 27 289 176 333 200 44.461185
000269 28 323 175 367 197 44.200989
000270 25 69 181 163 222 30.414425
000270 26 415 179 505 238 10.313117
000270 27 280 176 326 201 43.110474
000271 25 38 181 140 224 29.154617
000271 26 382 181 491 251 9.30636
000271 27 269 176 317 202 42.463718
000272 25 3 181 115 227 28.102362
000272 26 335 182 473 268 7.151742
000272 27 258 177 309 203 41.310768
000272 30 498 172 546 213 17.299595
000273 25 0 180 86 229 27.843285
000273 26 261 185 448 296 17.430267
000273 27 246 177 299 204 40.211552
000273 28 289 175 341 201 41.619755
000273 30 489 172 541 217 15.909908
000274 26 129 189 411 346 44.287048
000274 27 233 177 289 206 39.239708
000274 30 477 172 536 221 14.428221
000276 26 0 194 355 374 12.716295
000276 27 218 178 277 207 38.01469
000276 30 462 171 529 227 12.887089
000277 27 202 178 264 209 36.448364
000277 30 443 170 521 233 11.228563
000278 27 183 178 251 211 35.395233
000278 28 241 177 305 206 39.931602
000278 30 418 169 510 242 10.333974
000279 27 142 180 219 215 32.615387
000279 28 208 178 282 209 37.049587
000279 30 335 166 478 269 33.834019
000280 27 118 180 201 218 31.687185
000280 28 190 178 269 210 35.821014
000280 29 505 180 550 212 17.284683
000280 30 255 166 453 300 5.555848
000281 27 91 181 181 220 30.827713
000281 29 497 180 546 215 15.957979
000281 30 108 163 415 355 20.861849
000283 29 485 181 540 219 14.164587
000284 28 123 179 222 217 32.708263
000284 29 471 182 534 224 12.397946
000284 30 0 167 239 374 462.197235
000285 27 0 180 107 227 26.885958
000285 28 96 180 204 220 31.51721
000285 29 454 182 526 231 10.658833
000286 29 431 183 516 239 9.078004
000287 28 1 179 142 226 27.850592
000287 29 357 185 486 265 6.436366
000288 29 290 187 464 288 5.420322
000289 29 177 189 430 327 4.214149
000290 29 0 193 379 374 3.29954
