2.700000 -0.010190833 -0.007007611 1.471821785 0.000100280 -0.000255667 0.000122009 0.999999940
2.800000 -0.022012528 -0.006977661 2.922708273 0.000356737 -0.000568756 -0.000033049 0.999999762
2.900000 -0.028567772 -0.012387984 4.359543324 -0.000095412 -0.000973736 -0.000467026 0.999999404
3.000000 -0.044205882 -0.023094503 5.790165901 -0.000805383 -0.001359238 -0.000839197 0.999998391
3.100000 -0.058755044 -0.027900672 7.198444366 -0.001257672 -0.001556768 -0.001002777 0.999997497
3.200000 -0.066558659 -0.033631697 8.583449364 -0.001069005 -0.001927783 -0.001113220 0.999996960
3.300000 -0.087268531 -0.038740106 9.940176010 -0.000266996 -0.002250338 -0.001101271 0.999996841
3.400000 -0.095122457 -0.048327334 11.281236649 0.000152794 -0.002918607 -0.000698877 0.999995470
3.500000 -0.113526091 -0.050056748 12.622638702 0.000315103 -0.003337371 -0.000507776 0.999994218
3.600000 -0.131274000 -0.059510734 13.935680389 0.000053956 -0.003892462 -0.000476086 0.999992311
3.700000 -0.148452967 -0.064577475 15.246635437 -0.000578388 -0.004324896 -0.000527654 0.999990344
3.800000 -0.164285943 -0.068586543 16.567293167 -0.000669754 -0.004927948 -0.000878254 0.999987245
3.900000 -0.185501948 -0.067971513 17.832273483 -0.000007142 -0.005520633 -0.001306199 0.999983907
4.000000 -0.205804333 -0.068279177 19.107698441 0.000456497 -0.006034128 -0.001627781 0.999980330
4.100000 -0.229946986 -0.079214744 20.370018005 0.000831272 -0.006663836 -0.001180389 0.999976754
4.200000 -0.251212865 -0.081463777 21.646583557 0.001434885 -0.007454530 -0.000922483 0.999970734
4.300000 -0.287334174 -0.092247911 22.857631683 0.001266962 -0.007757798 -0.000936700 0.999968648
4.400000 -0.313493252 -0.103211395 24.090726852 0.001143594 -0.008352401 -0.000679426 0.999964237
4.500000 -0.349759847 -0.094387986 25.342271805 0.001687754 -0.008822598 -0.000717297 0.999959409
4.600000 -0.388324201 -0.107317641 26.573396683 0.002050131 -0.009375868 -0.000670771 0.999953747
4.700000 -0.415869921 -0.115028180 27.793148041 0.002870583 -0.010004555 -0.000266159 0.999945819
4.800000 -0.449948758 -0.121725850 29.015506744 0.003031955 -0.010586150 -0.000265678 0.999939322
4.900000 -0.487578243 -0.128635839 30.206640244 0.002141730 -0.011051468 -0.000475357 0.999936521
5.000000 -0.522583306 -0.132870734 31.408706665 0.001901332 -0.011640375 -0.000954174 0.999929965
5.100000 -0.554675639 -0.146458864 32.594200134 0.001754608 -0.012204587 -0.001155145 0.999923348
5.200000 -0.591077805 -0.153795093 33.786006927 0.001900424 -0.012669601 -0.001102054 0.999917328
5.300000 -0.633209348 -0.159803748 34.953182220 0.001780998 -0.013187904 -0.001128502 0.999910831
5.400000 -0.675888181 -0.170740798 36.128868103 0.001697284 -0.013808750 -0.000642277 0.999903023
5.500000 -0.701940060 -0.178657785 37.305610657 0.001524411 -0.014376380 -0.000272521 0.999895453
5.600000 -0.740845561 -0.176234215 38.422649384 0.001116040 -0.015034230 0.000111317 0.999886334
5.700000 -0.795672119 -0.178520665 39.599327087 0.000971207 -0.015404346 0.000102908 0.999880850
5.800000 -0.821540356 -0.193881422 40.711860657 0.000839106 -0.016112475 0.000666071 0.999869585
5.900000 -0.862919092 -0.197266564 41.778873444 0.000411274 -0.016624821 0.000721512 0.999861479
6.000000 -0.915403962 -0.206778407 42.860706329 -0.000036969 -0.016920537 0.000344631 0.999856770
6.100000 -0.947657526 -0.217530429 43.939262390 -0.000486770 -0.017612724 0.000458566 0.999844670
6.200000 -1.009115219 -0.207879007 45.009494781 -0.000444118 -0.017939143 0.000097118 0.999838948
6.300000 -1.072832465 -0.204499900 46.051193237 -0.000003484 -0.018306984 -0.000948648 0.999831975
6.400000 -1.118891001 -0.194646806 47.075275421 0.000923675 -0.018609626 -0.000907820 0.999825954
6.500000 -1.142202139 -0.221581280 48.095787048 0.001112209 -0.019304013 -0.000790972 0.999812722
6.600000 -1.196969509 -0.233569443 49.094272614 0.000856009 -0.019830102 -0.000847262 0.999802649
6.700000 -1.238720894 -0.235817030 50.074317932 0.001111883 -0.020261748 -0.001253971 0.999793291
6.800000 -1.283098459 -0.232960865 51.061416626 0.001208898 -0.020787358 -0.001878017 0.999781430
6.900000 -1.339097738 -0.234854698 52.007778168 0.001341035 -0.021100273 -0.002149360 0.999774158
7.000000 -1.379395485 -0.250918746 52.974586487 0.001208037 -0.021585584 -0.001931830 0.999764383
7.100000 -1.422796011 -0.260918021 53.908420563 0.001127302 -0.022162631 -0.002101326 0.999751508
7.200000 -1.475424528 -0.258435965 54.847328186 0.000982419 -0.022659078 -0.001926214 0.999740899
7.300000 -1.536756873 -0.259546757 55.771881104 0.001036212 -0.022920216 -0.001941494 0.999734879
7.400000 -1.583206892 -0.271789134 56.703765869 0.001116860 -0.023562495 -0.001826010 0.999720037
7.500000 -1.638085723 -0.285396755 57.614727020 0.000599796 -0.024181798 -0.001620674 0.999706089
7.600000 -1.677477360 -0.282349676 58.524394989 0.000696626 -0.024812568 -0.001716317 0.999690413
7.700000 -1.719597101 -0.288032025 59.414340973 0.000711475 -0.025498334 -0.001712883 0.999673128
7.800000 -1.781005144 -0.289622605 60.288345337 0.001103898 -0.025844220 -0.001863445 0.999663651
7.900000 -1.834643722 -0.288146824 61.183315277 0.001619632 -0.026296327 -0.001716361 0.999651432
8.000000 -1.878524184 -0.288885236 62.042976379 0.002028142 -0.026595335 -0.001932250 0.999642372
8.100000 -1.927326798 -0.308554322 62.888439178 0.001537996 -0.026829313 -0.002159717 0.999636531
8.200000 -1.985336661 -0.308392525 63.770446777 0.001516609 -0.027105942 -0.002097492 0.999629200
8.300000 -2.031084299 -0.313502014 64.602180481 0.001573530 -0.027466049 -0.002264452 0.999618948
8.400000 -2.088993788 -0.320293128 65.458450317 0.001397021 -0.027735060 -0.002090925 0.999612153
8.500000 -2.148049831 -0.322599798 66.305496216 0.001250869 -0.028136991 -0.002398713 0.999600410
8.600000 -2.184740305 -0.325314939 67.156402588 0.000994863 -0.028567825 -0.002495212 0.999588251
8.700000 -2.257762909 -0.330358982 67.995437622 0.000645237 -0.028328972 -0.002478563 0.999595344
8.800000 -2.288791180 -0.334700584 68.828582764 0.000928266 -0.028998720 -0.002502697 0.999575853
8.900000 -2.344470501 -0.336474240 69.665115356 0.000884435 -0.029037936 -0.002326436 0.999575198
9.000000 -2.394934893 -0.333409846 70.487754822 0.000875427 -0.029438291 -0.002602498 0.999562800
9.100000 -2.445608616 -0.341132998 71.306083679 0.000410904 -0.029674035 -0.002508805 0.999556422
9.200000 -2.508588791 -0.342196822 72.107711792 0.000522151 -0.029549614 -0.002437128 0.999560177
9.300000 -2.557676315 -0.351907820 72.898345947 0.000655626 -0.029198449 -0.002230779 0.999570906
9.400000 -2.607604504 -0.343996197 73.697807312 0.001429076 -0.029107112 -0.002484026 0.999572217
9.500000 -2.651419163 -0.349522680 74.481597900 0.000941669 -0.028954690 -0.001803868 0.999578655
9.600000 -2.696594715 -0.346811771 75.245613098 0.000801359 -0.029022612 -0.001166985 0.999577761
9.700000 -2.749834061 -0.358401000 76.003822327 0.000478238 -0.028584527 -0.000498257 0.999591112
9.800000 -2.797417641 -0.359024823 76.754417419 0.000427497 -0.028319493 0.000133566 0.999598801
9.900000 -2.839857578 -0.363010049 77.473007202 0.000086874 -0.028197531 0.000384397 0.999602258
10.000000 -2.887416840 -0.364389181 78.209175110 0.000461674 -0.028157596 0.000493929 0.999603271
10.100000 -2.921432495 -0.365002215 78.924949646 0.001069596 -0.028090617 0.000635639 0.999604583
10.200000 -2.964481354 -0.372902185 79.650070190 0.001381390 -0.027981764 0.001255614 0.999606669
10.300000 -3.005741119 -0.375322998 80.323944092 0.002333790 -0.027671628 0.001334948 0.999613464
10.400000 -3.051369667 -0.382261395 81.018363953 0.002636943 -0.027357820 0.001050885 0.999621689
10.500000 -3.092154980 -0.387259603 81.711448669 0.002450087 -0.027088700 0.000857983 0.999629676
10.600000 -3.132780552 -0.389536291 82.392234802 0.001917090 -0.027052369 0.000736855 0.999631882
10.700000 -3.174954176 -0.399088383 83.059707642 0.001593759 -0.026698077 0.000417515 0.999642193
10.800000 -3.217906713 -0.397396743 83.736198425 0.002057468 -0.026277946 -0.000060596 0.999652565
10.900000 -3.253075123 -0.402976096 84.386184692 0.002501307 -0.025590749 -0.000279086 0.999669373
11.000000 -3.286046028 -0.407270849 85.042243958 0.002619218 -0.024781272 -0.000749208 0.999689162
11.100000 -3.322073698 -0.410575062 85.684143066 0.002424085 -0.024059709 -0.001210175 0.999706864
11.200000 -3.359519720 -0.411437362 86.329658508 0.002310921 -0.023394011 -0.001536142 0.999722481
11.300000 -3.380134583 -0.416988075 86.939277649 0.002168579 -0.022765331 -0.001337250 0.999737561
11.400000 -3.417396545 -0.423370183 87.564956665 0.002270170 -0.022085637 -0.001370346 0.999752581
11.500000 -3.446342468 -0.421821833 88.173606873 0.002468094 -0.021478692 -0.001659806 0.999764860
11.600000 -3.474484205 -0.430191427 88.783790588 0.002508208 -0.020922748 -0.001366616 0.999777019
11.700000 -3.503760815 -0.431768984 89.390472412 0.002480844 -0.020459047 -0.001411893 0.999786615
11.800000 -3.536046267 -0.445044935 89.988380432 0.002183386 -0.019998144 -0.001394972 0.999796629
11.900000 -3.555695295 -0.438871682 90.584609985 0.002460026 -0.020041861 -0.001098657 0.999795496
12.000000 -3.585407495 -0.442998946 91.169296265 0.002269626 -0.020257637 -0.000729890 0.999791980
12.100000 -3.611479998 -0.444989324 91.773391724 0.001995984 -0.021266514 -0.000642476 0.999771655
12.200000 -3.647256374 -0.448115826 92.361160278 0.001967510 -0.022239136 -0.000545489 0.999750614
12.300000 -3.675275564 -0.452847421 92.952812195 0.001700872 -0.023393925 -0.000580689 0.999724686
12.400000 -3.707695723 -0.458432555 93.533905029 0.001919617 -0.024572868 -0.000382103 0.999696136
12.500000 -3.742033243 -0.458570808 94.110961914 0.002318108 -0.025625847 -0.000412428 0.999668837
12.600000 -3.773123741 -0.461831212 94.690032959 0.002867014 -0.026438752 -0.000358254 0.999646246
12.700000 -3.807029247 -0.461848676 95.253936768 0.003379929 -0.027200721 -0.000221781 0.999624252
12.800000 -3.839758873 -0.467405617 95.847496033 0.003877138 -0.027686451 0.000055195 0.999609113
12.900000 -3.881980896 -0.471365422 96.425849915 0.004319005 -0.027660770 -0.000297792 0.999607980
13.000000 -3.914455652 -0.477666646 97.009376526 0.004048759 -0.028023802 0.000040899 0.999599040
13.100000 -3.950661659 -0.481716007 97.616516113 0.003584577 -0.028406631 0.000243848 0.999589980
13.200000 -3.992812634 -0.483428001 98.208702087 0.003782897 -0.028546831 0.000113216 0.999585271
13.300000 -4.017698765 -0.481592149 98.794479370 0.003913389 -0.028833406 0.000247366 0.999576569
13.400000 -4.052908897 -0.486662656 99.405654907 0.004046143 -0.029245850 0.000674235 0.999563813
13.500000 -4.082641602 -0.491437674 99.996971130 0.004161437 -0.029377853 0.000504178 0.999559581
13.600000 -4.131709576 -0.494883686 100.637229919 0.004227093 -0.029687416 0.000958164 0.999549866
13.700000 -4.173706532 -0.497441620 101.240394592 0.004071016 -0.029828319 0.000866495 0.999546349
13.800000 -4.218972206 -0.504878998 101.861885071 0.003922537 -0.030052219 0.000515344 0.999540508
13.900000 -4.254962921 -0.506799102 102.486167908 0.003797032 -0.030374466 0.000367152 0.999531269
14.000000 -4.298766613 -0.507545054 103.107460022 0.003981141 -0.030432438 0.000489868 0.999528766
14.100000 -4.339018822 -0.523762226 103.728759766 0.004046908 -0.030730123 0.000468924 0.999519408
14.200000 -4.385197639 -0.518135607 104.378356934 0.004182578 -0.030911542 0.000498194 0.999513268
14.300000 -4.430942535 -0.513492346 105.010635376 0.004387048 -0.031047285 0.000243447 0.999508262
14.400000 -4.467579365 -0.523049057 105.652244568 0.004033642 -0.031415928 0.000251307 0.999498248
14.500000 -4.513208389 -0.526195228 106.300338745 0.003590741 -0.031631202 0.000315780 0.999493122
14.600000 -4.559357643 -0.529207051 106.931076050 0.003560865 -0.031827722 -0.000032112 0.999487042
14.700000 -4.600804329 -0.531562269 107.582946777 0.003731797 -0.032002963 0.000053111 0.999480784
14.800000 -4.644471645 -0.537887096 108.215339661 0.004060667 -0.032288942 -0.000070896 0.999470353
14.900000 -4.686375141 -0.540058494 108.863830566 0.004248708 -0.032795537 -0.000221138 0.999453068
15.000000 -4.730967045 -0.543138206 109.501625061 0.004032593 -0.033208653 0.000006357 0.999440312
15.100000 -4.779110432 -0.554347634 110.142700195 0.004009034 -0.034021944 -0.000443079 0.999412954
15.200000 -4.829071522 -0.561244965 110.784805298 0.004000749 -0.035045452 -0.000105761 0.999377728
15.300000 -4.877746582 -0.558321238 111.433380127 0.004606648 -0.036169771 -0.000628875 0.999334872
15.400000 -4.934811592 -0.563771844 112.073158264 0.004921124 -0.037327252 -0.001403297 0.999289989
15.500000 -4.990272045 -0.570527554 112.726646423 0.004986299 -0.038507868 -0.001418825 0.999244869
15.600000 -5.044390678 -0.575332582 113.372192383 0.005069932 -0.039626341 -0.001797486 0.999200106
15.700000 -5.112754822 -0.572181165 114.045951843 0.005053276 -0.040815365 -0.001328468 0.999153018
15.800000 -5.171883106 -0.583922863 114.706535339 0.004573510 -0.041942392 -0.001255480 0.999108791
15.900000 -5.231789589 -0.582727432 115.367195129 0.004924322 -0.042939782 -0.001260055 0.999064744
16.000000 -5.303575993 -0.584209979 116.072570801 0.005075042 -0.043870278 -0.001355102 0.999023438
16.100000 -5.369753361 -0.589118600 116.745964050 0.005193244 -0.044703670 -0.001359728 0.998985887
16.200000 -5.425020695 -0.584443748 117.448921204 0.005672053 -0.045560926 -0.000997712 0.998944938
16.300000 -5.494639874 -0.592844605 118.171272278 0.006113762 -0.046162989 -0.001409499 0.998914242
16.400000 -5.552322865 -0.604838848 118.889709473 0.006200010 -0.047128197 -0.001170923 0.998868942
16.500000 -5.646558762 -0.608688235 119.616180420 0.006693930 -0.047442034 -0.001200846 0.998850822
16.600000 -5.715290546 -0.605163217 120.370872498 0.006952101 -0.048202418 -0.001211491 0.998812675
16.700000 -5.793817043 -0.620779991 121.119880676 0.006523977 -0.048825059 -0.001419578 0.998785019
16.800000 -5.896191597 -0.612149954 121.843299866 0.007015747 -0.049564593 -0.001279522 0.998745441
16.900000 -5.960613728 -0.617236137 122.646034241 0.007395395 -0.050036643 -0.000924393 0.998719573
17.000000 -6.079906464 -0.646588206 123.347953796 0.007379969 -0.050595023 0.000284949 0.998691916
17.100000 -6.100594997 -0.579874516 124.250907898 0.007785032 -0.051682506 -0.000525399 0.998633087
17.200000 -6.217328072 -0.617705107 125.065185547 0.006951408 -0.052434016 -0.001510244 0.998599052
17.300000 -6.313370228 -0.644899070 125.859161377 0.006489614 -0.053096738 -0.001589427 0.998567045
17.400000 -6.385885239 -0.650470495 126.662620544 0.006590176 -0.053864870 -0.001777218 0.998524904
17.500000 -6.506814480 -0.637334347 127.555892944 0.006891671 -0.054712228 -0.002050366 0.998476267
17.600000 -6.607607365 -0.639702678 128.416229248 0.006925777 -0.055265624 -0.001969498 0.998445690
17.700000 -6.730243683 -0.645175219 129.283020020 0.007397974 -0.055490911 -0.001719647 0.998430312
17.800000 -6.800737858 -0.652281642 130.182586670 0.007247929 -0.056282178 -0.001701863 0.998387098
17.900000 -6.901333809 -0.660503983 131.065399170 0.006708218 -0.056662422 -0.002090505 0.998368621
18.000000 -7.014330387 -0.648688674 131.974105835 0.005967071 -0.056893889 -0.002837381 0.998358369
18.100000 -7.135805130 -0.660571098 132.902374268 0.005168139 -0.057408512 -0.002150386 0.998335063
18.200000 -7.232859612 -0.666907430 133.812988281 0.005260931 -0.058094196 -0.002318086 0.998294532
18.300000 -7.340825081 -0.677314520 134.745223999 0.005720146 -0.058545448 -0.002023316 0.998266280
18.400000 -7.454830170 -0.682103157 135.669219971 0.005813712 -0.059067756 -0.002248754 0.998234510
18.500000 -7.592033386 -0.678949535 136.625030518 0.005499095 -0.059257720 -0.001538322 0.998226404
18.600000 -7.728178024 -0.670128703 137.555297852 0.005427644 -0.059389703 -0.001501515 0.998218954
18.700000 -7.819370270 -0.697600245 138.498611450 0.005379511 -0.060263958 -0.000690812 0.998167753
18.800000 -7.909110069 -0.716021836 139.460067749 0.005574898 -0.060935177 -0.000661257 0.998125970
18.900000 -8.068309784 -0.716764450 140.422607422 0.005627831 -0.061010037 0.000194603 0.998121262
19.000000 -8.195392609 -0.722361207 141.414276123 0.006533370 -0.061345931 0.000733171 0.998094916
19.100000 -8.316430092 -0.731431842 142.343444824 0.007100991 -0.061674550 0.001032366 0.998070538
19.200000 -8.444211960 -0.730510592 143.333572388 0.006983717 -0.062253922 0.001532936 0.998034716
19.300000 -8.582239151 -0.758751035 144.317443848 0.006372483 -0.062749662 0.001579502 0.998007715
19.400000 -8.709379196 -0.744457126 145.306808472 0.006910756 -0.063224800 0.001174011 0.997974694
19.500000 -8.837222099 -0.756501198 146.338195801 0.007122235 -0.063486747 0.000286174 0.997957230
19.600000 -8.974407196 -0.757315636 147.359741211 0.006744752 -0.063809045 -0.000820728 0.997938991
19.700000 -9.125826836 -0.762942076 148.387130737 0.006545533 -0.063643135 -0.001798267 0.997949600
19.800000 -9.255954742 -0.770673156 149.408798218 0.006422085 -0.063952096 -0.002530855 0.997929096
19.900000 -9.423331261 -0.780629754 150.460037231 0.007241306 -0.063854270 -0.003101280 0.997928143
20.000000 -9.524315834 -0.810595155 151.531524658 0.007243998 -0.064139277 -0.002758350 0.997910857
20.100000 -9.680719376 -0.790732741 152.558746338 0.007065677 -0.064039305 -0.002679660 0.997918785
20.200000 -9.817833900 -0.812821746 153.620162964 0.005930251 -0.064024664 -0.002264172 0.997928143
20.300000 -9.955750465 -0.808279097 154.722961426 0.005373530 -0.064345688 -0.001318792 0.997912347
20.400000 -10.099811554 -0.807019591 155.813247681 0.005435014 -0.064565726 -0.000531873 0.997898519
20.500000 -10.243709564 -0.814033687 156.905975342 0.005725579 -0.064840302 0.000751166 0.997878909
20.600000 -10.389634132 -0.821195781 157.981079102 0.004456040 -0.065042876 0.000994048 0.997872055
20.700000 -10.542551994 -0.823239326 159.083801270 0.003496786 -0.065274321 0.001408711 0.997860253
20.800000 -10.682561874 -0.833530247 160.195999146 0.004104825 -0.065641314 0.001316933 0.997833967
20.900000 -10.828317642 -0.840207338 161.297027588 0.005937573 -0.065859832 0.000973993 0.997810721
21.000000 -10.978260994 -0.850293636 162.399032593 0.007175406 -0.066260301 -0.000018124 0.997776568
21.100000 -11.139750481 -0.861977816 163.519775391 0.007090272 -0.066470377 -0.000529169 0.997763038
21.200000 -11.285333633 -0.877238512 164.618896484 0.005892904 -0.066682056 -0.001489765 0.997755766
21.300000 -11.468760490 -0.868565977 165.740112305 0.005495514 -0.066485390 -0.002103720 0.997770071
21.400000 -11.599340439 -0.888237059 166.874679565 0.004794352 -0.067014866 -0.001269817 0.997739673
21.500000 -11.756470680 -0.890155137 168.004745483 0.005093998 -0.067202166 -0.001729249 0.997724891
21.600000 -11.904213905 -0.897248626 169.114181519 0.005356666 -0.067708991 -0.001308550 0.997689903
21.700000 -12.079932213 -0.892479420 170.242431641 0.005693106 -0.067628652 -0.001486263 0.997693241
21.800000 -12.229040146 -0.904274583 171.394546509 0.006240761 -0.067975886 -0.001022894 0.997666895
21.900000 -12.403674126 -0.910399079 172.509735107 0.007338331 -0.067989185 -0.001006291 0.997658551
22.000000 -12.551548958 -0.911601186 173.672241211 0.008059080 -0.068354078 -0.000068036 0.997628570
22.100000 -12.715808868 -0.926591158 174.820755005 0.007658939 -0.068680868 0.000510762 0.997609138
22.200000 -12.885356903 -0.944530487 176.010986328 0.007171937 -0.068758510 0.001033077 0.997607052
22.300000 -13.048708916 -0.951203346 177.187118530 0.006269531 -0.068994150 0.001036469 0.997596800
22.400000 -13.224528313 -0.965475082 178.375183105 0.006061372 -0.069003008 0.001453925 0.997596979
22.500000 -13.396866798 -0.979702890 179.556091309 0.005293076 -0.069160253 0.001643638 0.997590184
22.600000 -13.562268257 -0.981806278 180.725906372 0.004947589 -0.069499165 0.001490981 0.997568607
22.700000 -13.735713005 -0.988347828 181.921905518 0.004409389 -0.069282018 0.001354170 0.997586429
22.800000 -13.910473824 -0.991801798 183.111389160 0.004858639 -0.068850793 0.001451494 0.997614086
22.900000 -14.075909615 -1.005176902 184.307983398 0.005232171 -0.068483323 0.000623793 0.997638345
23.000000 -14.251834869 -1.003680468 185.514785767 0.004947235 -0.067794740 0.000714637 0.997686744
23.100000 -14.424047470 -1.007477760 186.736999512 0.004874723 -0.067187458 0.000118181 0.997728467
23.200000 -14.594186783 -1.016509414 187.936248779 0.005925498 -0.066516474 0.000265052 0.997767687
23.300000 -14.763887405 -1.022181988 189.159454346 0.006264047 -0.066218212 -0.000313146 0.997785449
23.400000 -14.928968430 -1.029612780 190.366302490 0.004813260 -0.065476723 -0.000177463 0.997842491
23.500000 -15.108185768 -1.028059721 191.598068237 0.004472855 -0.064730391 -0.000565454 0.997892618
23.600000 -15.275337219 -1.036565185 192.845260620 0.004741129 -0.064215459 -0.000227073 0.997924745
23.700000 -15.445926666 -1.043489933 194.084503174 0.005028723 -0.063739531 0.000063286 0.997953892
23.800000 -15.608822823 -1.050321937 195.339050293 0.004610422 -0.063785650 0.000506185 0.997952878
23.900000 -15.775001526 -1.060815811 196.585571289 0.004318547 -0.063779280 0.000942632 0.997954249
24.000000 -15.941824913 -1.065770864 197.852722168 0.004411673 -0.063867271 0.001332883 0.997947752
24.100000 -16.123600006 -1.072118044 199.117446899 0.004606080 -0.063875407 0.001707131 0.997945786
24.200000 -16.285594940 -1.079566479 200.393981934 0.004641810 -0.063849561 0.001795155 0.997947097
24.300000 -16.473865509 -1.063651204 201.699737549 0.005070336 -0.063785136 0.001879902 0.997949004
24.400000 -16.621562958 -1.088813066 202.954101562 0.004531701 -0.063895091 0.002317731 0.997943640
24.500000 -16.797292709 -1.086089015 204.255187988 0.004707010 -0.063957483 0.002391108 0.997938633
24.600000 -16.976879120 -1.096269965 205.561904907 0.003958677 -0.063762791 0.002177775 0.997954845
24.700000 -17.153915405 -1.102726936 206.865432739 0.004242586 -0.063744709 0.001797119 0.997955561
24.800000 -17.327909470 -1.106554389 208.218750000 0.005344414 -0.063814409 0.002475913 0.997944415
24.900000 -17.498584747 -1.103483677 209.542221069 0.006268568 -0.064069822 0.002858998 0.997921646
25.000000 -17.681926727 -1.116024613 210.875946045 0.005617312 -0.063905843 0.003802805 0.997932851
25.100000 -17.854909897 -1.122993469 212.202102661 0.004755545 -0.064130865 0.004644097 0.997919381
25.200000 -18.034679413 -1.127708197 213.542999268 0.004571746 -0.064091124 0.005092992 0.997920573
25.300000 -18.216184616 -1.125920177 214.912139893 0.004174297 -0.064298511 0.005791059 0.997905195
25.400000 -18.397270203 -1.140909195 216.250473022 0.004019693 -0.064271927 0.005463225 0.997909367
25.500000 -18.580234528 -1.170112491 217.600341797 0.003678948 -0.064371571 0.004805080 0.997907639
25.600000 -18.740890503 -1.150868416 218.874603271 0.004738407 -0.064794660 0.006617098 0.997865438
25.700000 -18.931613922 -1.147201777 220.251449585 0.004334334 -0.065058932 0.008069890 0.997839391
25.800000 -19.114025116 -1.166756511 221.597808838 0.001243607 -0.065250605 0.008746820 0.997829795
25.900000 -19.283061981 -1.168459177 222.905853271 0.000040864 -0.065770894 0.008178448 0.997801244
26.000000 -19.472087860 -1.176159263 224.230728149 0.002156987 -0.065706998 0.006808232 0.997813404
26.100000 -19.653430939 -1.182117820 225.550018311 0.003408789 -0.065652467 0.004542362 0.997826397
26.200000 -19.804414749 -1.183432698 226.838409424 0.002810213 -0.066124663 0.003588007 0.997800946
26.300000 -20.020927429 -1.191286087 228.235778809 0.001440846 -0.066116467 0.002829160 0.997806847
26.400000 -20.200290680 -1.187646151 229.578582764 0.000740295 -0.065953299 0.002475788 0.997819364
26.500000 -20.377277374 -1.203837156 230.941619873 0.000841569 -0.065530397 0.001958709 0.997848272
26.600000 -20.589323044 -1.197569251 232.260513306 0.001209785 -0.065019891 0.001676177 0.997881830
26.700000 -20.778308868 -1.193909407 233.603469849 0.001648549 -0.064783685 0.001942741 0.997896075
26.800000 -20.941207886 -1.198982954 234.919174194 0.001731809 -0.064803645 0.002697728 0.997892916
26.900000 -21.126544952 -1.209931612 236.227844238 0.001516630 -0.064937212 0.002883785 0.997884035
27.000000 -21.288330078 -1.209773540 237.581619263 0.001495086 -0.065708414 0.003648312 0.997831047
27.100000 -21.489532471 -1.213513613 238.939559937 0.001360487 -0.066311263 0.003294014 0.997792602
27.200000 -21.661018372 -1.213229179 240.274368286 0.001498298 -0.066858426 0.003428753 0.997755468
27.300000 -21.832477570 -1.214730740 241.608856201 0.001594066 -0.067304395 0.003456537 0.997725248
27.400000 -22.054685593 -1.226836681 242.916763306 0.001636816 -0.067336179 0.003007052 0.997724473
27.500000 -22.226104736 -1.248756289 244.229095459 0.001551895 -0.067418531 0.002660297 0.997720003
27.600000 -22.433467865 -1.235364079 245.579483032 0.001865900 -0.067601010 0.002905621 0.997706413
27.700000 -22.608043671 -1.262311220 246.898620605 0.001441482 -0.067683995 0.002149651 0.997703433
27.800000 -22.792421341 -1.264986038 248.212936401 0.001387116 -0.067579016 0.002302536 0.997710288
27.900000 -23.000238419 -1.252777338 249.550003052 0.001560889 -0.067702711 0.002555585 0.997701049
28.000000 -23.190845490 -1.253192425 250.918960571 0.001462902 -0.067754604 0.003085934 0.997696161
28.100000 -23.366352081 -1.229711294 252.246658325 0.001945750 -0.068062164 0.003607975 0.997672617
28.200000 -23.568687439 -1.257963300 253.578750610 0.002063025 -0.068189777 0.003581877 0.997663796
28.300000 -23.761428833 -1.257140398 254.943679810 0.001957892 -0.068181261 0.003721906 0.997664094
28.400000 -23.953727722 -1.269481182 256.281372070 0.001813198 -0.068384334 0.003596546 0.997650921
28.500000 -24.153972626 -1.262176991 257.656097412 0.002124304 -0.068445161 0.003296535 0.997647166
28.600000 -24.333110809 -1.276258469 258.970214844 0.001951888 -0.068487890 0.003221837 0.997644842
28.700000 -24.531147003 -1.271524191 260.281707764 0.001652655 -0.068512745 0.002975444 0.997644424
28.800000 -24.699851990 -1.276703238 261.511413574 0.001169539 -0.068472512 0.002923261 0.997648001
28.900000 -24.860141754 -1.289605141 262.746215820 0.000792005 -0.068544053 0.003121166 0.997642875
29.000000 -25.109577179 -1.289811611 264.289337158 0.000741446 -0.068711616 0.002766707 0.997632444
29.100000 -25.312709808 -1.128273249 265.628723145 0.001219986 -0.068762839 0.003324129 0.997626781
29.200000 -25.501701355 -1.276710272 266.995391846 0.000646256 -0.068848096 0.002602632 0.997623563
29.300000 -25.693897247 -1.308773756 268.254943848 0.000859343 -0.068757311 0.002021924 0.997631013
29.400000 -25.876363754 -1.300528407 269.629821777 0.001943925 -0.068824172 0.002191668 0.997624516
29.500000 -26.114486694 -1.278540134 271.025115967 0.002467210 -0.068818033 0.001961770 0.997624278
29.600000 -26.315780640 -1.270869493 272.324401855 0.001865301 -0.068580650 0.002034007 0.997641742
