2.600000 0.0000000 0.0000000 0.0000000 0.0000000 0.0000000 0.0000000 1.0000000
2.700000 -0.0101908 -0.0070076 1.4718219 0.0001003 -0.0002557 0.0001220 0.9999999
2.800000 -0.0220125 -0.0069777 2.9227083 0.0003567 -0.0005688 -0.0000330 0.9999998
2.900000 -0.0285678 -0.0123880 4.3595438 -0.0000954 -0.0009737 -0.0004670 0.9999994
3.000000 -0.0442059 -0.0230945 5.7901659 -0.0008054 -0.0013592 -0.0008392 0.9999984
3.100000 -0.0587550 -0.0279007 7.1984439 -0.0012577 -0.0015568 -0.0010028 0.9999975
3.200000 -0.0665587 -0.0336317 8.5834494 -0.0010690 -0.0019278 -0.0011132 0.9999970
3.300000 -0.0872685 -0.0387401 9.9401760 -0.0002670 -0.0022503 -0.0011013 0.9999968
3.400000 -0.0951225 -0.0483273 11.2812386 0.0001528 -0.0029186 -0.0006989 0.9999955
3.500000 -0.1135261 -0.0500568 12.6226387 0.0003151 -0.0033374 -0.0005078 0.9999943
3.600000 -0.1312740 -0.0595107 13.9356804 0.0000540 -0.0038925 -0.0004761 0.9999923
3.700000 -0.1484530 -0.0645775 15.2466364 -0.0005784 -0.0043249 -0.0005277 0.9999903
3.900000 -0.1855020 -0.0679715 17.8322735 -0.0000071 -0.0055206 -0.0013062 0.9999839
4.100000 -0.2299470 -0.0792147 20.3700218 0.0008313 -0.0066638 -0.0011804 0.9999768
4.300000 -0.2873342 -0.0922479 22.8576336 0.0012670 -0.0077578 -0.0009367 0.9999686
4.500000 -0.3497599 -0.0943880 25.3422737 0.0016878 -0.0088226 -0.0007173 0.9999594
4.700000 -0.4158700 -0.1150282 27.7931499 0.0028706 -0.0100046 -0.0002662 0.9999458
4.900000 -0.4875783 -0.1286359 30.2066422 0.0021417 -0.0110515 -0.0004754 0.9999365
5.000000 -0.5225834 -0.1328707 31.4087067 0.0019013 -0.0116404 -0.0009542 0.9999300
5.100000 -0.5546756 -0.1464589 32.5942001 0.0017546 -0.0122046 -0.0011551 0.9999233
5.300000 -0.6332093 -0.1598038 34.9531822 0.0017810 -0.0131879 -0.0011285 0.9999108
5.600000 -0.7408456 -0.1762342 38.4226494 0.0011160 -0.0150342 0.0001113 0.9998863
5.900000 -0.8629193 -0.1972666 41.7788734 0.0004113 -0.0166248 0.0007215 0.9998615
6.200000 -1.0091156 -0.2078790 45.0094986 -0.0004441 -0.0179391 0.0000971 0.9998389
6.500000 -1.1422025 -0.2215813 48.0957870 0.0011122 -0.0193040 -0.0007910 0.9998127
6.700000 -1.2387207 -0.2358170 50.0743179 0.0011119 -0.0202617 -0.0012540 0.9997933
7.000000 -1.3793957 -0.2509188 52.9745903 0.0012080 -0.0215856 -0.0019318 0.9997644
7.200000 -1.4754246 -0.2584360 54.8473282 0.0009824 -0.0226591 -0.0019262 0.9997409
7.400000 -1.5832068 -0.2717892 56.7037659 0.0011169 -0.0235625 -0.0018260 0.9997201
7.600000 -1.6774772 -0.2823497 58.5243950 0.0006966 -0.0248126 -0.0017163 0.9996904
7.800000 -1.7810050 -0.2896226 60.2883453 0.0011039 -0.0258442 -0.0018634 0.9996637
8.100000 -1.9273272 -0.3085543 62.8884430 0.0015380 -0.0268293 -0.0021597 0.9996365
8.300000 -2.0310845 -0.3135020 64.6021957 0.0015735 -0.0274660 -0.0022645 0.9996189
8.600000 -2.1847410 -0.3253150 67.1564102 0.0009949 -0.0285678 -0.0024952 0.9995883
8.800000 -2.2887912 -0.3347006 68.8285828 0.0009283 -0.0289987 -0.0025027 0.9995759
9.000000 -2.3949347 -0.3334099 70.4877548 0.0008754 -0.0294383 -0.0026025 0.9995629
9.200000 -2.5085883 -0.3421969 72.1077118 0.0005222 -0.0295496 -0.0024371 0.9995602
9.500000 -2.6514192 -0.3495227 74.4815979 0.0009417 -0.0289547 -0.0018039 0.9995787
9.700000 -2.7498336 -0.3584010 76.0038147 0.0004782 -0.0285845 -0.0004983 0.9995911
9.900000 -2.8398581 -0.3630101 77.4730225 0.0000869 -0.0281975 0.0003844 0.9996023
10.100000 -2.9214330 -0.3650022 78.9249649 0.0010696 -0.0280906 0.0006356 0.9996046
10.300000 -3.0057411 -0.3753230 80.3239441 0.0023338 -0.0276716 0.0013349 0.9996135
10.400000 -3.0513694 -0.3822614 81.0183716 0.0026369 -0.0273578 0.0010509 0.9996217
10.600000 -3.1327806 -0.3895363 82.3922348 0.0019171 -0.0270524 0.0007369 0.9996319
10.800000 -3.2179072 -0.3973968 83.7362061 0.0020575 -0.0262779 -0.0000606 0.9996526
11.000000 -3.2860458 -0.4072708 85.0422363 0.0026192 -0.0247813 -0.0007492 0.9996892
11.200000 -3.3595195 -0.4114374 86.3296585 0.0023109 -0.0233940 -0.0015361 0.9997225
11.400000 -3.4173975 -0.4233702 87.5649643 0.0022702 -0.0220856 -0.0013703 0.9997526
11.600000 -3.4744837 -0.4301915 88.7838058 0.0025082 -0.0209228 -0.0013666 0.9997770
11.900000 -3.5556948 -0.4388717 90.5845947 0.0024600 -0.0200419 -0.0010987 0.9997955
12.100000 -3.6114802 -0.4449893 91.7733917 0.0019960 -0.0212665 -0.0006425 0.9997717
12.400000 -3.7076960 -0.4584326 93.5339050 0.0019196 -0.0245729 -0.0003821 0.9996961
12.600000 -3.7731240 -0.4618313 94.6900330 0.0028670 -0.0264388 -0.0003583 0.9996462
12.800000 -3.8397582 -0.4674055 95.8474884 0.0038771 -0.0276865 0.0000552 0.9996091
13.100000 -3.9506621 -0.4817160 97.6165161 0.0035846 -0.0284066 0.0002438 0.9995900
13.400000 -4.0529079 -0.4866627 99.4056549 0.0040461 -0.0292458 0.0006742 0.9995638
13.700000 -4.1737065 -0.4974415 101.2403870 0.0040710 -0.0298283 0.0008665 0.9995463
14.000000 -4.2987661 -0.5075450 103.1074600 0.0039811 -0.0304324 0.0004899 0.9995288
14.200000 -4.3851981 -0.5181357 104.3783493 0.0041826 -0.0309115 0.0004982 0.9995133
14.400000 -4.4675798 -0.5230491 105.6522522 0.0040336 -0.0314159 0.0002513 0.9994982
14.700000 -4.6008053 -0.5315625 107.5829620 0.0037318 -0.0320030 0.0000531 0.9994808
15.000000 -4.7309680 -0.5431384 109.5016327 0.0040326 -0.0332087 0.0000064 0.9994403
15.400000 -4.9348102 -0.5637719 112.0731583 0.0049211 -0.0373273 -0.0014033 0.9992900
15.700000 -5.1127548 -0.5721813 114.0459442 0.0050533 -0.0408154 -0.0013285 0.9991530
16.000000 -5.3035760 -0.5842099 116.0725708 0.0050750 -0.0438703 -0.0013551 0.9990234
16.300000 -5.4946380 -0.5928441 118.1712494 0.0061138 -0.0461630 -0.0014095 0.9989142
16.600000 -5.7152910 -0.6051631 120.3708725 0.0069521 -0.0482024 -0.0012115 0.9988127
16.900000 -5.9606104 -0.6172357 122.6460114 0.0073954 -0.0500366 -0.0009244 0.9987196
17.200000 -6.2173295 -0.6177053 125.0651932 0.0069514 -0.0524340 -0.0015102 0.9985991
17.500000 -6.5068140 -0.6373341 127.5558929 0.0068917 -0.0547122 -0.0020504 0.9984763
17.800000 -6.8007426 -0.6522819 130.1826172 0.0072479 -0.0562822 -0.0017019 0.9983872
18.100000 -7.1358032 -0.6605707 132.9023590 0.0051681 -0.0574085 -0.0021504 0.9983351
18.500000 -7.5920353 -0.6789496 136.6250610 0.0054991 -0.0592577 -0.0015383 0.9982264
18.900000 -8.0683088 -0.7167647 140.4226074 0.0056278 -0.0610100 0.0001946 0.9981213
19.200000 -8.4442120 -0.7305106 143.3335724 0.0069837 -0.0622539 0.0015329 0.9980347
19.500000 -8.8372221 -0.7565010 146.3381958 0.0071222 -0.0634867 0.0002862 0.9979572
19.800000 -9.2559595 -0.7706734 149.4088135 0.0064221 -0.0639521 -0.0025309 0.9979291
20.100000 -9.6807175 -0.7907326 152.5587463 0.0070657 -0.0640393 -0.0026797 0.9979188
20.300000 -9.9557476 -0.8082787 154.7229309 0.0053735 -0.0643457 -0.0013188 0.9979123
20.600000 -10.3896360 -0.8211960 157.9810944 0.0044560 -0.0650429 0.0009940 0.9978721
20.800000 -10.6825628 -0.8335303 160.1959839 0.0041048 -0.0656413 0.0013169 0.9978340
21.000000 -10.9782658 -0.8502936 162.3990326 0.0071754 -0.0662603 -0.0000181 0.9977766
21.200000 -11.2853298 -0.8772389 164.6188965 0.0058929 -0.0666821 -0.0014898 0.9977558
21.400000 -11.5993376 -0.8882370 166.8746643 0.0047944 -0.0670149 -0.0012698 0.9977397
21.600000 -11.9042196 -0.8972484 169.1142120 0.0053567 -0.0677090 -0.0013086 0.9976899
21.800000 -12.2290335 -0.9042746 171.3945465 0.0062408 -0.0679759 -0.0010229 0.9976669
22.000000 -12.5515480 -0.9116017 173.6722565 0.0080591 -0.0683541 -0.0000680 0.9976286
22.200000 -12.8853540 -0.9445301 176.0109711 0.0071719 -0.0687585 0.0010331 0.9976070
22.400000 -13.2245293 -0.9654753 178.3751831 0.0060614 -0.0690030 0.0014539 0.9975970
22.600000 -13.5622683 -0.9818066 180.7259216 0.0049476 -0.0694992 0.0014910 0.9975686
22.800000 -13.9104757 -0.9918017 183.1113892 0.0048586 -0.0688508 0.0014515 0.9976141
23.000000 -14.2518368 -1.0036805 185.5148010 0.0049472 -0.0677947 0.0007146 0.9976867
23.200000 -14.5941849 -1.0165093 187.9362640 0.0059255 -0.0665165 0.0002651 0.9977677
23.400000 -14.9289713 -1.0296128 190.3663177 0.0048133 -0.0654767 -0.0001775 0.9978425
23.600000 -15.2753429 -1.0365653 192.8452759 0.0047411 -0.0642155 -0.0002271 0.9979247
23.800000 -15.6088171 -1.0503221 195.3390656 0.0046104 -0.0637857 0.0005062 0.9979528
24.000000 -15.9418316 -1.0657705 197.8527222 0.0044117 -0.0638673 0.0013329 0.9979478
24.200000 -16.2855930 -1.0795665 200.3939819 0.0046418 -0.0638496 0.0017952 0.9979471
24.400000 -16.6215630 -1.0888133 202.9541321 0.0045317 -0.0638951 0.0023177 0.9979436
24.600000 -16.9768791 -1.0962698 205.5619202 0.0039587 -0.0637628 0.0021778 0.9979548
24.800000 -17.3279114 -1.1065543 208.2187500 0.0053444 -0.0638144 0.0024759 0.9979444
25.000000 -17.6819267 -1.1160244 210.8759460 0.0056173 -0.0639058 0.0038028 0.9979329
25.200000 -18.0346813 -1.1277087 213.5430145 0.0045717 -0.0640911 0.0050930 0.9979206
25.400000 -18.3972702 -1.1409094 216.2505035 0.0040197 -0.0642719 0.0054632 0.9979094
25.600000 -18.7408905 -1.1508685 218.8746033 0.0047384 -0.0647947 0.0066171 0.9978654
25.800000 -19.1140251 -1.1667565 221.5978088 0.0012436 -0.0652506 0.0087468 0.9978298
26.000000 -19.4720955 -1.1761595 224.2307587 0.0021570 -0.0657070 0.0068082 0.9978134
26.300000 -20.0209351 -1.1912861 228.2357788 0.0014408 -0.0661165 0.0028292 0.9978068
26.600000 -20.5893230 -1.1975693 232.2605133 0.0012098 -0.0650199 0.0016762 0.9978818
26.800000 -20.9412155 -1.1989830 234.9191742 0.0017318 -0.0648036 0.0026977 0.9978929
27.100000 -21.4895363 -1.2135135 238.9395599 0.0013605 -0.0663113 0.0032940 0.9977926
27.400000 -22.0546837 -1.2268369 242.9167633 0.0016368 -0.0673362 0.0030071 0.9977245
27.600000 -22.4334660 -1.2353644 245.5794983 0.0018659 -0.0676010 0.0029056 0.9977065
27.900000 -23.0002403 -1.2527773 249.5499878 0.0015609 -0.0677027 0.0025556 0.9977010
28.200000 -23.5686855 -1.2579634 253.5787659 0.0020630 -0.0681898 0.0035819 0.9976638
28.400000 -23.9537258 -1.2694812 256.2813721 0.0018132 -0.0683843 0.0035965 0.9976509
28.700000 -24.5311432 -1.2715242 260.2816772 0.0016527 -0.0685127 0.0029754 0.9976444
29.000000 -25.1095848 -1.2898117 264.2893677 0.0007414 -0.0687116 0.0027667 0.9976324
29.500000 -26.1144943 -1.2785404 271.0251465 0.0024672 -0.0688180 0.0019618 0.9976243
