000036 0 340 181 457 245 1.507564
000037 0 340 181 457 245 1.507564
000038 0 152 186 377 296 0.91093
000039 0 0 190 304 356 0.951131
000040 0 0 198 165 373 0.469729
000041 0 0 198 165 373 0.469729
000071 3 612 168 640 193 1.26223
000072 3 612 168 640 193 1.218163
000073 3 612 167 641 193 1.181806
000074 3 611 167 640 193 1.067021
000075 3 610 166 640 193 0.986245
000075 4 456 173 511 209 1.128953
000078 3 609 165 640 193 0.986213
000080 3 608 165 640 194 0.905921
000080 4 281 176 418 253 0.818044
000081 3 607 166 640 195 0.866928
000082 1 513 171 569 214 1.561327
000082 3 607 167 639 197 1.059219
000083 1 510 172 567 216 1.365531
000083 3 606 168 639 198 1.016669
000084 1 507 173 566 218 1.599625
000084 3 606 169 639 199 1.089686
000085 1 504 174 564 220 1.578532
000085 3 605 169 640 200 1.05284
000086 1 500 174 563 221 1.544785
000086 3 605 169 640 200 1.018867
000086 1 497 174 562 222 1.664085
000086 3 605 169 640 201 1.134507
000087 1 493 173 561 224 1.547157
000089 1 489 173 560 225 1.513139
000089 3 604 169 640 202 1.065431
000090 1 485 173 558 226 1.541715
000090 3 604 169 640 202 1.065682
000090 5 458 161 515 205 1.645585
000091 1 480 173 557 228 1.609643
000091 5 439 161 504 210 1.988677
000092 1 475 173 555 229 1.471575
000094 1 469 173 552 233 1.306963
000094 5 349 159 457 232 0.795878
000095 1 466 173 551 235 1.296614
000096 1 462 174 549 238 1.208754
000096 5 214 155 399 268 1.577375
000097 1 458 175 548 240 1.175995
000097 5 74 152 349 304 0.640843
000098 5 0 140 274 368 0.847069
000099 1 443 178 542 250 1.141886
000100 1 438 179 541 253 1.207468
000101 1 432 179 541 256 1.082993
000102 1 427 179 540 259 1.082739
000103 1 420 180 539 263 1.04529
000104 1 414 180 538 266 1.00477
000105 1 407 180 536 269 1.006274
000106 1 401 180 534 272 1.021607
000107 1 394 178 532 272 0.968934
000109 1 387 177 530 275 0.939478
000110 1 379 177 528 278 0.93274
000111 1 370 176 526 282 0.913946
000112 1 362 177 524 286 0.945885
000112 2 489 174 556 225 1.108859
000113 1 344 178 519 296 0.924315
000113 2 484 174 554 226 1.096551
000114 1 335 179 517 301 0.857875
000114 2 482 174 553 227 1.064163
000115 1 324 180 514 307 0.797495
000116 1 315 180 512 312 0.761195
000118 1 305 181 509 318 0.735727
000119 1 295 182 507 324 0.704333
000120 1 285 182 504 330 0.878673
000120 2 471 174 549 232 2.104577
000121 1 273 183 501 337 0.748079
000121 2 469 175 548 233 2.135242
000122 1 265 182 500 339 0.823565
000122 2 467 175 547 234 2.112694
000123 1 257 181 498 341 0.762564
000123 2 465 175 546 236 2.142904
000124 1 248 181 497 343 0.951646
000124 2 463 175 545 236 1.629215
000125 1 233 181 494 349 1.003199
000125 2 459 175 543 237 2.232694
000125 3 592 167 641 212 1.239352
000126 1 227 181 492 353 0.975627
000126 2 457 175 542 238 2.213058
000126 3 591 167 641 212 1.219649
000127 1 221 182 490 357 1.035378
000127 2 455 175 541 239 2.192407
000127 3 591 167 641 212 1.297507
000128 1 215 183 488 361 1.30257
000128 2 453 176 540 239 2.164436
000128 3 590 167 640 213 1.279652
000129 1 208 184 486 366 1.273905
000129 2 452 176 539 240 2.156995
000129 3 590 168 640 214 1.261794
000131 1 202 185 484 370 1.237186
000131 2 450 177 538 241 2.220194
000131 3 589 168 640 214 1.375518
000132 1 195 186 482 373 1.30208
000132 2 449 177 537 242 2.307533
000133 1 180 188 478 373 1.371272
000133 2 445 178 535 244 2.381867
000134 1 172 189 476 373 1.37709
000134 2 443 178 534 244 2.364926
000134 3 586 170 638 217 1.767508
000136 1 160 189 475 373 1.364237
000136 2 442 178 533 245 2.413406
000136 1 150 189 473 373 1.34854
000136 2 440 178 532 246 2.473049
000138 1 140 189 470 373 1.329701
000138 2 438 179 531 246 2.456247
000138 3 584 170 637 218 1.545158
000139 1 129 189 468 373 1.307522
000139 2 436 179 530 247 2.439173
000139 3 583 170 636 218 1.527894
000140 1 118 189 466 373 1.297123
000140 2 434 179 528 248 2.311381
000140 3 583 170 636 219 1.593877
000141 1 106 189 464 373 1.253576
000141 2 432 179 527 248 2.209509
000141 3 583 170 636 219 1.626904
000142 1 81 189 459 373 1.17744
000142 2 428 179 525 250 2.581232
000143 1 67 189 457 373 1.165581
000143 2 426 180 524 250 2.615302
000144 1 53 189 454 373 1.147225
000144 2 425 179 523 251 2.597672
000146 1 39 189 452 373 1.123455
000146 2 424 179 523 251 2.580872
000147 1 21 189 449 373 1.06927
000147 2 422 179 522 251 2.611075
000148 1 3 189 446 373 0.899521
000148 2 421 178 521 251 2.67407
000149 1 0 189 443 373 0.890164
000149 2 420 179 521 252 2.648763
000150 1 0 189 436 373 0.821257
000150 2 418 180 521 254 2.634497
000150 7 477 173 518 198 3.233598
000150 7 469 174 513 200 3.296596
000152 1 0 189 434 373 0.803487
000152 2 418 180 521 254 3.088019
000152 3 580 169 636 220 1.208397
000153 7 461 174 508 202 3.280841
000154 1 0 189 430 373 0.896943
000154 3 579 169 635 220 1.175421
000155 1 0 188 427 373 0.903487
000155 2 417 179 521 254 2.7312
000155 3 580 170 636 221 1.169225
000156 1 0 188 425 373 0.948383
000156 2 417 180 521 255 2.475109
000156 3 580 170 636 221 1.154182
000157 1 0 189 424 373 0.965702
000157 2 417 178 521 253 3.378031
000157 3 580 170 637 222 1.137284
000158 1 0 189 423 373 1.066089
000158 3 581 171 637 223 1.101114
000159 1 0 190 422 373 1.028229
000159 3 581 172 638 223 1.084364
000160 1 0 190 422 373 1.022335
000160 3 582 172 638 224 1.099807
000162 1 0 191 421 373 1.778758
000162 3 582 172 639 224 1.084148
000163 1 0 191 421 373 1.256196
000163 3 582 173 639 224 1.145105
000163 7 264 186 403 254 0.952735
000164 1 0 193 419 373 1.749801
000164 2 415 182 523 261 4.403417
000164 3 583 174 640 226 1.112192
000164 7 131 190 346 287 1.304568
000165 1 0 194 417 373 1.661137
000165 2 414 183 523 262 3.62719
000165 3 584 175 641 227 1.095823
000165 7 15 193 303 315 1.466557
000166 1 0 195 416 373 1.878433
000166 2 414 184 523 263 4.446897
000166 3 584 175 641 227 1.09718
000166 7 0 197 244 360 1.594357
000166 8 466 171 515 205 2.941721
000167 1 0 196 415 373 1.876287
000167 2 414 184 524 264 4.54636
000167 3 584 176 642 228 1.08057
000168 1 0 192 414 373 1.806714
000168 2 413 184 524 264 4.44939
000168 3 585 176 643 228 1.063682
000168 8 446 172 503 211 4.208354
000170 1 0 196 413 373 1.92161
000170 2 413 183 523 264 4.551648
000170 3 585 176 643 229 1.090776
000171 1 0 196 412 373 1.814823
000171 2 412 183 523 264 4.371436
000171 3 586 176 645 229 1.073416
000171 8 402 173 478 223 2.267476
000172 1 0 194 410 373 1.818303
000172 2 411 182 523 264 4.763734
000172 3 587 175 645 229 1.053403
000173 1 0 195 409 373 1.669241
000173 2 410 182 523 265 4.75445
000173 3 587 175 646 229 1.035783
000174 1 0 193 408 373 1.69831
000174 2 409 182 523 265 5.210225
000174 3 588 175 647 229 1.019276
000175 1 0 195 406 373 1.627691
000175 2 407 182 523 265 3.750275
000175 3 589 175 648 229 1.058383
000175 8 281 171 418 250 2.052038
000177 1 0 195 405 373 1.765214
000177 2 406 182 523 266 3.852855
000177 3 589 175 649 229 1.04082
000177 8 227 170 395 263 1.879361
000178 1 0 194 403 373 1.803751
000178 2 405 181 523 266 3.475363
000178 3 589 175 648 229 1.024452
000178 8 152 169 365 281 1.588699
000178 9 399 177 474 221 2.505983
000179 1 0 193 402 373 1.742861
000179 3 589 175 648 229 1.077009
000179 8 40 168 325 307 1.361589
000180 1 0 195 400 373 1.885686
000180 3 589 175 648 229 1.060324
000180 8 0 166 270 350 1.531797
000181 1 0 192 399 373 1.757068
000181 3 589 175 648 229 1.060402
000181 8 0 166 187 365 1.31905
000182 1 0 195 397 373 1.729145
000182 2 397 183 517 270 3.706434
000182 3 589 175 648 229 1.043797
000182 8 0 174 160 373 1.305288
000183 1 0 200 394 373 1.970171
000183 2 393 185 515 275 4.758506
000183 3 588 176 648 231 1.022024
000183 9 146 187 355 286 1.951596
000184 1 0 200 391 373 1.728067
000184 2 390 187 514 277 3.257097
000184 9 34 188 315 313 1.31479
000185 1 0 200 388 373 1.838979
000185 2 388 186 513 277 3.289017
000185 9 0 190 260 356 1.645694
000186 1 0 198 385 373 1.780164
000186 2 386 185 512 277 3.276756
000186 10 435 170 494 214 2.571494
000187 1 0 199 382 373 1.334116
000187 2 383 184 511 276 3.326319
000187 10 421 169 484 217 2.598566
000189 1 0 200 379 373 1.286701
000189 2 381 184 510 276 3.316298
000190 1 0 200 375 373 1.318276
000190 2 379 182 509 275 3.2703
000191 1 0 200 372 373 0.973758
000191 2 377 182 508 276 1.227217
000191 10 360 166 450 228 2.046949
000192 1 0 201 369 373 1.211202
000193 1 0 200 365 373 0.927915
000193 2 373 183 506 277 3.411349
000194 1 0 200 361 373 0.867792
000194 2 370 181 504 276 4.123233
000194 10 186 162 368 267 1.139256
000195 1 0 202 361 373 0.849924
000195 2 368 183 504 279 3.129067
000195 10 101 160 334 287 1.476809
000196 2 367 182 503 279 3.156615
000196 10 0 157 289 316 1.301736
000197 1 0 200 361 373 2.18421
000197 2 365 181 502 278 3.017707
000197 10 0 154 225 352 1.267847
000198 1 0 200 361 373 1.388338
000198 2 365 181 502 277 3.107176
000198 10 0 156 130 354 1.132716
000199 1 0 201 361 373 1.75762
000199 2 365 181 501 278 3.089638
000199 11 410 176 480 218 2.270585
000201 1 0 205 361 373 1.523013
000201 2 365 180 501 276 3.156054
000201 1 0 202 364 373 2.310427
000202 2 365 183 501 279 3.128666
000202 11 369 178 456 228 3.08509
000203 1 0 202 366 373 3.237892
000203 2 365 183 500 279 3.123925
000203 11 341 179 442 236 2.964295
000204 1 0 202 369 373 0.885113
000204 2 366 184 500 279 2.969625
000205 1 0 201 370 373 1.203794
000205 2 367 183 500 278 4.003736
000205 11 261 183 402 258 2.773252
000206 1 0 199 375 373 1.283983
000206 2 369 182 500 276 2.974517
000206 11 113 188 340 296 1.253574
000207 1 0 200 378 373 2.804352
000207 2 369 183 500 276 2.963197
000207 11 0 191 294 330 1.140444
000209 1 0 200 381 373 1.774646
000211 1 0 197 383 373 1.15833
000214 1 0 198 388 373 5.331441
000217 1 0 198 389 373 1.372854
000218 1 0 198 389 373 3.588705
000219 1 0 200 389 373 6.075373
000220 1 0 199 389 373 3.386787
000220 12 324 184 421 239 2.820927
000221 1 0 200 389 373 1.28514
000222 1 0 200 389 373 0.99804
000223 1 0 197 389 373 1.817986
000223 12 59 192 295 301 0.938477
000224 1 0 200 388 373 0.261318
000225 1 0 198 387 373 3.444429
000226 1 0 200 386 373 2.041506
000228 1 0 201 386 373 2.027853
000229 1 0 196 384 373 4.465022
000230 1 0 200 383 373 1.263015
000231 1 0 200 382 373 1.079932
000232 1 0 200 381 373 1.258651
000233 1 0 201 380 373 1.244447
000234 1 0 201 379 373 1.1955
000236 1 0 201 378 373 1.093237
000237 1 0 199 378 373 1.088289
000238 1 0 201 377 373 0.956696
000239 1 0 200 376 373 1.157365
000239 13 278 185 397 258 1.735101
000240 1 0 204 369 373 3.318805
000240 13 141 189 330 294 1.21881
000241 1 0 203 365 373 2.775628
000241 13 17 192 277 326 2.670849
000243 13 0 196 199 373 1.33073
000245 2 375 187 497 272 1.704112
000246 2 371 184 495 269 1.682241
000247 2 366 185 493 272 1.661435
000249 2 362 184 491 272 1.862823
000250 2 357 184 489 274 1.513939
000251 2 350 184 486 275 1.56287
000252 2 337 187 480 284 1.31527
000253 2 331 184 478 282 1.203082
000254 2 324 184 475 285 1.188696
000255 2 317 184 472 287 1.11883
000257 2 309 183 470 288 1.064223
000258 2 301 186 467 295 1.039467
000258 14 458 175 496 201 2.820348
000259 2 294 183 464 293 1.311007
000260 2 286 185 461 298 1.091647
000261 2 278 185 458 301 0.921982
000262 2 270 185 454 303 0.900495
000262 14 408 176 462 210 2.791476
000263 2 248 185 447 311 0.838529
000264 2 238 185 443 315 0.817814
000264 14 349 180 423 224 1.096184
000265 2 227 188 440 323 0.792823
000267 2 216 189 437 330 0.782854
000267 14 287 184 385 240 1.634319
000268 2 204 189 433 334 0.761308
000269 2 191 193 429 345 0.731518
000269 14 191 188 332 262 0.754337
000270 2 180 192 427 348 0.723169
000270 14 121 190 296 277 0.757899
000271 2 169 192 426 351 0.688468
000271 14 20 192 248 299 0.638454
000272 2 157 191 424 355 0.694922
000272 14 0 195 183 332 0.706139
000273 2 145 190 422 358 0.688756
000274 2 127 189 418 365 0.726719
000274 15 446 153 504 200 2.47462
000275 2 123 190 417 367 0.825753
000276 2 119 190 416 369 0.843847
000278 2 114 190 414 371 1.424774
000279 2 110 190 413 373 0.765702
000279 15 401 148 479 207 0.175381
000280 2 112 189 415 372 1.533876
000280 15 385 146 471 210 0.163992
000281 2 117 189 418 370 0.712394
000281 3 508 163 585 233 0.733631
000281 6 500 167 560 216 0.733631
000281 15 347 142 452 217 0.127192
000282 2 120 188 420 368 0.774109
000282 3 508 165 585 235 0.742763
000282 6 500 166 560 216 0.742763
000282 15 323 140 440 223 0.116906
000283 2 122 188 422 367 1.502203
000283 3 508 168 585 238 0.87795
000283 6 500 166 561 216 0.87795
000283 15 295 139 426 229 0.53743
000284 2 125 187 424 365 0.988005
000284 3 508 168 586 239 0.869433
000284 6 501 167 561 217 0.869433
000284 15 260 137 411 237 0.613522
000285 2 130 188 425 366 0.91755
000285 3 508 169 586 240 0.885246
000285 6 501 168 562 218 0.885246
000285 15 217 135 392 247 0.948685
000287 2 135 189 425 366 1.814065
000287 3 508 170 586 241 0.876289
000287 6 502 169 563 219 0.876289
000287 15 162 132 370 260 1.031897
000287 17 468 173 507 200 1.310151
000288 2 140 190 426 366 1.803481
000288 3 509 171 587 242 0.734634
000288 6 502 169 564 220 0.734634
000288 15 89 127 344 276 1.681465
000289 2 145 191 427 366 4.008389
000289 15 0 120 312 299 0.053461
000290 3 508 172 587 243 0.76358
000290 6 503 170 564 221 0.76358
000291 2 151 190 429 363 1.183798
000291 3 508 172 586 243 0.806214
000291 6 503 170 565 222 0.806214
000291 15 0 112 215 338 0.964139
000292 2 154 192 430 364 1.648564
000292 3 507 172 586 244 0.765553
000292 6 503 170 565 222 0.765553
000292 17 406 178 465 216 0.113843
000293 2 154 192 430 364 1.648564
000293 3 507 172 586 244 0.765553
000293 6 503 170 565 222 0.765553
000293 17 406 178 465 216 0.113843
000294 2 155 191 431 362 2.265894
000294 3 507 172 585 244 0.864132
000294 6 503 170 565 222 0.864132
000295 2 157 189 432 360 1.79772
000295 3 506 172 585 244 0.8551
000295 6 502 171 565 222 0.8551
000296 2 159 191 434 362 0.814778
000296 3 505 172 584 245 0.796345
000296 6 501 171 564 223 0.796345
000296 17 326 181 412 235 1.691017
000296 18 461 173 507 203 1.457474
000297 3 505 172 584 245 0.838691
000297 6 501 171 564 223 0.838691
000297 17 326 181 412 235 1.97157
000297 18 461 173 507 203 1.704851
000298 2 161 190 434 360 2.255749
000298 3 504 173 584 245 0.912208
000298 6 500 171 564 224 0.912208
000298 17 257 184 371 250 3.852906
000299 2 162 192 435 362 3.609742
000299 3 504 173 584 245 0.90134
000299 6 500 171 564 224 0.90134
000300 2 163 190 436 358 2.646553
000300 3 503 173 583 246 1.090605
000300 6 500 171 564 224 0.858344
000300 17 212 186 346 261 2.40342
000301 2 166 190 437 359 1.866296
000301 3 502 173 583 247 0.938732
000301 6 500 171 564 225 0.938732
000301 17 74 190 276 293 1.351463
000302 2 167 191 438 359 3.173149
000302 3 501 173 582 247 0.737602
000302 6 500 171 564 225 0.737602
000302 17 0 193 225 319 3.107725
000303 2 168 192 439 361 7.75883
000303 3 501 173 582 248 1.269518
000303 6 500 172 564 225 1.269518
000303 17 0 197 155 343 1.14055
000304 2 169 190 440 357 0.962933
000304 3 500 173 582 248 1.800991
000304 6 499 172 564 226 1.800991
000304 18 340 178 431 230 0.08427
000306 2 171 190 440 357 0.163052
000306 3 497 174 580 249 1.781783
000306 6 499 173 564 227 1.781783
000306 18 313 179 414 236 0.076568
000307 2 173 190 442 356 1.452015
000307 3 498 174 581 250 1.778725
000307 18 237 180 372 252 1.438689
000308 2 174 191 443 358 4.335113
000308 3 497 174 580 250 1.684021
000308 6 497 174 563 229 1.684021
000308 18 185 182 346 264 1.536447
000309 2 176 193 443 359 6.308661
000309 18 115 183 313 279 0.681638
000310 2 177 192 444 358 3.009685
000310 3 495 174 580 252 1.784702
000310 18 20 185 272 301 1.26352
000310 19 462 176 509 205 1.784702
000311 2 177 192 444 358 3.009685
000311 3 495 174 580 252 1.784702
000311 18 20 185 272 301 1.26352
000311 19 462 176 509 205 1.784702
000312 2 178 192 445 358 2.982901
000312 19 453 176 503 208 1.419516
000313 2 179 192 445 357 3.749158
000313 3 493 174 579 252 1.742766
000313 6 495 174 562 230 1.647302
000313 18 0 192 143 340 2.447732
000313 19 443 177 497 210 1.812791
000314 2 177 191 445 356 1.567316
000314 3 490 174 577 253 1.707672
000314 6 494 174 562 230 1.630915
000316 2 173 191 444 358 1.455567
000316 3 489 173 577 254 1.777031
000316 6 493 174 561 231 1.777031
000317 2 169 192 444 361 1.525843
000317 3 488 173 577 254 1.831458
000317 19 388 180 464 224 1.138855
000318 2 161 193 442 366 1.712256
000318 3 486 173 576 255 1.824026
000318 6 491 174 561 231 1.824026
000319 2 159 192 441 365 1.315359
000321 2 156 191 441 365 1.606983
000321 3 484 172 576 256 1.850056
000321 19 286 182 411 245 1.458097
000322 2 153 188 440 362 1.736194
000322 3 483 172 576 257 1.84324
000323 2 151 190 440 366 1.202448
000323 3 482 172 575 257 1.127624
000323 19 195 183 369 263 1.369962
000324 2 148 188 439 365 1.077557
000324 3 481 171 575 257 1.330061
000324 19 134 185 343 276 1.229704
000325 2 145 190 439 369 1.008616
000325 3 481 171 575 257 1.037668
000325 19 52 186 310 294 1.133051
000326 2 142 187 438 366 1.138801
000326 3 480 171 574 256 1.042367
000326 19 0 188 268 320 1.109385
000327 2 139 190 438 371 1.20124
000327 3 480 170 574 256 1.134369
000327 19 0 190 213 340 1.127228
000328 2 133 191 437 373 1.309328
000328 3 479 170 574 256 0.80264
000328 16 599 169 644 214 0.622266
000329 2 139 187 437 367 1.307657
000329 3 479 172 573 257 0.799758
000329 16 599 169 644 214 0.619357
000330 2 144 190 438 372 1.425381
000330 3 479 169 573 254 0.788064
000330 16 599 169 644 214 0.617119
000331 2 149 191 438 372 2.520992
000331 3 479 170 573 254 0.830166
000331 16 599 169 644 214 0.706114
000332 2 154 190 439 369 1.714234
000332 3 479 172 572 256 1.344222
000332 16 600 169 644 214 0.70453
000334 2 159 189 439 367 1.305415
000334 3 480 174 572 257 1.291871
000335 2 165 190 441 365 1.35837
000335 3 481 171 573 254 1.125499
000336 2 171 189 443 359 2.672005
000336 3 482 171 573 253 1.555552
000336 16 600 171 644 215 0.674727
000337 2 182 191 447 356 1.335687
000337 3 485 171 574 251 1.479616
000337 16 600 172 643 216 0.675017
000338 2 182 191 447 356 1.335687
000338 3 485 171 574 251 1.479616
000338 16 600 172 643 216 0.675017
