3.218659 0.010670845 -0.022853568 1.585990667 -0.000381253 0.001167472 0.000139629 0.999999225
3.322523 0.019349594 -0.044137400 3.157011271 -0.001010491 0.002441734 0.000142464 0.999996483
3.426388 0.028631210 -0.063401170 4.712933064 -0.000573539 0.003891285 0.000173589 0.999992251
3.530251 0.049284913 -0.079762533 6.284108639 -0.000147380 0.004880744 -0.000040476 0.999988079
3.633992 0.070876807 -0.096560001 7.840569019 0.000303065 0.005882501 0.000470224 0.999982536
3.737859 0.102452554 -0.119376093 9.396320343 0.000586807 0.006624911 0.000826025 0.999977529
3.841719 0.119681820 -0.137638792 10.955137253 0.000964819 0.007444330 0.000220861 0.999971807
3.945336 0.142018616 -0.162231028 12.502845764 0.001462148 0.008383741 0.000189434 0.999963760
4.049198 0.166499555 -0.184135750 14.055130959 0.001825680 0.009384224 -0.000448676 0.999954224
4.153061 0.198147804 -0.211201012 15.596480370 0.001290289 0.010234023 -0.000584302 0.999946594
4.256926 0.231133729 -0.225796044 17.150508881 0.000488680 0.010963043 -0.000321314 0.999939740
4.360666 0.273176491 -0.248417690 18.690099716 -0.000006127 0.011647084 0.000328574 0.999932110
4.464529 0.308236659 -0.265699744 20.237176895 0.000362842 0.012566379 0.000309520 0.999920905
4.568269 0.340257376 -0.285937816 21.779016495 0.000975894 0.013908462 -0.000130714 0.999902785
4.672133 0.389791995 -0.301889718 23.344697952 0.001120658 0.015515720 -0.000942048 0.999878526
4.775997 0.445837229 -0.332368702 24.882341385 0.001430261 0.016935397 -0.001359297 0.999854624
4.879737 0.509537041 -0.361222655 26.447145462 0.001844428 0.018332697 -0.001361080 0.999829352
4.983598 0.574832439 -0.381987691 28.006526947 0.002452213 0.019385977 -0.001364078 0.999808133
5.087341 0.623173296 -0.399484873 29.543361664 0.002514567 0.020675944 -0.001101354 0.999782443
5.191202 0.677624881 -0.417369902 31.083944321 0.002060717 0.021768197 -0.001337977 0.999760032
5.294816 0.774785995 -0.442472726 32.632080078 0.001490838 0.022357963 -0.000440033 0.999748826
5.398554 0.833970249 -0.464684844 34.159309387 0.001741763 0.023438942 -0.000252101 0.999723732
5.502418 0.927543163 -0.499733150 35.691074371 0.002292112 0.023796367 0.000106849 0.999714196
5.606159 1.002043009 -0.528442025 37.199489594 0.002329077 0.024520665 -0.000200076 0.999696553
5.709897 1.080427170 -0.552425802 38.775894165 0.001174056 0.025004426 -0.000343156 0.999686599
5.813637 1.161922455 -0.566192210 40.310737610 -0.000057707 0.025735425 0.000125410 0.999668777
5.917376 1.263208508 -0.612804472 41.761444092 -0.000831633 0.026122676 -0.000082327 0.999658406
6.021116 1.326701641 -0.610420346 43.263221741 -0.000469713 0.026877981 0.000393901 0.999638557
6.124854 1.424023390 -0.649127781 44.812740326 0.000409141 0.027154135 0.000043379 0.999631166
6.228593 1.484021664 -0.677537858 46.335609436 0.001142606 0.027960435 -0.000165049 0.999608338
6.332331 1.611574531 -0.686017931 47.824695587 0.002154300 0.028053680 0.000009498 0.999604106
6.436072 1.695816636 -0.710100770 49.296867371 0.003166826 0.028738447 -0.000366830 0.999581873
6.539810 1.781650186 -0.741079986 50.788173676 0.003873709 0.029073380 -0.000062318 0.999569774
6.643548 1.891014695 -0.785066485 52.263710022 0.003843510 0.028819302 0.000233425 0.999577224
6.747289 1.956734657 -0.800624013 53.725940704 0.003780846 0.029783577 -0.000228342 0.999549210
6.851028 2.085862637 -0.833555460 55.228778839 0.002983470 0.030094607 0.000196029 0.999542594
6.954768 2.130557060 -0.843891799 56.648326874 0.002880339 0.032065906 -0.000447152 0.999481499
7.058631 2.226209641 -0.869648039 58.095947266 0.002780700 0.033138551 -0.000498226 0.999446750
7.162370 2.318664551 -0.891158938 59.544692993 0.002948067 0.033963922 -0.000726935 0.999418437
7.266110 2.396694660 -0.952253878 60.856548309 0.002597250 0.034549616 0.000144228 0.999399602
7.369852 2.493170500 -0.964915276 62.280475616 0.002802510 0.035197228 0.000120324 0.999376416
7.473587 2.609967947 -0.989711285 63.618869781 0.002587539 0.035389885 0.000273184 0.999370158
7.577450 2.708075523 -1.017143965 65.012664795 0.002981023 0.035759669 -0.000756943 0.999355674
7.681190 2.765826225 -1.053601980 66.307655334 0.003069375 0.036757186 -0.001060357 0.999318957
7.785056 2.891323328 -1.090877175 67.561004639 0.002549287 0.037818007 -0.001377494 0.999280453
7.888797 2.997374773 -1.125051498 68.847251892 0.001630291 0.038790520 -0.001827557 0.999244392
7.992656 3.098500490 -1.143903613 70.112045288 0.000578012 0.039572574 -0.000852717 0.999216139
8.096522 3.187165022 -1.167081475 71.334480286 0.000160600 0.040487088 -0.000053160 0.999180019
8.200261 3.274256706 -1.185699582 72.520790100 0.001113488 0.041415699 0.000560537 0.999141216
8.304125 3.393379211 -1.214894772 73.743110657 0.001953092 0.041734289 0.000657731 0.999126613
8.407989 3.492873907 -1.243361712 74.948562622 0.002656311 0.042529821 0.000567827 0.999091506
8.511853 3.576009750 -1.279575944 76.076324463 0.002650848 0.043557465 0.000041499 0.999047399
8.615716 3.703342199 -1.299981594 77.245185852 0.003126987 0.044009116 0.000241711 0.999026239
8.719579 3.819024086 -1.339856029 78.338470459 0.003001574 0.044586387 0.000577563 0.999000847
8.823450 3.916827679 -1.357626438 79.493247986 0.003290285 0.045308217 0.000315366 0.998967588
8.927304 4.012240887 -1.385677099 80.573570251 0.003431690 0.045976933 0.000952292 0.998936176
9.031175 4.125090599 -1.413091779 81.649559021 0.003452117 0.046578590 0.000545883 0.998908520
9.135039 4.221170425 -1.424641371 82.781410217 0.003287835 0.047101650 0.000855456 0.998884320
9.239033 4.317443371 -1.466819286 83.812850952 0.002420319 0.047776286 0.001264064 0.998854339
9.342893 4.423372269 -1.469566107 84.915222168 0.002217005 0.048242286 0.000807042 0.998832881
9.446879 4.505556107 -1.481003284 85.956787109 0.002385130 0.049089190 0.000150620 0.998791516
9.550745 4.604290962 -1.501830816 87.002418518 0.002441456 0.049613819 -0.000049630 0.998765469
9.654731 4.731371403 -1.538700342 88.012466431 0.002861757 0.049770698 0.000573540 0.998756409
9.758722 4.850081921 -1.549220085 89.028594971 0.003397654 0.050127506 0.000962675 0.998736560
9.862588 4.952471733 -1.577196836 90.099540710 0.003756900 0.050596830 0.001503435 0.998710930
9.966574 5.053596973 -1.595371485 91.112274170 0.003831542 0.051049881 0.000953590 0.998688281
10.070560 5.155786514 -1.631901741 92.128517151 0.003624847 0.051529128 0.001886032 0.998663127
10.174550 5.245645523 -1.649577618 93.134468079 0.003956097 0.052184641 0.001682752 0.998628199
10.278540 5.367987156 -1.673629999 94.135452271 0.004406745 0.052326091 0.002066824 0.998618186
10.382530 5.471848965 -1.700784922 95.129501343 0.004574574 0.052939434 0.001874311 0.998585463
10.486520 5.584618092 -1.724636793 96.125221252 0.004568209 0.053162999 0.002070929 0.998573244
10.590510 5.691442490 -1.737549424 97.105216980 0.004723680 0.053363856 0.002344979 0.998561203
10.694500 5.787389755 -1.781319618 98.106750488 0.004985677 0.053742148 0.001712652 0.998540938
10.798490 5.887696743 -1.794344187 99.086509705 0.005417978 0.054115571 0.001286027 0.998519182
10.902480 5.998605728 -1.827728987 100.063636780 0.004558573 0.054286182 0.001233413 0.998514235
11.006470 6.104877949 -1.848701477 101.024116516 0.003642364 0.054722846 0.001056344 0.998494387
11.110450 6.205790043 -1.875205755 101.965057373 0.002884814 0.055358753 0.001320378 0.998461485
11.214570 6.320625305 -1.896149755 102.894584656 0.002290067 0.055713240 0.001929970 0.998442292
11.318560 6.429611206 -1.915651798 103.831893921 0.002036208 0.056293447 0.002381224 0.998409331
11.422550 6.530127525 -1.934387922 104.750419617 0.001758468 0.057018913 0.002816754 0.998367608
11.526540 6.633301258 -1.954685569 105.615592957 0.002028901 0.057666086 0.003238679 0.998328626
11.630650 6.730798244 -1.977172852 106.467437744 0.001910960 0.058336001 0.003668187 0.998288453
11.734640 6.843824863 -1.993209958 107.339927673 0.001939085 0.058679640 0.004253660 0.998265922
11.838630 6.945528030 -2.009912729 108.173316956 0.001733706 0.059012510 0.004701001 0.998244643
11.942620 7.038133621 -2.028201580 108.993972778 0.001708858 0.059422370 0.004392725 0.998221815
12.046730 7.138678551 -2.050107002 109.784469604 0.001654287 0.059630778 0.004082514 0.998210788
12.150720 7.236014843 -2.072014809 110.560180664 0.001765360 0.059913747 0.004072432 0.998193681
12.254830 7.316888332 -2.083878994 111.318939209 0.002154694 0.060372692 0.003762901 0.998166502
12.358950 7.395785332 -2.089792967 112.038299561 0.002449571 0.060945209 0.003586316 0.998131692
12.463060 7.492290974 -2.115864277 112.761421204 0.002217830 0.061249390 0.003290661 0.998114586
12.567050 7.579836845 -2.130816698 113.450607300 0.002522965 0.061586566 0.003284742 0.998093128
12.671170 7.659770966 -2.144705296 114.122612000 0.002341084 0.062164564 0.002866411 0.998059034
12.775280 7.733214378 -2.154034615 114.776954651 0.002237913 0.062729463 0.003061352 0.998023391
12.879390 7.816836357 -2.166385889 115.394126892 0.002221924 0.063263811 0.002896464 0.997990131
12.983380 7.903570175 -2.182733059 115.991889954 0.001917863 0.063967928 0.002951371 0.997945726
13.087500 7.966486931 -2.208166122 116.577445984 0.001581126 0.064634711 0.003291546 0.997902274
13.191610 8.050600052 -2.211563826 117.137138367 0.002113272 0.065292388 0.002763840 0.997860134
13.295720 8.129026413 -2.217808485 117.712562561 0.002720016 0.065761164 0.001875681 0.997829914
13.399710 8.202325821 -2.245172977 118.226867676 0.002948500 0.066320494 0.002520317 0.997790873
13.503830 8.270627975 -2.251771927 118.763336182 0.003895054 0.067012548 0.002744411 0.997740746
13.607820 8.346700668 -2.273251295 119.294296265 0.004079301 0.067440778 0.002824414 0.997710943
13.711930 8.425941467 -2.280066729 119.842315674 0.004276752 0.068038285 0.002746247 0.997669756
13.815920 8.497774124 -2.294815063 120.371673584 0.004492423 0.068742357 0.002351284 0.997621536
13.920030 8.564567566 -2.305331707 120.890800476 0.004701536 0.069316059 0.002063268 0.997581542
14.024020 8.652499199 -2.316608906 121.440086365 0.004630038 0.069761463 0.001974192 0.997551024
14.128140 8.719858170 -2.332451344 121.952888489 0.004605170 0.070436887 0.002103833 0.997503400
14.232250 8.801213264 -2.341240168 122.501510620 0.004951256 0.070918545 0.001743174 0.997468293
14.336240 8.874844551 -2.350287437 123.023803711 0.005211774 0.071436502 0.001111132 0.997430921
14.440350 8.948207855 -2.367629290 123.550300598 0.005150937 0.071947582 0.001386151 0.997394145
14.544340 9.028734207 -2.367601633 124.070846558 0.005750016 0.072421417 0.001195768 0.997356832
14.648460 9.110636711 -2.386998177 124.605392456 0.005875979 0.072901510 0.001496401 0.997320712
14.752570 9.187714577 -2.402972698 125.120445251 0.005769438 0.073262855 0.001633825 0.997294605
14.856560 9.269539833 -2.413763046 125.625541687 0.005754717 0.073619045 0.001538267 0.997268617
14.960670 9.347906113 -2.425761700 126.163192749 0.005682359 0.074091561 0.001471703 0.997234166
15.064660 9.433544159 -2.431390285 126.681495667 0.005716293 0.074273549 0.001660862 0.997220159
15.168650 9.526284218 -2.437027454 127.190307617 0.006084266 0.074500486 0.002152808 0.997200072
15.272780 9.612491608 -2.459844828 127.712966919 0.006003844 0.074432045 0.002548249 0.997204721
15.376880 9.692769051 -2.478739262 128.208892822 0.005882189 0.074583158 0.002390352 0.997194588
15.480870 9.768711090 -2.484614849 128.715728760 0.006026752 0.074765943 0.002218147 0.997180462
15.584860 9.851071358 -2.494331837 129.209808350 0.006247689 0.074691698 0.002252864 0.997184575
15.688970 9.924461365 -2.512308836 129.703262329 0.005891742 0.075003706 0.003016409 0.997161269
15.792960 9.991348267 -2.525127888 130.184951782 0.005593653 0.075179726 0.002855011 0.997150242
15.896950 10.066985130 -2.531095505 130.652832031 0.005638197 0.075300232 0.003297232 0.997139513
16.000940 10.149962425 -2.547590733 131.162750244 0.005957899 0.075418934 0.003293721 0.997128725
16.104930 10.215307236 -2.553903341 131.624877930 0.006081676 0.075654954 0.003314398 0.997110009
16.209040 10.296151161 -2.571512222 132.125961304 0.006267177 0.075530969 0.003256704 0.997118413
16.313030 10.368940353 -2.581220865 132.607192993 0.006769667 0.075255997 0.003240172 0.997135997
16.417160 10.442835808 -2.593690395 133.084274292 0.007221610 0.074997030 0.003513736 0.997151434
16.521130 10.517910004 -2.604064941 133.568084717 0.007371682 0.074909955 0.003453782 0.997157037
16.625250 10.583123207 -2.614816666 134.061691284 0.007442712 0.074722238 0.002952538 0.997172236
16.729240 10.661865234 -2.629436731 134.551300049 0.007767462 0.074481681 0.002581702 0.997188807
16.833350 10.739089012 -2.631624222 135.028335571 0.008431128 0.074461073 0.002331080 0.997185588
16.937460 10.821170807 -2.658867121 135.537750244 0.008544545 0.074478775 0.002880120 0.997181833
17.041460 10.892022133 -2.671105385 136.012542725 0.008493801 0.074569300 0.002766795 0.997175813
17.145570 10.970669746 -2.681571245 136.512695312 0.008567085 0.074653871 0.002628350 0.997169256
17.249560 11.046975136 -2.696468353 137.009902954 0.008903146 0.074631199 0.002846000 0.997167349
17.353670 11.129068375 -2.704405785 137.507385254 0.009240637 0.074613698 0.002872490 0.997165561
17.457660 11.203149796 -2.726139307 138.007385254 0.009080813 0.074482352 0.002910950 0.997176707
17.561650 11.269529343 -2.742513657 138.492477417 0.008951860 0.074784160 0.003093378 0.997154772
17.665640 11.344076157 -2.755627871 138.990753174 0.009166422 0.074901111 0.002788461 0.997144938
17.769750 11.434595108 -2.765151739 139.524795532 0.008859615 0.074858993 0.002391507 0.997151911
17.873740 11.499580383 -2.782096148 140.023422241 0.008402194 0.074997008 0.002443389 0.997145355
17.977730 11.583990097 -2.800400972 140.531539917 0.007956432 0.074928723 0.002934380 0.997152805
18.081850 11.652975082 -2.818078041 141.024597168 0.007606229 0.075106338 0.003480220 0.997140467
18.185840 11.727943420 -2.827976942 141.538177490 0.007682135 0.075196080 0.002706318 0.997135460
18.289840 11.826529503 -2.844049692 142.057464600 0.007484970 0.074822508 0.002359785 0.997165978
18.393940 11.889827728 -2.857230663 142.548278809 0.007136900 0.075193599 0.001898144 0.997141600
18.497930 11.969034195 -2.877338648 143.033157349 0.007051715 0.075653099 0.001323203 0.997108400
18.601920 12.048769951 -2.885122776 143.545486450 0.007602580 0.076388977 0.001799866 0.997047484
18.706030 12.120468140 -2.894779682 144.033279419 0.007773205 0.076915480 0.001634351 0.997005999
18.810020 12.184302330 -2.916422129 144.497665405 0.008099233 0.077547073 0.001366951 0.996954858
18.914130 12.276691437 -2.923438311 145.000076294 0.009049250 0.078158975 0.001255136 0.996899009
19.018120 12.348794937 -2.939772606 145.468093872 0.009954437 0.078718454 0.001050116 0.996846616
19.122240 12.427965164 -2.958503246 145.981155396 0.010460921 0.079353385 0.000403819 0.996791601
19.226350 12.502176285 -2.979965925 146.459762573 0.010046020 0.080141850 0.000617743 0.996732652
19.330340 12.596707344 -2.979786873 146.947250366 0.009703337 0.080476113 0.000741795 0.996709049
19.434460 12.688412666 -2.990598202 147.437591553 0.008981943 0.080827832 0.001508444 0.996686459
19.538570 12.765380859 -3.012282133 147.899429321 0.007855587 0.081358425 0.001984388 0.996652007
19.642560 12.838818550 -3.020017147 148.378311157 0.006960090 0.082116254 0.002107201 0.996596217
19.746670 12.910567284 -3.036504745 148.832031250 0.006308749 0.082664855 0.001945643 0.996555507
19.850780 12.993566513 -3.047570229 149.294479370 0.006547568 0.083014466 0.001563480 0.996525586
19.954770 13.073634148 -3.059502125 149.750152588 0.006630794 0.083335027 0.001748708 0.996497989
20.058890 13.152609825 -3.077705860 150.186691284 0.006399080 0.083606146 0.002899188 0.996474087
20.163010 13.229892731 -3.080911160 150.618865967 0.006563948 0.084138669 0.003085203 0.996427655
20.266990 13.309633255 -3.090233326 151.053375244 0.006454813 0.084459282 0.003393512 0.996400237
20.371100 13.382514954 -3.101067066 151.461593628 0.006076996 0.084998697 0.003933646 0.996354759
20.475100 13.456369400 -3.115221500 151.873794556 0.005576809 0.085284293 0.003827221 0.996333718
20.579080 13.523142815 -3.123170853 152.285720825 0.005517677 0.085596934 0.003477914 0.996308506
20.683200 13.604365349 -3.138384819 152.679595947 0.005657756 0.085831739 0.003417142 0.996287704
20.787190 13.673869133 -3.147295713 153.051910400 0.006053531 0.086215161 0.003459343 0.996252120
20.891300 13.735691071 -3.156136274 153.429260254 0.006133363 0.086560681 0.003366025 0.996222019
20.995290 13.798581123 -3.163195610 153.803390503 0.006663635 0.086928159 0.003664437 0.996185541
21.099400 13.878732681 -3.169330835 154.186111450 0.006981296 0.087092876 0.004112796 0.996167243
21.203390 13.947029114 -3.182278156 154.562576294 0.006938489 0.087474644 0.004250504 0.996133506
21.307500 14.009920120 -3.190009594 154.929473877 0.006946034 0.087999202 0.004276474 0.996087134
21.411500 14.076405525 -3.197115660 155.286453247 0.006882131 0.088304475 0.004724345 0.996058583
21.515610 14.139035225 -3.205734730 155.653259277 0.006653707 0.088695012 0.004701807 0.996025503
21.619600 14.216076851 -3.217571020 156.022384644 0.006385380 0.089062087 0.004536720 0.995995283
21.723710 14.279241562 -3.223398685 156.376647949 0.006537653 0.089590617 0.004156949 0.995948553
21.827700 14.343003273 -3.230629444 156.723602295 0.006556534 0.089898646 0.004501907 0.995919168
21.931810 14.416290283 -3.242388248 157.071762085 0.006546045 0.090321921 0.005353881 0.995876729
22.035800 14.476408005 -3.250825167 157.410736084 0.007682526 0.090693422 0.005118824 0.995836079
22.139790 14.544026375 -3.257906437 157.787597656 0.008767615 0.091173254 0.004974300 0.995784044
22.243910 14.614416122 -3.267313480 158.149307251 0.009263598 0.091697052 0.004863385 0.995731950
22.347900 14.684561729 -3.274196148 158.540206909 0.009360631 0.092186339 0.004598544 0.995687187
22.451880 14.765836716 -3.283366203 158.941833496 0.009337489 0.092582226 0.004818483 0.995649576
22.555870 14.833403587 -3.296509504 159.339492798 0.009461159 0.093288280 0.005131353 0.995580971
22.659990 14.926051140 -3.297701359 159.769821167 0.009928236 0.093616210 0.005050999 0.995546043
22.763980 15.006711006 -3.317159176 160.205337524 0.009865160 0.094100371 0.004661164 0.995502949
22.867970 15.088170052 -3.326362133 160.638717651 0.010281314 0.094478384 0.004076628 0.995465457
22.972080 15.175498009 -3.339222670 161.088241577 0.010471814 0.095082231 0.004425744 0.995404482
23.076070 15.276501656 -3.348547459 161.576385498 0.010539825 0.095240504 0.004853064 0.995386660
23.180060 15.354328156 -3.352959633 162.046951294 0.010746019 0.095982492 0.004980950 0.995312572
23.284170 15.454832077 -3.365956545 162.546524048 0.010824076 0.096280836 0.005479327 0.995280266
23.388160 15.573637962 -3.376248837 163.065643311 0.010724309 0.096175551 0.005676021 0.995290458
23.492150 15.671545982 -3.392713547 163.570419312 0.010400624 0.096485145 0.005561554 0.995264530
23.596140 15.769824028 -3.399452925 164.088973999 0.010403189 0.096682608 0.004803389 0.995249271
23.700250 15.884419441 -3.428889513 164.628097534 0.010012251 0.096550457 0.005409228 0.995263040
23.804240 15.982802391 -3.443498373 165.136657715 0.010092168 0.096810423 0.006030223 0.995233417
23.908230 16.082466125 -3.450904369 165.675354004 0.010304584 0.097015224 0.005906085 0.995212018
24.012220 16.203777313 -3.468453407 166.226913452 0.010183571 0.097105995 0.005692904 0.995205641
24.116210 16.312683105 -3.486343145 166.769287109 0.009873906 0.097230636 0.005092233 0.995199859
24.220200 16.428192139 -3.499902964 167.305725098 0.009634553 0.097290181 0.005715339 0.995193005
24.324190 16.539955139 -3.520778656 167.842163086 0.009653412 0.097283110 0.005990712 0.995191932
24.428300 16.635839462 -3.541635990 168.393615723 0.009943046 0.097632177 0.005865167 0.995155573
24.532290 16.748201370 -3.555099249 168.948776245 0.010051308 0.097739913 0.005451326 0.995146275
24.636280 16.882640839 -3.547674656 169.522613525 0.010686403 0.097561680 0.005304103 0.995157957
24.740390 16.987306595 -3.583777189 170.104568481 0.010870498 0.097843289 0.005355255 0.995128095
24.844380 17.110940933 -3.596107006 170.723602295 0.011374734 0.098118529 0.005669320 0.995093584
24.948500 17.223676682 -3.648653746 171.304733276 0.010910569 0.098576248 0.005425811 0.995054901
25.052490 17.337038040 -3.655681610 171.923477173 0.011385953 0.099222034 0.005165501 0.994986773
25.156480 17.495315552 -3.665577650 172.574966431 0.011809092 0.099283949 0.005520941 0.994973779
25.260590 17.612047195 -3.675233126 173.194305420 0.011886936 0.100044578 0.005694518 0.994895637
25.364700 17.748081207 -3.691628695 173.863494873 0.011492131 0.100446463 0.005158691 0.994862735
25.468690 17.890392303 -3.718151331 174.525238037 0.010659940 0.100784846 0.005103513 0.994838059
25.572810 18.035972595 -3.727819204 175.211639404 0.009838507 0.101212092 0.005312294 0.994802058
25.676920 18.194171906 -3.758183956 175.873474121 0.008612285 0.101451963 0.006022130 0.994784951
25.780910 18.320665359 -3.775508642 176.522720337 0.007964963 0.102123030 0.006241044 0.994720340
25.885020 18.456092834 -3.794033051 177.167007446 0.007707366 0.102687515 0.006038446 0.994665444
25.989010 18.600606918 -3.812895298 177.840362549 0.007609117 0.103037901 0.006191324 0.994629025
26.093130 18.735239029 -3.822426558 178.480712891 0.008011090 0.103616826 0.006404196 0.994564414
26.197110 18.883632660 -3.846652508 179.128982544 0.007833463 0.103929527 0.006366597 0.994533420
26.301230 19.011983871 -3.867784977 179.766433716 0.007769128 0.104556508 0.005566032 0.994472980
26.405340 19.144657135 -3.883044958 180.385498047 0.007783307 0.105176389 0.005042432 0.994410336
26.509330 19.293006897 -3.895572901 181.058120728 0.007822683 0.105449289 0.005680890 0.994377673
26.613440 19.446517944 -3.922891855 181.692092896 0.007367124 0.105769314 0.005468972 0.994348407
26.717430 19.588171005 -3.921439409 182.298202515 0.007151258 0.106365837 0.005951962 0.994283557
26.821550 19.722562790 -3.945802689 182.965454102 0.006938292 0.106768526 0.005586741 0.994243979
26.925540 19.862829208 -3.959854603 183.599227905 0.006772856 0.107270889 0.005965575 0.994188845
27.029530 20.013259888 -3.937286139 184.258239746 0.006974126 0.107459262 0.007187081 0.994159043
27.133520 20.155885696 -3.973269224 184.861389160 0.006647671 0.107771300 0.007988892 0.994121373
