3.114797 0.0000000 0.0000000 0.0000000 0.0000000 0.0000000 0.0000000 1.0000000
3.218659 0.0106708 -0.0228536 1.5859908 -0.0003813 0.0011675 0.0001396 0.9999992
3.322523 0.0193496 -0.0441374 3.1570113 -0.0010105 0.0024417 0.0001425 0.9999965
3.426388 0.0286312 -0.0634012 4.7129331 -0.0005735 0.0038913 0.0001736 0.9999923
3.530251 0.0492849 -0.0797625 6.2841086 -0.0001474 0.0048807 -0.0000405 0.9999881
3.633992 0.0708768 -0.0965600 7.8405709 0.0003031 0.0058825 0.0004702 0.9999825
3.737859 0.1024526 -0.1193761 9.3963213 0.0005868 0.0066249 0.0008260 0.9999775
3.841719 0.1196819 -0.1376388 10.9551363 0.0009648 0.0074443 0.0002209 0.9999718
3.945336 0.1420186 -0.1622310 12.5028458 0.0014621 0.0083837 0.0001894 0.9999638
4.049198 0.1664995 -0.1841357 14.0551291 0.0018257 0.0093842 -0.0004487 0.9999542
4.153061 0.1981479 -0.2112010 15.5964804 0.0012903 0.0102340 -0.0005843 0.9999467
4.256926 0.2311338 -0.2257960 17.1505108 0.0004887 0.0109630 -0.0003213 0.9999397
4.360666 0.2731765 -0.2484177 18.6901016 -0.0000061 0.0116471 0.0003286 0.9999321
4.464529 0.3082366 -0.2656998 20.2371769 0.0003628 0.0125664 0.0003095 0.9999209
4.672133 0.3897921 -0.3018897 23.3446999 0.0011207 0.0155157 -0.0009420 0.9998785
4.879737 0.5095373 -0.3612227 26.4471474 0.0018444 0.0183327 -0.0013611 0.9998294
5.087341 0.6231733 -0.3994848 29.5433636 0.0025146 0.0206759 -0.0011014 0.9997824
5.294816 0.7747857 -0.4424727 32.6320724 0.0014908 0.0223580 -0.0004400 0.9997488
5.502418 0.9275434 -0.4997331 35.6910782 0.0022921 0.0237964 0.0001068 0.9997142
5.709897 1.0804272 -0.5524258 38.7758980 0.0011741 0.0250044 -0.0003432 0.9996866
5.917376 1.2632083 -0.6128045 41.7614441 -0.0008316 0.0261227 -0.0000823 0.9996584
6.124854 1.4240237 -0.6491278 44.8127441 0.0004091 0.0271541 0.0000434 0.9996312
6.332331 1.6115745 -0.6860179 47.8246956 0.0021543 0.0280537 0.0000095 0.9996041
6.539810 1.7816501 -0.7410799 50.7881737 0.0038737 0.0290734 -0.0000623 0.9995698
6.747289 1.9567344 -0.8006240 53.7259369 0.0037808 0.0297836 -0.0002283 0.9995492
6.954768 2.1305575 -0.8438917 56.6483269 0.0028803 0.0320659 -0.0004472 0.9994815
7.266110 2.3966942 -0.9522539 60.8565445 0.0025973 0.0345496 0.0001442 0.9993996
7.473587 2.6099675 -0.9897113 63.6188698 0.0025875 0.0353899 0.0002732 0.9993702
7.785056 2.8913236 -1.0908773 67.5610046 0.0025493 0.0378180 -0.0013775 0.9992805
7.992656 3.0985019 -1.1439036 70.1120605 0.0005780 0.0395726 -0.0008527 0.9992161
8.304125 3.3933787 -1.2148948 73.7430878 0.0019531 0.0417343 0.0006577 0.9991266
8.615716 3.7033432 -1.2999817 77.2451859 0.0031270 0.0440091 0.0002417 0.9990262
8.823450 3.9168282 -1.3576267 79.4932480 0.0032903 0.0453082 0.0003154 0.9989676
9.135039 4.2211695 -1.4246414 82.7814026 0.0032878 0.0471017 0.0008555 0.9988843
9.342893 4.4233723 -1.4695662 84.9152298 0.0022170 0.0482423 0.0008070 0.9988329
9.654731 4.7313714 -1.5387003 88.0124664 0.0028618 0.0497707 0.0005735 0.9987564
9.862588 4.9524722 -1.5771971 90.0995560 0.0037569 0.0505968 0.0015034 0.9987110
10.070560 5.1557865 -1.6319017 92.1285172 0.0036248 0.0515291 0.0018860 0.9986631
10.278540 5.3679876 -1.6736298 94.1354523 0.0044067 0.0523261 0.0020668 0.9986182
10.486520 5.5846157 -1.7246367 96.1252060 0.0045682 0.0531630 0.0020709 0.9985732
10.694500 5.7873888 -1.7813194 98.1067581 0.0049857 0.0537421 0.0017127 0.9985409
10.902480 5.9986091 -1.8277292 100.0636444 0.0045586 0.0542862 0.0012334 0.9985142
11.110450 6.2057886 -1.8752056 101.9650497 0.0028848 0.0553588 0.0013204 0.9984615
11.318560 6.4296112 -1.9156519 103.8318939 0.0020362 0.0562934 0.0023812 0.9984093
11.526540 6.6333003 -1.9546856 105.6155853 0.0020289 0.0576661 0.0032387 0.9983286
11.734640 6.8438253 -1.9932097 107.3399353 0.0019391 0.0586796 0.0042537 0.9982659
11.942620 7.0381331 -2.0282016 108.9939804 0.0017089 0.0594224 0.0043927 0.9982218
12.254830 7.3168888 -2.0838790 111.3189316 0.0021547 0.0603727 0.0037629 0.9981665
12.463060 7.4922910 -2.1158643 112.7614212 0.0022178 0.0612494 0.0032907 0.9981146
12.671170 7.6597719 -2.1447053 114.1226196 0.0023411 0.0621646 0.0028664 0.9980590
12.983380 7.9035702 -2.1827331 115.9918976 0.0019179 0.0639679 0.0029514 0.9979457
13.191610 8.0506048 -2.2115636 117.1371384 0.0021133 0.0652924 0.0027638 0.9978601
13.399710 8.2023287 -2.2451727 118.2268829 0.0029485 0.0663205 0.0025203 0.9977908
13.607820 8.3467045 -2.2732511 119.2942886 0.0040793 0.0674408 0.0028244 0.9977109
13.815920 8.4977779 -2.2948151 120.3716736 0.0044924 0.0687424 0.0023513 0.9976215
14.024020 8.6524992 -2.3166089 121.4400787 0.0046300 0.0697615 0.0019742 0.9975510
14.232250 8.8012209 -2.3412404 122.5015182 0.0049513 0.0709185 0.0017432 0.9974683
14.440350 8.9482040 -2.3676291 123.5503006 0.0051509 0.0719476 0.0013862 0.9973941
14.648460 9.1106358 -2.3869982 124.6053925 0.0058760 0.0729015 0.0014964 0.9973207
14.960670 9.3479090 -2.4257617 126.1632004 0.0056824 0.0740916 0.0014717 0.9972342
15.272780 9.6124907 -2.4598448 127.7129669 0.0060038 0.0744320 0.0025482 0.9972048
15.480870 9.7687111 -2.4846153 128.7157288 0.0060268 0.0747659 0.0022181 0.9971804
15.688970 9.9244661 -2.5123088 129.7032776 0.0058917 0.0750037 0.0030164 0.9971613
16.000940 10.1499596 -2.5475907 131.1627502 0.0059579 0.0754189 0.0032937 0.9971287
16.209040 10.2961521 -2.5715127 132.1259613 0.0062672 0.0755310 0.0032567 0.9971184
16.313030 10.3689442 -2.5812216 132.6071930 0.0067697 0.0752560 0.0032402 0.9971360
16.625250 10.5831232 -2.6148167 134.0617065 0.0074427 0.0747222 0.0029525 0.9971722
16.937460 10.8211737 -2.6588674 135.5377655 0.0085445 0.0744788 0.0028801 0.9971818
17.249560 11.0469770 -2.6964684 137.0099030 0.0089031 0.0746312 0.0028460 0.9971674
17.561650 11.2695293 -2.7425132 138.4924927 0.0089519 0.0747842 0.0030934 0.9971548
17.873740 11.4995823 -2.7820964 140.0234222 0.0084022 0.0749970 0.0024434 0.9971454
18.185840 11.7279415 -2.8279767 141.5381622 0.0076821 0.0751961 0.0027063 0.9971355
18.601920 12.0487719 -2.8851228 143.5454712 0.0076026 0.0763890 0.0017999 0.9970475
18.914130 12.2766943 -2.9234390 145.0000916 0.0090492 0.0781590 0.0012551 0.9968991
19.330340 12.5967121 -2.9797871 146.9472809 0.0097033 0.0804761 0.0007418 0.9967090
19.642560 12.8388147 -3.0200171 148.3782959 0.0069601 0.0821163 0.0021072 0.9965962
19.954770 13.0736399 -3.0595026 149.7501678 0.0066308 0.0833350 0.0017487 0.9964980
20.266990 13.3096371 -3.0902336 151.0533905 0.0064548 0.0844593 0.0033935 0.9964002
20.683200 13.6043692 -3.1383848 152.6795959 0.0056578 0.0858317 0.0034171 0.9962877
20.995290 13.7985764 -3.1631954 153.8033905 0.0066636 0.0869282 0.0036644 0.9961855
21.307500 14.0099125 -3.1900094 154.9294586 0.0069460 0.0879992 0.0042765 0.9960871
21.515610 14.1390324 -3.2057350 155.6532440 0.0066537 0.0886950 0.0047018 0.9960255
21.827700 14.3430071 -3.2306292 156.7236023 0.0065565 0.0898986 0.0045019 0.9959192
22.139790 14.5440321 -3.2579069 157.7876129 0.0087676 0.0911733 0.0049743 0.9957840
22.451880 14.7658386 -3.2833662 158.9418182 0.0093375 0.0925822 0.0048185 0.9956496
22.763980 15.0067053 -3.3171589 160.2053375 0.0098652 0.0941004 0.0046612 0.9955029
23.076070 15.2765026 -3.3485477 161.5763855 0.0105398 0.0952405 0.0048531 0.9953867
23.388160 15.5736370 -3.3762488 163.0656433 0.0107243 0.0961755 0.0056760 0.9952904
23.700250 15.8844194 -3.4288883 164.6280823 0.0100123 0.0965505 0.0054092 0.9952630
24.012220 16.2037735 -3.4684532 166.2269135 0.0101836 0.0971060 0.0056929 0.9952056
24.428300 16.6358337 -3.5416365 168.3936310 0.0099430 0.0976322 0.0058652 0.9951556
24.740390 16.9873028 -3.5837765 170.1045380 0.0108705 0.0978433 0.0053553 0.9951280
25.156480 17.4953194 -3.6655779 172.5749664 0.0118091 0.0992839 0.0055209 0.9949738
25.468690 17.8903885 -3.7181509 174.5252380 0.0106599 0.1007848 0.0051035 0.9948381
25.780910 18.3206577 -3.7755084 176.5227203 0.0079650 0.1021230 0.0062410 0.9947203
25.989010 18.6006069 -3.8128958 177.8403931 0.0076091 0.1030379 0.0061913 0.9946291
26.301230 19.0119820 -3.8677855 179.7664337 0.0077691 0.1045565 0.0055660 0.9944730
26.509330 19.2930031 -3.8955722 181.0581055 0.0078227 0.1054493 0.0056809 0.9943777
26.821550 19.7225666 -3.9458029 182.9654541 0.0069383 0.1067685 0.0055867 0.9942440
27.029530 20.0132561 -3.9372864 184.2582245 0.0069741 0.1074593 0.0071871 0.9941590
