000016 0 278 159 417 266 7.370404
000016 3 447 166 535 211 18.711264
000016 0 278 152 415 259 7.163791
000017 1 742 166 938 374 7.946066
000018 0 278 158 412 263 6.553152
000018 1 737 170 932 374 16.846876
000018 3 462 166 551 212 18.924623
000019 0 279 165 411 269 6.570085
000019 1 731 174 925 374 8.973517
000019 0 281 172 410 275 6.12253
000020 0 282 178 409 281 5.294763
000020 1 718 177 910 374 8.483601
000020 3 484 180 576 227 17.838776
000021 0 287 176 410 278 5.611917
000021 1 710 176 901 374 9.826885
000021 3 494 178 586 225 16.808128
000022 0 291 172 410 273 6.868712
000022 1 703 175 892 374 10.811019
000022 3 503 176 595 223 16.178782
000023 0 296 169 411 268 4.458724
000023 1 695 175 883 374 13.1933
000023 3 512 174 605 222 15.101944
000024 0 301 169 412 268 4.588395
000024 1 688 174 875 374 11.265999
000025 0 305 170 412 267 11.211139
000025 1 679 172 861 373 8.923686
000025 3 529 170 623 218 15.830797
000026 0 313 159 414 256 6.288635
000026 1 669 170 847 368 12.427309
000026 3 533 168 629 217 17.346247
000027 0 321 154 416 249 6.934242
000027 1 660 168 834 363 12.557769
000027 3 544 165 640 215 17.166918
000028 0 321 154 416 249 6.934242
000028 1 660 168 834 363 12.557769
000028 3 544 165 640 215 17.166918
000029 1 651 166 821 358 10.091575
000029 3 552 163 649 213 18.563757
000030 0 334 157 422 250 10.983052
000030 1 643 164 808 354 7.180946
000030 3 559 161 658 211 21.539984
000031 0 344 158 431 250 10.607849
000031 1 626 163 782 349 7.923546
000031 3 576 158 677 209 14.509741
000032 1 617 162 769 346 9.16479
000032 3 585 157 687 210 14.015737
000033 1 617 162 769 346 9.16479
000033 3 585 157 687 210 14.015737
000034 1 609 162 756 344 12.415432
000034 3 595 157 698 210 13.548601
000035 1 601 161 744 341 12.013456
000035 3 604 157 708 210 13.258415
000035 1 595 162 734 341 10.104836
000035 3 614 156 719 210 12.68709
000036 1 589 162 725 340 12.389365
000037 1 584 162 715 339 11.61549
000038 1 578 162 706 339 9.064578
000038 3 650 157 761 214 18.416691
000039 1 572 162 697 338 11.811386
000039 3 663 157 776 216 16.009205
000040 1 572 162 697 338 11.811386
000040 3 663 157 776 216 16.009205
000041 3 690 158 807 218 16.015013
000042 1 568 166 691 343 13.165504
000042 3 704 158 824 220 16.300009
000043 3 719 159 841 221 18.346245
000044 1 566 169 687 347 11.345922
000044 3 734 159 859 223 22.415747
000045 3 750 159 878 225 22.901138
000047 1 578 167 696 346 9.876289
000047 3 767 158 898 225 23.596886
000048 3 785 156 919 225 23.090429
000049 1 589 165 706 345 9.378787
000049 3 804 154 942 225 22.740448
000050 3 823 152 965 225 21.419624
000050 3 844 150 990 225 20.950024
000051 1 616 163 730 345 8.743014
000051 3 861 150 1012 226 20.507389
000052 1 626 163 739 344 8.370584
000052 3 880 149 1036 228 21.298029
000053 0 688 153 812 241 6.134319
000053 1 637 162 748 344 8.002922
000053 3 900 149 1061 230 19.647642
000054 3 921 148 1087 231 19.267479
000055 0 732 152 860 240 7.122066
000055 3 943 147 1116 233 19.534203
000056 0 754 152 886 240 13.328757
000056 3 960 146 1139 235 18.698172
000057 0 776 151 912 240 7.264534
000057 3 979 145 1163 236 19.230661
000058 3 999 143 1189 238 18.918835
000059 3 1019 142 1216 240 18.593824
000060 0 845 150 992 241 6.974932
000060 1 753 157 843 338 6.216333
000060 3 1041 140 1241 242 18.382265
000061 0 866 150 1016 241 6.662436
000061 1 769 156 860 339 5.295489
000061 3 1055 139 1241 244 16.886665
000062 0 887 150 1041 241 6.59377
000062 1 785 156 877 339 4.948354
000062 3 1068 138 1241 246 16.771536
000063 3 1083 137 1241 248 16.337666
000064 0 930 150 1092 241 7.46252
000064 1 817 155 916 340 5.329427
000064 3 1098 136 1241 250 16.495441
000065 0 951 149 1118 241 6.93914
000065 1 836 156 935 339 4.23584
000065 3 1115 134 1241 253 16.713427
000066 0 971 150 1141 242 6.776952
000066 1 854 157 953 339 3.908379
000066 3 1121 134 1241 255 16.055674
000067 0 990 151 1163 243 7.054997
000067 3 1128 134 1241 257 15.394112
000068 1 889 159 990 338 3.914111
000068 3 1135 134 1241 259 15.205777
000069 0 1023 153 1198 245 15.330445
000069 3 1143 134 1241 262 15.344754
000070 0 1040 154 1216 246 10.864834
000070 3 1151 134 1241 264 14.702019
000071 3 1152 134 1241 266 14.585567
000072 0 1063 152 1239 243 7.923273
000072 1 943 158 1040 334 6.55407
000072 3 1153 134 1241 269 14.241455
000073 0 1074 151 1241 242 11.03285
000073 3 1154 134 1241 271 12.10875
000074 0 1082 153 1241 243 13.527641
000074 3 1155 134 1241 274 14.098549
000075 0 1090 155 1241 244 10.360046
000075 3 1156 134 1241 276 13.939963
000076 0 1093 157 1241 244 12.967552
000076 3 1150 135 1241 281 13.536501
000077 0 1095 159 1241 245 12.716053
000077 3 1144 136 1241 286 12.967222
000078 0 1098 160 1241 245 12.64541
000078 1 970 164 1059 327 6.710297
000078 3 1138 138 1241 291 12.6387
000079 0 1101 162 1241 246 12.482715
000079 1 971 165 1058 326 19.496725
000079 3 1132 139 1241 296 12.470806
000080 0 1103 164 1241 246 12.172359
000080 3 1125 141 1241 301 12.164681
000081 0 1103 164 1241 246 12.172359
000081 3 1125 141 1241 301 12.164681
000082 0 1098 165 1239 246 11.755049
000082 3 1117 139 1241 304 11.868363
000083 0 1093 167 1228 246 11.435248
000083 1 954 172 1036 323 6.153519
000083 3 1109 137 1241 306 11.490475
000084 0 1080 165 1203 241 10.814307
000084 3 1091 132 1241 311 10.864719
000085 0 1074 164 1192 239 10.618938
000085 3 1082 130 1241 314 10.618938
000086 0 1063 165 1173 237 10.223474
000086 1 929 169 1004 309 8.85181
000086 3 1076 128 1241 318 10.180453
000087 0 1052 165 1156 236 10.118611
000087 1 922 169 995 307 7.974236
000087 3 1071 127 1241 323 10.011453
000089 0 1041 166 1139 234 10.128117
000089 1 915 170 987 305 8.854167
000089 3 1065 125 1241 327 9.673568
000089 0 1032 166 1123 233 17.10162
000089 1 908 170 978 303 7.79253
000089 3 1059 123 1241 332 9.4561
000090 1 901 170 970 301 7.697623
000090 3 1053 122 1241 337 8.880415
000091 1 893 170 961 299 8.457732
000091 3 1054 120 1241 343 8.839177
000092 1 886 171 953 298 7.773898
000092 3 1048 117 1241 350 8.508958
000093 1 879 171 945 296 15.308665
000093 3 1037 115 1241 357 8.025886
000094 0 968 169 1033 228 15.622215
000094 3 1025 112 1241 365 7.819821
000095 3 1012 109 1241 374 7.687117
000096 3 1005 108 1241 374 7.563653
000097 3 998 106 1241 374 7.068555
000099 1 846 173 910 290 8.057398
000099 3 990 104 1241 374 6.244797
000100 3 982 101 1241 374 6.384331
000101 3 973 98 1241 374 6.307333
000101 3 971 92 1241 374 6.947983
000102 3 969 84 1241 374 6.580534
000103 3 967 81 1241 374 6.394055
000104 3 964 82 1241 374 6.252081
000105 3 962 81 1241 374 11.073956
000106 3 969 83 1241 374 12.118353
000107 1 807 174 874 283 27.480452
000107 3 977 84 1241 374 12.945552
000108 1 805 175 871 283 25.111998
000108 3 987 83 1241 374 11.332373
000109 0 730 171 781 217 39.189968
000109 1 802 175 868 283 23.955023
000109 3 998 83 1241 374 9.269731
000109 5 873 187 982 244 22.433336
000110 0 714 171 763 217 38.607914
000110 3 1012 83 1241 374 11.692017
000110 5 863 186 971 244 20.672628
000111 0 699 171 746 216 51.55545
000111 1 793 174 853 281 14.777829
000111 3 1040 81 1241 374 11.111141
000111 5 852 185 961 245 19.528215
000113 0 683 171 730 216 50.344921
000113 1 789 174 845 280 21.199596
000113 3 1075 78 1241 374 10.201003
000113 5 840 185 950 245 20.440178
000114 0 668 172 713 216 48.42387
000114 1 786 173 839 279 21.849466
000114 3 1120 75 1241 374 4.023407
000114 5 832 184 942 246 19.041872
000114 0 653 172 698 215 53.394421
000114 1 782 173 835 278 20.139364
000114 5 823 184 933 247 18.482979
000116 1 773 174 825 278 20.477839
000116 4 0 174 221 294 11.229897
000116 5 815 184 926 249 18.197693
000117 1 763 174 816 279 18.205519
000117 4 0 174 202 303 19.783464
000117 5 807 185 919 252 18.293121
000118 1 752 175 808 279 9.163336
000118 4 0 173 181 313 19.252813
000118 5 798 186 912 255 17.148418
000118 6 733 186 819 238 22.599028
000119 1 732 176 790 279 17.819559
000119 4 0 173 127 341 18.383656
000119 5 780 187 897 261 16.530811
000119 6 712 186 803 241 19.681345
000120 5 772 187 891 263 15.392362
000120 6 700 186 794 243 17.891722
000120 9 657 181 721 226 28.540293
000121 5 772 187 891 263 15.392362
000121 6 700 186 794 243 17.891722
000121 9 657 181 721 226 28.540293
000122 1 681 175 742 276 19.713779
000122 5 756 187 878 269 14.263195
000122 6 676 187 775 247 18.755957
000122 7 395 180 468 234 20.490187
000122 9 632 181 698 227 24.54496
000123 1 665 175 727 275 18.808001
000123 5 747 187 871 272 14.114745
000123 6 665 186 768 248 17.743429
000123 7 374 181 451 236 19.532034
000123 9 619 180 686 227 25.040096
000124 1 648 175 711 275 19.022543
000124 5 738 187 864 275 13.123881
000124 6 654 186 760 250 16.37413
000124 7 352 181 433 239 17.863041
000124 9 605 179 674 228 23.535254
000124 10 577 180 637 218 26.975271
000125 1 630 174 693 274 17.934443
000125 5 730 186 860 278 12.531401
000125 6 642 185 751 251 15.687392
000125 7 328 181 414 242 17.743349
000125 9 591 179 661 229 28.352434
000125 10 566 180 627 220 27.852943
000126 1 611 174 674 274 16.862429
000126 5 722 185 855 281 11.9696
000126 6 629 185 742 253 16.386257
000126 7 303 182 394 244 17.402746
000126 8 340 177 410 234 22.240883
000126 9 579 179 651 230 22.078876
000126 10 554 180 617 221 25.60597
000126 14 534 183 578 214 26.136883
000127 5 714 184 851 284 11.407428
000127 6 616 184 732 254 14.836728
000127 7 275 184 374 250 17.182585
000127 8 321 177 393 237 21.32478
000127 9 568 178 641 231 25.752884
000127 10 541 180 606 222 25.202906
000127 14 523 183 567 214 25.307312
000128 0 444 172 484 213 21.404383
000128 1 574 173 637 273 19.503393
000128 5 712 183 852 288 10.802591
000128 6 612 185 732 258 14.576262
000128 7 253 186 359 255 16.568792
000128 8 301 178 375 239 19.472008
000128 9 555 178 630 232 22.172052
000128 10 528 181 594 223 24.855864
000128 14 512 183 556 214 24.767427
000129 1 556 173 618 273 20.029987
000129 5 710 182 853 292 10.382502
000129 6 608 185 733 262 14.099524
000129 7 229 188 343 261 16.054113
000129 8 288 181 358 245 19.006104
000129 9 549 179 626 235 21.679646
000129 10 522 182 589 225 24.27186
000129 14 506 184 551 216 24.220024
000130 1 544 174 605 274 21.87219
000130 5 713 182 862 299 9.834152
000130 6 603 186 734 266 13.294947
000130 7 210 190 330 267 17.848635
000130 8 270 186 352 252 18.190647
000130 9 542 180 622 237 21.954874
000130 10 516 182 585 227 23.658014
000130 11 304 190 355 233 24.477015
000130 14 500 185 545 219 23.67425
000131 1 532 175 592 275 20.72768
000131 5 717 182 873 307 9.264537
000131 6 599 186 734 270 12.869028
000131 7 188 193 317 274 16.075823
000131 8 257 186 342 254 16.657303
000131 9 541 181 622 240 18.1222
000131 10 509 183 580 229 21.047411
000131 11 294 190 350 235 24.994587
000131 14 494 187 540 221 23.141851
000132 1 523 176 583 276 21.667908
000132 5 722 182 884 316 8.865012
000132 6 593 187 735 275 13.600115
000132 7 171 196 309 281 15.544199
000132 8 243 186 332 257 16.212877
000132 9 540 181 623 242 21.294912
000132 10 511 183 583 230 22.119951
000132 11 284 190 345 236 27.262396
000132 14 492 187 540 222 22.523397
000134 1 515 177 575 277 21.900095
000134 5 733 181 901 326 8.369633
000134 6 596 186 744 278 11.821878
000134 7 153 199 301 290 15.006819
000134 8 232 188 327 262 16.34601
000134 9 538 182 624 245 20.187611
000134 10 514 182 586 230 21.900095
000134 11 278 190 340 238 20.341413
000134 14 491 188 539 223 21.475817
000135 1 507 178 566 278 20.864056
000135 5 746 181 921 338 7.770482
000135 6 599 184 755 281 11.315204
000135 7 139 197 296 291 14.926681
000135 8 226 187 326 262 16.279156
000135 9 541 180 629 244 19.173586
000135 10 516 182 590 231 19.11771
000135 11 272 191 334 239 23.523172
000135 14 490 188 539 225 22.160202
000136 1 505 176 563 276 21.056795
000136 5 766 180 960 353 7.107444
000136 6 606 183 771 285 11.31224
000136 7 124 196 291 293 14.534596
000136 8 221 185 325 263 15.219249
000136 9 543 177 634 244 18.898552
000136 10 519 181 593 232 18.718779
000136 11 275 191 339 242 18.940901
000136 14 502 182 553 219 21.245811
000137 0 429 170 465 209 21.525785
000137 1 504 174 561 274 18.586874
000137 5 790 179 1010 371 6.535227
000137 6 613 180 789 289 10.937807
000137 7 107 194 285 295 13.78583
000137 8 215 183 325 263 14.467545
000137 9 550 175 644 244 18.402079
000137 10 524 179 600 231 17.586611
000137 11 275 191 339 242 19.15708
000137 14 502 182 553 219 14.263148
000138 0 437 169 473 208 21.436768
000138 1 506 172 562 272 18.533257
000138 5 820 177 1071 374 5.800547
000138 6 621 178 810 293 10.777864
000138 7 93 194 284 301 13.941791
000138 8 209 181 324 263 15.471957
000138 9 557 172 654 244 17.082695
000138 10 528 176 607 230 16.343773
000138 11 276 191 342 243 19.745935
000138 14 509 179 561 216 17.676256
000139 0 451 167 487 205 16.188524
000139 5 904 172 1241 374 4.630318
000139 6 645 179 866 314 8.069731
000139 7 62 196 282 314 12.288038
000139 8 205 180 331 267 15.20243
000139 9 576 171 681 249 15.498979
000139 10 542 175 625 231 17.402491
000139 11 280 191 352 246 16.712402
000139 12 726 160 756 231 8.773823
000139 13 311 186 366 227 21.115095
000139 14 527 177 581 217 18.578032
000140 0 462 168 497 206 26.549433
000140 1 515 168 569 268 23.697157
000140 6 659 180 902 327 7.591354
000140 7 44 196 281 322 11.890952
000140 8 201 181 335 271 14.32864
000140 9 587 170 697 251 15.032578
000140 10 551 175 636 233 15.358542
000140 11 282 191 358 248 16.31797
000140 12 745 159 771 234 7.576607
000140 13 316 187 373 229 21.463299
000140 14 536 180 591 221 19.06049
000141 1 519 169 573 269 19.939184
000141 6 675 181 945 342 6.92162
000141 7 23 197 279 331 11.311062
000141 8 197 181 338 275 14.773827
000141 9 597 170 711 255 14.867948
000141 10 561 176 649 236 16.095572
000141 11 284 192 364 249 16.718355
000141 12 764 159 794 238 7.453543
000141 13 321 187 380 230 20.447321
000141 14 545 183 601 225 17.585129
000142 1 523 169 577 270 14.360464
000142 6 693 182 997 361 7.302353
000142 7 0 197 275 339 10.762513
000142 8 193 182 342 280 15.291262
000142 9 607 171 728 260 12.758832
000142 10 572 177 662 239 15.259604
000142 11 287 192 370 251 17.000286
000142 12 785 159 816 242 6.671167
000142 13 326 188 387 232 20.997019
000142 14 554 181 611 223 17.48587
000143 1 527 170 581 271 20.550318
000143 6 710 182 1058 374 6.629264
000143 7 0 197 269 349 10.240853
000143 8 186 181 344 283 14.659335
000143 9 618 171 746 265 12.755784
000143 10 583 178 676 242 15.306607
000143 11 289 192 376 253 16.686117
000143 13 331 188 394 233 20.179701
000143 14 562 181 622 225 16.960096
000146 1 537 170 591 270 25.020273
000146 6 751 184 1241 374 5.598727
000146 7 0 197 257 373 9.474089
000146 8 169 178 347 290 14.181516
000146 9 644 172 789 277 11.898783
000146 10 601 176 702 245 16.003717
000146 11 290 190 385 254 15.832548
000146 13 339 187 406 233 19.663609
000146 14 582 182 645 229 18.514523
000147 6 778 185 1241 374 4.84797
000147 7 0 197 249 374 9.073563
000147 8 159 176 349 293 13.680705
000147 9 655 170 811 282 12.273896
000147 10 611 174 717 247 15.558961
000147 11 290 188 389 255 16.657845
000147 12 886 155 931 260 5.572756
000147 13 342 185 412 233 20.031969
000147 14 592 183 657 231 15.462588
000148 6 811 186 1241 374 3.675241
000148 7 0 198 235 374 8.781268
000148 8 148 174 350 297 13.50767
000148 9 668 167 837 288 10.516201
000148 10 622 173 733 249 14.278553
000148 11 286 187 392 256 15.783734
000148 13 345 183 418 232 19.829794
000148 14 601 179 668 228 18.509571
000149 6 843 187 1241 374 4.099887
000149 7 0 199 218 374 8.545263
000149 8 108 175 346 314 11.811428
000149 9 695 166 897 307 9.884372
000149 10 642 172 766 256 11.082534
000149 11 277 187 395 262 14.949134
000149 12 990 150 1052 284 4.188138
000149 13 348 183 425 234 21.440948
000149 14 618 176 690 229 16.165808
000150 7 0 202 176 374 7.950752
000150 8 84 176 343 325 11.433471
000150 9 709 167 933 321 9.091566
000150 10 651 173 783 262 11.704075
000150 11 272 189 395 267 14.000429
000150 13 347 184 426 238 19.434698
000150 14 625 178 700 233 17.523899
000151 7 0 203 150 374 7.598094
000151 8 50 177 336 337 10.877094
000151 9 723 167 974 337 8.132209
000151 10 661 174 802 268 11.174243
000151 11 265 190 396 272 14.142085
000151 13 346 185 427 241 18.106796
000151 14 634 180 712 237 18.191816
000152 7 0 207 111 374 7.099552
000152 8 12 178 329 351 10.300378
000152 9 738 167 1023 356 7.923946
000152 10 670 176 821 275 10.011329
000152 11 256 192 395 279 13.885172
000152 13 345 187 429 244 17.633036
000152 14 642 181 724 241 17.929155
000153 8 0 177 319 367 9.491549
000153 9 756 167 1086 374 7.389386
000153 10 680 177 842 284 8.980757
000153 11 245 194 394 286 13.417025
000153 13 344 188 430 248 16.895729
000153 14 652 183 737 246 15.365952
