1.446209 -0.034904011 -0.002860916 0.814628482 -0.003568710 -0.017856659 0.002586351 0.999830842
1.549590 -0.052930344 0.004319923 1.082130313 -0.003034187 -0.023961714 0.002409360 0.999705374
1.652849 -0.077621654 0.007088890 1.351119518 -0.004833894 -0.029605992 0.001210012 0.999549210
1.756104 -0.111995690 0.008724491 1.635157943 -0.002658328 -0.035239846 0.000226897 0.999375284
1.859357 -0.144791901 -0.005196612 1.873671174 0.000998450 -0.040847324 0.000073306 0.999164879
1.962753 -0.169458523 -0.000036070 2.143844366 0.004975792 -0.047069650 0.001590912 0.998877943
2.066000 -0.194540113 0.003970344 2.405201197 0.007426837 -0.053252593 0.003910577 0.998545766
2.169256 -0.235415548 0.016835336 2.674256086 0.006921481 -0.059238806 0.004772173 0.998208404
2.272513 -0.284659266 0.018230500 2.964426756 0.004054903 -0.065349855 0.003802001 0.997846901
2.375777 -0.335015267 0.020012453 3.240924835 0.002014311 -0.071329288 0.002747010 0.997447014
2.479036 -0.385632634 0.018343480 3.523429632 0.002149163 -0.077463716 0.002871585 0.996988714
2.582435 -0.443743408 0.024618519 3.787612677 0.002084627 -0.082866021 0.002177787 0.996556103
2.685662 -0.501710773 0.017599769 4.069243908 -0.002328438 -0.089516155 0.000015416 0.995982647
2.788919 -0.568495512 0.004688926 4.345817089 -0.006284144 -0.095459245 -0.000394092 0.995413423
2.892184 -0.626015007 0.008153707 4.613365650 -0.007310457 -0.100953527 0.002502851 0.994861126
2.995438 -0.684535921 0.011945046 4.892907143 -0.006635579 -0.107112154 0.005215222 0.994211137
3.098702 -0.749931812 0.017956890 5.160406113 -0.006297913 -0.113076970 0.006792544 0.993543088
3.201946 -0.838408768 0.028691985 5.437770367 -0.005149634 -0.119093865 0.003372645 0.992863894
3.305223 -0.924142838 0.037234791 5.709494114 -0.004043786 -0.125601918 0.000805024 0.992072165
3.408457 -1.005530357 0.038312338 5.999702454 -0.004472862 -0.132241786 0.002267196 0.991204798
3.511728 -1.095439315 0.048080623 6.280269146 -0.005586917 -0.138094202 0.004932391 0.990391016
3.614985 -1.195720673 0.052418642 6.575943470 -0.007565273 -0.144279510 0.005518937 0.989492655
3.718233 -1.312716007 0.059249792 6.881218910 -0.008965267 -0.151361391 0.003641198 0.988431156
3.821497 -1.421164989 0.059124641 7.186296940 -0.008737480 -0.158496395 0.003762927 0.987313747
3.924628 -1.532150507 0.065570906 7.507761955 -0.007332459 -0.166006252 0.003912341 0.986089706
4.027884 -1.667312384 0.070194170 7.817307472 -0.006486703 -0.173124775 0.004143315 0.984869838
4.131129 -1.806476831 0.068224952 8.143797874 -0.006578665 -0.180893049 0.005392355 0.983465970
4.234394 -1.938165784 0.081724137 8.482594490 -0.005843417 -0.189683735 0.007966747 0.981795549
4.337525 -2.091472149 0.099419139 8.817162514 -0.003682976 -0.198011622 0.009279815 0.980148852
4.440780 -2.256951571 0.102690428 9.168983459 -0.001971688 -0.207016230 0.006981278 0.978310585
4.544037 -2.435076714 0.096423209 9.500566483 -0.002090939 -0.216227084 0.005344464 0.976326227
4.647168 -2.620254517 0.102777503 9.862923622 -0.002747929 -0.225786373 0.005018167 0.974160016
4.750429 -2.809412956 0.105303273 10.211532593 -0.003746073 -0.235348552 0.005849448 0.971886218
4.853691 -3.003381729 0.115197316 10.554153442 -0.003989040 -0.244738713 0.006405349 0.969559669
4.956818 -3.203294754 0.122135773 10.896096230 -0.004501936 -0.254035920 0.005948325 0.967166007
5.060066 -3.426501513 0.118939281 11.225378036 -0.005301517 -0.262878299 0.005158087 0.964800656
5.163211 -3.636727810 0.114323355 11.538835526 -0.005749158 -0.271726847 0.004227038 0.962347984
5.266457 -3.851343155 0.118225954 11.857171059 -0.005863838 -0.280249685 0.003174109 0.959903955
5.369720 -4.094233990 0.119696654 12.182765007 -0.005987741 -0.288085759 0.002981814 0.957581222
5.472849 -4.325250626 0.145058066 12.483695030 -0.005521926 -0.295561343 0.002666566 0.955304086
5.576103 -4.573861122 0.140251786 12.794142723 -0.006061587 -0.302658796 0.001987515 0.953077614
5.679228 -4.804828644 0.156217828 13.092864990 -0.006175317 -0.309593379 0.001463737 0.950847864
5.782505 -5.069581032 0.164093181 13.403391838 -0.006025063 -0.315554410 0.001314478 0.948887467
5.885749 -5.308695793 0.175961971 13.696925163 -0.006130655 -0.321412921 0.001327407 0.946918368
5.989006 -5.560477257 0.193270817 13.982513428 -0.006501643 -0.326344341 0.000733672 0.945228338
6.092262 -5.829852104 0.204234168 14.290542603 -0.006733587 -0.330604315 0.000604039 0.943745255
6.195521 -6.078814507 0.214845926 14.559465408 -0.006459326 -0.334084839 0.000380042 0.942520797
6.298771 -6.305584908 0.214161873 14.852071762 -0.006391579 -0.337465763 -0.000057167 0.941316068
6.402168 -6.541944504 0.242895544 15.124156952 -0.006082094 -0.339501619 -0.000036199 0.940585792
6.505550 -6.790476322 0.240304053 15.412734985 -0.006632560 -0.340956509 0.000341989 0.940055609
6.608924 -7.032616615 0.250400245 15.673120499 -0.006232216 -0.340812474 0.000529757 0.940110505
6.712185 -7.227583885 0.233883262 15.934720039 -0.006348230 -0.340883225 0.000473427 0.940084100
6.815696 -7.469445705 0.253891885 16.258010864 -0.005138282 -0.340577275 0.001062929 0.940201879
6.919058 -7.692481995 0.266460180 16.514471054 -0.003416403 -0.338234276 0.001719898 0.941054165
7.022453 -7.943109035 0.244964957 16.793628693 -0.002513560 -0.334632516 0.001935579 0.942343354
7.125949 -8.148222923 0.265821695 17.103397369 -0.001986438 -0.331540883 0.002241567 0.943436086
7.229339 -8.371529579 0.269346565 17.382059097 -0.002752719 -0.326680511 0.001437578 0.945129752
7.332842 -8.618144989 0.287019491 17.700588226 -0.003176815 -0.321158856 0.000250454 0.947019994
7.436232 -8.818728447 0.303278744 18.003025055 -0.003269443 -0.315026462 -0.000939761 0.949076772
7.539725 -9.043858528 0.285678506 18.267108917 -0.004394897 -0.306649983 -0.001548133 0.951810956
7.643234 -9.251626968 0.301699102 18.601236343 -0.003688419 -0.299391031 -0.001615760 0.954122007
7.746739 -9.445841789 0.303124726 18.906171799 -0.002998186 -0.290520251 -0.001715191 0.956862569
7.850288 -9.637844086 0.296477854 19.203742981 -0.002459318 -0.280380070 -0.002732293 0.959882021
7.953756 -9.826330185 0.304013759 19.522891998 -0.001196958 -0.270151794 -0.003870335 0.962809205
8.057144 -9.993499756 0.304928064 19.826751709 -0.000236019 -0.259789377 -0.005037789 0.965652168
8.160643 -10.157631874 0.304539233 20.134857178 0.000116297 -0.248972103 -0.004340386 0.968500912
8.264159 -10.314682961 0.309244990 20.464618683 0.000690173 -0.237845004 -0.003800695 0.971295416
8.367539 -10.464946747 0.318829656 20.787706375 0.001797577 -0.226046979 -0.003911632 0.974106908
8.470921 -10.612158775 0.320397109 21.112751007 0.002677654 -0.213730529 -0.003915866 0.976881146
8.574427 -10.742068291 0.314438820 21.459959030 0.002398012 -0.201604322 -0.002817251 0.979460061
8.677810 -10.871732712 0.319306493 21.803350449 0.002175444 -0.188697144 -0.001232980 0.982032120
8.781190 -10.982931137 0.323452145 22.156169891 0.001769010 -0.176233381 -0.000512288 0.984346688
8.884573 -11.093418121 0.332306206 22.517702103 0.002071019 -0.163288578 -0.000722036 0.986575902
8.987944 -11.206658363 0.325189948 22.881221771 0.001949159 -0.150442779 -0.001724898 0.988615274
9.091324 -11.298171997 0.319945097 23.245586395 0.001826669 -0.137681633 -0.002996123 0.990470290
9.194591 -11.383310318 0.331417561 23.627353668 0.001868734 -0.125143126 -0.001891554 0.992135108
9.297974 -11.453132629 0.319062352 24.007579803 0.001245837 -0.112857774 -0.000893862 0.993609965
9.401229 -11.520093918 0.327435017 24.393411636 0.001392758 -0.100244105 -0.001341035 0.994960964
9.504612 -11.584873199 0.324128389 24.786231995 0.001424267 -0.087830029 -0.002603238 0.996131063
9.607868 -11.633819580 0.320737064 25.187385559 0.000715654 -0.075770140 -0.003301477 0.997119606
9.711117 -11.680278778 0.327943057 25.604074478 0.000021454 -0.063566931 -0.003933482 0.997969806
9.814374 -11.720518112 0.333689302 26.026229858 -0.000191939 -0.051177576 -0.005710898 0.998673260
9.917513 -11.750200272 0.331098944 26.443374634 -0.000062747 -0.038781352 -0.007856623 0.999216795
10.020770 -11.766829491 0.333049506 26.869142532 0.000234757 -0.025981039 -0.009225789 0.999619842
10.124030 -11.766756058 0.339088619 27.295839310 0.000212078 -0.013305123 -0.009624412 0.999865115
10.227410 -11.754667282 0.340835601 27.734800339 0.000060483 -0.000606785 -0.009904651 0.999950767
10.330660 -11.733967781 0.346569210 28.170587540 -0.000699241 0.012476106 -0.010572259 0.999866068
10.433920 -11.701277733 0.346268892 28.621015549 -0.001745741 0.025028873 -0.011586939 0.999618053
10.537050 -11.662329674 0.349556029 29.080957413 -0.002750147 0.037306726 -0.012653027 0.999219954
10.640310 -11.609408379 0.352273166 29.548955917 -0.003251606 0.049278837 -0.013251659 0.998691857
10.743570 -11.543491364 0.356193960 30.012397766 -0.003036813 0.061242547 -0.014053952 0.998019338
10.846820 -11.468519211 0.358615875 30.494770050 -0.002637490 0.073586196 -0.014304022 0.997182786
10.950080 -11.372383118 0.364161253 30.967878342 -0.002548921 0.085674390 -0.014809689 0.996209860
11.053340 -11.264884949 0.368256807 31.453365326 -0.002449604 0.097381316 -0.015285865 0.995126724
11.156470 -11.153205872 0.374257714 31.949625015 -0.002171600 0.108764328 -0.015785223 0.993939817
11.259720 -11.017358780 0.377889007 32.442638397 -0.002456709 0.119604312 -0.015964648 0.992690265
11.362980 -10.876367569 0.383168101 32.942752838 -0.003107456 0.130622312 -0.016178010 0.991295338
11.466110 -10.721962929 0.382670492 33.442207336 -0.004062293 0.141386092 -0.016404718 0.989810288
11.569370 -10.559143066 0.388778061 33.949626923 -0.004509235 0.152170613 -0.016181804 0.988211453
11.672620 -10.385436058 0.393633068 34.454044342 -0.004831792 0.162438110 -0.015925730 0.986578345
11.775750 -10.202137947 0.396810770 34.952293396 -0.004575362 0.171971500 -0.015818050 0.984964311
11.879010 -10.006546021 0.397130787 35.446327209 -0.004389631 0.181025341 -0.015496124 0.983346522
11.982270 -9.809334755 0.398941308 35.935066223 -0.003957770 0.190000653 -0.015826110 0.981648445
12.085400 -9.593198776 0.393845618 36.422729492 -0.003545438 0.199018314 -0.016270684 0.979854286
12.188660 -9.374283791 0.391659796 36.904273987 -0.003162337 0.207975104 -0.016348435 0.977992356
12.291920 -9.130640984 0.392145276 37.386184692 -0.002769786 0.216746852 -0.015761759 0.976096690
12.395050 -8.897218704 0.396164358 37.845455170 -0.002604943 0.225641489 -0.015481442 0.974083900
12.498300 -8.655389786 0.390382618 38.320045471 -0.002901297 0.234739706 -0.015868871 0.971924424
12.601560 -8.392576218 0.393267006 38.788204193 -0.003078769 0.243502825 -0.015986491 0.969763517
12.704820 -8.132510185 0.393157065 39.247543335 -0.002961969 0.252604544 -0.015196165 0.967445731
12.807950 -7.852687836 0.395620644 39.700279236 -0.002566932 0.261482418 -0.013342135 0.965112627
12.911210 -7.563853264 0.386883765 40.153053284 -0.002498903 0.270260811 -0.010398309 0.962727785
13.014460 -7.265411377 0.393463343 40.594924927 -0.002016777 0.278401613 -0.007998760 0.960429311
13.117720 -6.961786270 0.384449899 41.033664703 -0.001923739 0.285719246 -0.004780483 0.958299518
13.220850 -6.647338867 0.389116168 41.476680756 -0.000932619 0.291266054 -0.001472707 0.956640542
13.323980 -6.343305588 0.388858765 41.916564941 0.000341692 0.295334041 0.001670729 0.955392540
13.426990 -6.029602051 0.390250087 42.367107391 0.001814170 0.298156112 0.004337394 0.954505503
13.530120 -5.709133148 0.396427572 42.814331055 0.003296015 0.299504757 0.006587185 0.954066396
13.633180 -5.399217606 0.392730057 43.252994537 0.004320452 0.299427956 0.008772902 0.954068780
13.736130 -5.077619553 0.389114261 43.712379456 0.004918680 0.298187017 0.011181173 0.954429269
13.839140 -4.760723114 0.397509813 44.175079346 0.003921599 0.295452356 0.011607395 0.955278873
13.942200 -4.449108124 0.401741028 44.651298523 0.001953112 0.291382909 0.012556527 0.956522107
14.045280 -4.157968521 0.402068704 45.129959106 0.000222130 0.287034065 0.014435995 0.957811594
14.148280 -3.832061768 0.406167567 45.609573364 -0.000872031 0.280494660 0.016994748 0.959704697
14.251300 -3.531049728 0.410709053 46.103416443 -0.001795823 0.273386508 0.016654067 0.961758435
14.354430 -3.254621506 0.424151570 46.600959778 -0.001762596 0.266711801 0.015702885 0.963646770
14.457560 -2.969139099 0.434577078 47.101440430 -0.001457251 0.259373516 0.014284723 0.965670347
14.560550 -2.690578461 0.441455334 47.610527039 -0.000603208 0.252001524 0.014943756 0.967611253
14.663690 -2.412221909 0.443815768 48.134273529 -0.000066511 0.244873017 0.014817575 0.969441950
14.766810 -2.153488159 0.453496665 48.653591156 0.000083823 0.237917349 0.013355382 0.971193552
14.869950 -1.911973953 0.457309723 49.197570801 -0.000076652 0.231214702 0.011706033 0.972832322
14.973210 -1.659790039 0.461685419 49.742923737 -0.000878996 0.224808037 0.011120107 0.974339247
15.076470 -1.406736374 0.470104754 50.307579041 -0.001698201 0.218245506 0.010799388 0.975832641
15.179730 -1.168798447 0.479694277 50.859748840 -0.003433808 0.211908326 0.010206376 0.977230191
15.282990 -0.935340881 0.483172894 51.420524597 -0.004876410 0.206043214 0.009886334 0.978480816
15.386360 -0.717868805 0.501503527 51.983207703 -0.004334568 0.200825885 0.008754652 0.979578257
15.489640 -0.477699280 0.503140628 52.562622070 -0.003347313 0.195512861 0.008348334 0.980659902
15.593000 -0.255706787 0.509798408 53.140647888 -0.001765185 0.190829694 0.007491823 0.981592953
15.696260 -0.038938522 0.518064976 53.709732056 -0.000180768 0.186921865 0.006716168 0.982351840
15.799640 0.180036545 0.526992500 54.292652130 0.000579692 0.183320180 0.007029427 0.983027935
