1.136439 0.0000000 0.0000000 0.0000000 0.0000000 0.0000000 0.0000000 1.0000000
1.446209 -0.0349040 -0.0028609 0.8146286 -0.0035687 -0.0178567 0.0025864 0.9998308
1.549590 -0.0529304 0.0043199 1.0821304 -0.0030342 -0.0239617 0.0024094 0.9997054
1.652849 -0.0776217 0.0070889 1.3511196 -0.0048339 -0.0296060 0.0012100 0.9995492
1.859357 -0.1447919 -0.0051966 1.8736712 0.0009985 -0.0408473 0.0000733 0.9991649
2.066000 -0.1945402 0.0039703 2.4052017 0.0074268 -0.0532526 0.0039106 0.9985458
2.169256 -0.2354156 0.0168353 2.6742561 0.0069215 -0.0592388 0.0047722 0.9982084
2.582435 -0.4437434 0.0246185 3.7876129 0.0020846 -0.0828660 0.0021778 0.9965562
2.685662 -0.5017108 0.0175998 4.0692434 -0.0023284 -0.0895162 0.0000154 0.9959826
2.892184 -0.6260151 0.0081537 4.6133657 -0.0073105 -0.1009535 0.0025029 0.9948611
3.098702 -0.7499319 0.0179569 5.1604056 -0.0062979 -0.1130770 0.0067925 0.9935430
3.305223 -0.9241428 0.0372348 5.7094936 -0.0040438 -0.1256019 0.0008050 0.9920722
3.511728 -1.0954391 0.0480806 6.2802691 -0.0055869 -0.1380942 0.0049324 0.9903911
3.614985 -1.1957211 0.0524186 6.5759430 -0.0075653 -0.1442795 0.0055189 0.9894927
3.821497 -1.4211651 0.0591246 7.1862979 -0.0087375 -0.1584964 0.0037629 0.9873137
4.027884 -1.6673127 0.0701942 7.8173075 -0.0064867 -0.1731248 0.0041433 0.9848698
4.234394 -1.9381660 0.0817242 8.4825954 -0.0058434 -0.1896837 0.0079667 0.9817955
4.440780 -2.2569516 0.1026904 9.1689835 -0.0019717 -0.2070162 0.0069813 0.9783106
4.647168 -2.6202543 0.1027775 9.8629236 -0.0027479 -0.2257864 0.0050182 0.9741600
4.853691 -3.0033810 0.1151973 10.5541544 -0.0039890 -0.2447387 0.0064053 0.9695597
5.163211 -3.6367273 0.1143233 11.5388355 -0.0057492 -0.2717268 0.0042270 0.9623480
5.369720 -4.0942335 0.1196967 12.1827650 -0.0059877 -0.2880858 0.0029818 0.9575812
5.576103 -4.5738621 0.1402518 12.7941437 -0.0060616 -0.3026588 0.0019875 0.9530776
5.782505 -5.0695801 0.1640932 13.4033918 -0.0060251 -0.3155544 0.0013145 0.9488875
6.092262 -5.8298497 0.2042342 14.2905416 -0.0067336 -0.3306043 0.0006040 0.9437453
6.298771 -6.3055859 0.2141618 14.8520699 -0.0063916 -0.3374658 -0.0000572 0.9413161
6.505550 -6.7904768 0.2403041 15.4127340 -0.0066326 -0.3409565 0.0003420 0.9400556
6.815696 -7.4694452 0.2538919 16.2580109 -0.0051383 -0.3405772 0.0010629 0.9402019
7.125949 -8.1482229 0.2658217 17.1033974 -0.0019864 -0.3315409 0.0022416 0.9434361
7.332842 -8.6181459 0.2870195 17.7005882 -0.0031768 -0.3211589 0.0002505 0.9470200
7.643234 -9.2516289 0.3016991 18.6012363 -0.0036884 -0.2993911 -0.0016158 0.9541220
7.953756 -9.8263302 0.3040138 19.5228920 -0.0011970 -0.2701518 -0.0038703 0.9628092
8.264159 -10.3146830 0.3092450 20.4646187 0.0006902 -0.2378450 -0.0038007 0.9712954
8.574427 -10.7420692 0.3144388 21.4599590 0.0023980 -0.2016043 -0.0028173 0.9794601
8.781190 -10.9829321 0.3234522 22.1561699 0.0017690 -0.1762334 -0.0005123 0.9843467
9.091324 -11.2981710 0.3199452 23.2455864 0.0018267 -0.1376816 -0.0029961 0.9904703
9.297974 -11.4531326 0.3190624 24.0075817 0.0012458 -0.1128578 -0.0008939 0.9936100
9.504612 -11.5848751 0.3241285 24.7862320 0.0014243 -0.0878300 -0.0026032 0.9961311
9.711117 -11.6802788 0.3279431 25.6040745 0.0000215 -0.0635669 -0.0039335 0.9979698
9.917513 -11.7502012 0.3310989 26.4433765 -0.0000627 -0.0387814 -0.0078566 0.9992169
10.124030 -11.7667570 0.3390887 27.2958412 0.0002121 -0.0133051 -0.0096244 0.9998651
10.330660 -11.7339678 0.3465692 28.1705894 -0.0006992 0.0124761 -0.0105723 0.9998660
10.537050 -11.6623287 0.3495560 29.0809593 -0.0027501 0.0373067 -0.0126530 0.9992200
10.743570 -11.5434914 0.3561940 30.0123920 -0.0030368 0.0612425 -0.0140540 0.9980193
10.950080 -11.3723869 0.3641613 30.9678745 -0.0025489 0.0856744 -0.0148097 0.9962099
11.156470 -11.1532078 0.3742577 31.9496288 -0.0021716 0.1087643 -0.0157852 0.9939399
11.362980 -10.8763695 0.3831681 32.9427528 -0.0031075 0.1306223 -0.0161780 0.9912953
11.569370 -10.5591431 0.3887781 33.9496269 -0.0045092 0.1521706 -0.0161818 0.9882115
11.672620 -10.3854361 0.3936332 34.4540482 -0.0048318 0.1624381 -0.0159257 0.9865784
11.879010 -10.0065451 0.3971309 35.4463272 -0.0043896 0.1810253 -0.0154961 0.9833465
12.085400 -9.5931950 0.3938454 36.4227295 -0.0035454 0.1990183 -0.0162707 0.9798543
12.395050 -8.8972197 0.3961645 37.8454590 -0.0026049 0.2256415 -0.0154814 0.9740839
12.704820 -8.1325111 0.3931571 39.2475357 -0.0029620 0.2526045 -0.0151962 0.9674457
13.014460 -7.2654114 0.3934634 40.5949287 -0.0020168 0.2784016 -0.0079988 0.9604293
13.323980 -6.3433075 0.3888588 41.9165573 0.0003417 0.2953340 0.0016707 0.9553925
13.633180 -5.3992176 0.3927300 43.2529945 0.0043205 0.2994280 0.0087729 0.9540688
13.839140 -4.7607231 0.3975099 44.1750793 0.0039216 0.2954524 0.0116074 0.9552789
14.148280 -3.8320618 0.4061677 45.6095695 -0.0008720 0.2804947 0.0169948 0.9597047
14.560550 -2.6905804 0.4414551 47.6105232 -0.0006032 0.2520015 0.0149438 0.9676113
14.869950 -1.9119740 0.4573098 49.1975708 -0.0000767 0.2312147 0.0117060 0.9728323
15.179730 -1.1688004 0.4796943 50.8597527 -0.0034338 0.2119083 0.0102064 0.9772302
15.489640 -0.4776936 0.5031407 52.5626221 -0.0033473 0.1955129 0.0083483 0.9806599
15.696260 -0.0389366 0.5180650 53.7097321 -0.0001808 0.1869218 0.0067162 0.9823518
