000004 0 868 169 1241 374 8.082521
000004 1 747 175 960 304 5.97224
000004 2 704 177 793 248 7.396793
000004 3 345 192 440 254 13.577456
000004 0 929 167 1241 374 4.843453
000004 1 762 175 1018 325 5.239351
000004 2 711 176 809 253 6.173877
000004 3 328 191 431 257 13.462976
000004 4 483 185 518 211 11.747896
000006 1 780 176 1097 355 4.047481
000006 2 719 175 828 260 5.613507
000006 3 308 191 421 262 11.612538
000007 1 802 179 1215 374 3.508895
000007 2 727 175 850 268 9.576448
000007 3 287 192 410 268 11.386985
000007 4 476 185 514 213 22.186062
000008 1 830 182 1241 374 2.74096
000008 2 736 176 877 279 14.278258
000008 3 263 193 398 275 10.485252
000008 4 472 186 511 215 21.7138
000008 6 490 185 525 209 13.747846
000009 1 870 183 1241 374 5.480207
000009 2 746 176 911 293 7.952186
000009 3 235 195 385 285 9.435722
000009 4 468 187 508 216 21.041428
000010 2 761 177 956 311 7.452152
000010 3 201 197 370 294 8.673731
000010 4 464 187 506 218 21.679823
000010 6 483 186 521 212 22.831993
000011 2 780 178 1016 335 6.854058
000011 3 161 199 352 308 8.486643
000011 4 459 187 503 219 20.583475
000011 5 645 175 683 204 21.325577
000011 6 480 186 518 213 21.505676
000012 2 800 180 1097 368 6.715007
000012 3 112 200 331 320 7.650324
000012 4 454 188 500 220 20.370392
000012 5 646 175 686 206 20.720356
000012 6 476 186 516 213 20.922569
000013 2 827 181 1217 374 4.355335
000013 3 50 201 307 337 7.168441
000013 4 449 188 497 222 20.956181
000013 5 647 175 688 207 20.744684
000013 6 472 187 513 214 21.049551
000013 95 198 196 271 227 26.911144
000014 2 862 183 1241 374 5.139922
000014 3 0 204 277 362 6.587958
000014 4 443 188 493 224 19.659958
000014 5 648 176 691 209 20.569769
000014 6 467 187 511 215 19.777628
000014 95 186 198 262 230 26.251896
000015 2 987 189 1241 374 4.065798
000015 3 0 214 197 374 6.397708
000015 4 430 188 485 226 18.997929
000015 5 650 174 695 209 20.353149
000015 6 458 186 505 216 18.967255
000015 95 159 198 243 231 24.88368
000016 2 987 189 1241 374 4.065798
000016 3 0 214 197 374 6.397708
000016 4 430 188 485 226 18.997929
000016 5 650 174 695 209 20.353149
000016 6 458 186 505 216 18.967255
000016 95 159 198 243 231 24.88368
000017 3 0 217 145 374 5.887882
000017 4 417 189 477 230 18.161816
000017 5 653 174 702 211 18.904713
000017 6 448 187 499 220 18.190733
000017 95 129 200 221 236 24.419765
000017 97 189 199 270 235 16.464384
000018 4 409 189 473 232 16.61639
000018 5 654 173 705 212 18.093714
000018 6 443 187 496 222 16.793114
000018 7 479 180 520 213 15.270637
000018 93 12 208 113 243 23.923849
000018 94 70 206 160 241 23.669291
000018 95 113 200 210 238 21.046137
000019 4 399 192 467 237 15.909505
000019 5 656 175 709 216 17.429995
000019 6 437 190 493 225 16.103649
000019 7 475 182 518 216 14.607508
000019 9 494 183 529 210 14.607508
000019 93 0 210 98 247 23.161161
000019 94 51 208 147 245 22.967365
000020 95 96 203 198 242 20.86656
000021 4 389 194 460 242 15.363213
000021 5 658 177 714 219 17.269711
000021 6 431 192 489 229 15.616253
000021 7 472 183 516 218 16.14286
000021 9 490 183 527 210 16.14286
000021 93 0 210 83 249 22.741566
000021 94 32 211 133 248 22.399956
000021 95 78 206 185 247 23.072826
000022 4 378 194 454 245 14.668048
000022 5 660 176 718 220 16.323942
000022 6 424 191 485 230 14.668048
000022 7 468 182 513 218 19.161556
000022 9 486 183 524 211 21.268448
000022 93 0 211 66 249 22.492569
000022 94 10 209 117 248 21.877476
000022 95 58 205 171 247 21.976208
000023 4 367 194 448 247 13.947968
000023 5 662 175 723 220 16.343575
000023 6 416 191 481 231 13.947968
000023 9 484 181 522 210 24.823463
000023 94 0 208 101 248 21.281694
000023 95 36 203 157 247 20.90271
000024 4 354 194 440 250 13.403175
000024 5 664 175 729 223 14.9631
000024 6 409 190 476 232 13.901736
000024 7 459 180 508 218 20.522512
000024 9 481 180 521 210 23.225981
000024 92 1069 130 1187 182 27.352758
000024 94 0 207 85 249 20.136806
000024 95 14 203 142 249 20.257196
000025 4 339 194 432 253 12.781425
000025 5 666 174 734 224 14.591243
000025 6 400 190 471 234 13.275885
000025 7 454 179 505 218 19.884214
000025 9 477 181 518 211 22.585543
000025 92 1083 129 1207 183 26.069235
000025 94 0 206 67 247 19.497444
000025 95 0 203 125 250 19.817554
000026 4 323 194 423 256 12.239229
000026 5 669 175 741 227 13.763702
000026 6 390 191 466 237 12.405298
000026 7 449 180 502 221 19.239943
000026 9 473 182 516 213 21.939117
000026 92 1098 128 1228 184 25.473804
000026 95 0 203 108 252 20.179447
000027 4 305 194 414 261 11.142009
000027 5 672 176 749 232 12.700674
000027 6 380 192 460 240 13.619896
000027 7 444 181 500 223 18.887142
000027 9 470 183 514 215 19.849892
000027 92 1114 128 1241 186 25.252584
000027 95 0 203 89 252 19.503889
000028 4 284 194 404 265 10.642422
000028 5 676 178 757 237 12.063763
000028 6 369 194 455 245 12.988895
000028 7 439 181 496 226 18.959312
000028 9 467 183 512 216 19.722763
000029 4 261 195 392 271 10.326823
000029 6 358 193 449 246 12.243136
000029 7 433 180 493 226 18.172007
000029 9 463 182 510 216 19.161335
000029 92 1150 129 1241 190 24.219835
000030 4 234 195 379 278 9.657415
000030 6 346 192 443 248 11.702797
000030 7 427 179 490 227 17.529751
000030 9 459 181 508 216 20.715023
000030 92 1170 131 1241 192 23.721476
000030 4 202 195 364 285 9.101706
000030 6 332 190 436 250 11.246245
000030 7 420 178 487 227 16.992891
000030 9 455 181 505 217 20.070534
000030 92 1191 133 1241 194 22.777836
000031 4 164 198 347 297 8.523932
000031 6 314 192 428 256 10.942982
000031 7 412 178 482 230 15.54072
000031 9 450 181 503 219 18.259949
000032 4 118 200 327 310 7.848067
000032 5 699 174 820 257 11.012931
000032 6 295 192 418 260 10.848601
000032 7 404 178 478 232 14.854159
000032 9 445 182 500 221 17.517393
000034 4 60 202 304 326 7.133605
000034 5 706 174 840 264 8.025238
000034 6 272 193 408 266 9.477721
000034 7 395 179 473 235 14.237737
000034 9 439 182 497 223 16.865057
000034 4 0 204 276 347 6.804067
000034 5 715 174 864 273 8.652752
000034 6 246 194 396 274 9.250885
000034 7 385 179 468 238 13.706108
000034 9 434 182 494 225 17.959074
000036 4 0 207 242 373 6.429427
000036 5 724 176 894 286 8.197702
000036 6 215 198 382 285 9.117074
000036 7 373 179 462 241 13.788057
000036 9 425 181 489 225 17.178974
000037 4 0 210 198 374 5.899469
000037 5 734 174 928 297 7.811399
000037 6 173 197 364 293 8.615689
000037 7 359 179 454 245 12.412201
000037 9 417 180 484 225 17.447863
000037 10 472 182 515 211 18.381563
000038 4 0 215 142 374 5.739585
000038 5 745 173 972 314 5.583797
000038 6 122 198 343 305 8.010107
000038 7 342 179 445 249 12.136555
000038 9 407 178 478 225 16.167198
000039 4 0 221 69 374 5.252769
000039 5 758 175 1031 339 4.845901
000039 6 59 200 318 320 7.295561
000039 7 323 179 435 253 11.68515
000039 9 396 178 471 228 14.3088
000039 10 461 182 508 212 17.481546
000040 5 775 173 1112 370 4.195346
000040 6 0 203 288 343 6.443223
000040 7 301 179 425 258 11.064189
000040 9 384 179 464 231 15.013863
000041 5 796 177 1233 374 3.62108
000041 6 0 209 252 374 6.478488
000041 7 277 179 412 264 10.57392
000041 9 371 180 457 235 14.327696
000042 5 858 180 1241 374 33.141457
000042 6 0 220 161 374 5.776947
000042 7 213 178 383 279 8.532568
000042 9 339 180 438 242 12.794703
000042 10 433 184 488 219 21.218813
000043 7 171 178 365 289 7.896936
000043 9 320 181 428 246 12.211439
000043 10 424 184 482 221 21.245836
000044 7 120 180 345 305 7.654992
000044 9 298 181 417 251 11.782371
000044 10 415 185 476 223 18.810104
000045 7 57 183 320 324 6.664569
000045 9 274 181 404 257 10.936966
000045 10 405 186 469 225 17.188604
000046 7 57 183 320 324 6.664569
000046 9 274 181 404 257 10.936966
000046 10 405 186 469 225 17.188604
000047 7 0 185 293 346 6.635614
000047 9 247 183 391 265 10.374845
000047 10 395 185 463 227 16.521721
000047 13 702 165 787 192 28.413963
000048 7 0 189 222 374 6.550263
000048 8 483 182 541 219 12.108658
000048 9 179 188 359 287 8.567237
000048 13 705 165 796 193 24.675192
000049 7 0 193 173 374 6.034405
000049 9 134 193 339 303 8.556079
000049 10 359 192 441 241 14.726851
000049 13 708 167 801 196 24.513323
000050 7 0 199 110 374 5.985707
000050 9 80 198 317 322 7.83644
000050 10 344 194 433 247 13.643346
000050 13 710 170 807 200 23.83395
000051 9 15 195 292 334 7.306071
000051 10 329 193 424 248 13.098277
000051 13 712 168 812 199 23.148981
000052 8 444 184 523 232 10.271343
000052 9 0 192 263 348 6.954508
000052 10 312 192 415 251 13.146102
000052 13 715 166 818 198 22.49188
000052 14 710 159 799 197 17.259584
000053 8 432 186 518 239 11.229988
000053 9 0 196 227 374 7.101539
000053 10 292 191 404 254 11.751031
000053 13 719 166 826 199 19.455912
000053 14 714 158 806 197 15.412077
000054 8 432 186 518 239 11.229988
000054 9 0 196 227 374 7.101539
000054 10 292 191 404 254 11.751031
000054 13 719 166 826 199 19.455912
000054 14 714 158 806 197 15.412077
000055 8 417 187 512 245 9.096163
000055 9 0 201 183 374 6.507334
000055 10 270 193 392 260 9.959556
000055 11 630 177 664 207 22.732893
000055 13 723 166 834 200 18.762793
000055 14 717 158 812 198 14.719146
000055 89 925 145 1027 181 26.69663
000056 8 383 189 499 258 8.220212
000056 10 218 194 366 272 9.492942
000056 12 464 186 523 228 9.170959
000056 13 731 164 851 201 19.307243
000056 89 944 142 1053 181 25.517595
000057 8 363 189 491 266 7.702881
000057 10 186 196 351 280 9.024079
000057 11 634 176 672 209 20.98818
000057 12 454 186 519 232 8.414619
000057 89 955 141 1068 181 26.315128
000059 8 338 190 483 275 7.109882
000059 10 148 197 334 289 7.535547
000059 11 635 177 675 211 20.524359
000059 12 443 187 514 236 8.075072
000059 13 742 164 873 204 18.365414
000059 89 967 139 1084 180 27.402706
000060 8 307 191 473 287 6.322796
000060 10 102 199 314 302 6.81182
000060 11 637 178 679 213 19.860758
000060 12 430 188 508 241 7.419177
000060 13 749 163 886 205 17.744265
000060 89 979 137 1101 180 26.815657
000061 8 268 192 461 302 5.666304
000061 10 45 205 291 323 7.377376
000061 11 640 176 683 212 18.834452
000061 12 415 189 501 247 6.583046
000061 13 757 163 900 206 16.220406
000061 89 992 136 1119 180 25.408407
000062 8 213 194 445 324 4.694786
000062 11 641 176 687 214 18.487803
000062 12 399 186 494 249 6.238016
000062 13 765 163 915 209 16.415413
000062 14 752 153 877 205 5.609012
000062 89 1007 135 1139 181 24.108379
000063 8 147 197 428 352 4.435253
000063 11 644 176 692 215 18.165455
000063 12 380 185 486 254 5.649853
000063 13 773 164 932 212 15.166041
000063 89 1022 135 1160 183 22.623104
000064 8 41 201 406 374 3.935703
000064 10 0 208 189 371 3.610191
000064 11 647 177 697 218 17.489294
000064 12 357 189 477 266 6.195047
000064 13 783 164 951 215 14.718918
000064 89 1038 135 1182 185 23.174973
000065 8 0 206 378 374 3.6916
000065 11 650 178 703 220 15.8818
000065 12 329 188 467 276 5.47018
000065 89 1056 135 1207 186 22.2787
000066 8 0 212 339 374 3.3017
000066 11 654 179 709 223 15.438405
000066 12 292 194 454 295 5.216507
000066 13 805 165 996 222 13.402401
000066 18 745 164 862 206 18.205992
000067 11 658 180 721 229 13.213122
000067 12 183 199 417 338 4.565272
000067 13 833 167 1053 231 9.934299
000067 14 806 150 980 220 12.02328
000067 18 758 165 886 211 15.133723
000067 89 1117 136 1241 193 20.574543
000068 11 658 180 721 229 13.213122
000068 12 183 199 417 338 4.565272
000068 13 833 167 1053 231 9.934299
000068 14 806 150 980 220 12.02328
000068 18 758 165 886 211 15.133723
000068 89 1117 136 1241 193 20.574543
000069 11 661 180 728 232 13.696785
000069 12 94 203 391 373 4.149191
000069 13 849 166 1086 235 11.641367
000069 14 818 148 1004 223 12.4505
000069 17 279 194 400 265 4.762134
000069 18 766 164 900 212 15.031342
000069 26 1049 152 1174 193 22.553087
000069 27 1006 157 1124 190 22.553087
000069 89 1140 134 1241 194 19.746622
000069 11 665 180 736 234 13.021538
000069 12 0 207 356 374 4.02323
000069 13 867 165 1125 239 10.944524
000069 14 832 146 1031 225 11.234987
000069 18 774 163 916 213 13.882081
000069 89 1166 131 1241 194 19.250568
000070 11 669 179 745 237 12.336219
000070 13 888 162 1171 243 9.865026
000070 14 847 144 1061 228 10.604836
000070 16 400 184 471 234 13.593497
000070 18 783 162 933 215 12.237654
000070 19 464 182 509 214 22.364485
000072 11 673 178 754 240 11.67264
000072 13 912 162 1225 250 9.25847
000072 14 864 141 1096 231 9.985703
000072 16 390 183 466 236 13.238464
000072 18 793 161 952 216 11.167392
000073 11 677 178 765 243 10.887988
000073 13 940 160 1241 258 8.48326
000073 14 883 137 1137 235 9.203874
000073 16 379 183 460 238 12.283605
000073 17 150 199 341 302 8.977269
000073 18 804 159 973 218 10.408753
000074 11 682 177 778 248 9.972356
000074 13 974 159 1241 268 7.858443
000074 14 905 132 1185 239 8.656718
000074 16 368 183 454 241 11.58728
000074 17 98 201 319 316 8.288344
000074 18 817 158 997 220 11.439451
000075 11 688 176 792 252 10.497562
000075 13 1015 157 1241 279 7.241963
000075 14 931 127 1241 245 7.950277
000075 16 354 182 448 244 11.489207
000075 17 33 204 293 335 6.815301
000075 18 831 156 1024 223 10.825492
000075 19 449 181 502 218 19.462509
000076 11 694 175 809 258 9.817259
000076 13 1067 151 1241 291 7.072215
000076 14 962 121 1241 251 8.195726
000076 16 339 182 441 247 10.825831
000076 17 0 207 262 359 6.3692
000076 18 848 149 1056 220 9.586935
000077 11 701 175 829 265 9.011215
000077 13 1134 149 1241 305 7.386592
000077 14 1000 116 1241 261 14.893158
000077 16 323 182 433 252 10.47473
000077 17 0 207 223 374 5.868805
000077 18 866 147 1092 223 9.116909
000077 19 439 180 497 220 20.243374
000078 11 709 175 853 275 8.234689
000078 14 1048 109 1241 274 7.071081
000078 16 304 183 424 258 10.322574
000078 17 0 210 174 374 5.590523
000078 18 887 145 1134 227 6.93662
000078 19 433 181 494 222 17.201229
000079 11 718 175 883 286 8.164219
000079 14 1108 100 1241 291 6.462762
000079 16 282 184 414 265 9.190852
000079 17 0 219 110 374 5.363177
000079 18 911 142 1183 232 8.495552
000079 19 427 182 491 225 17.801914
000080 11 729 175 921 300 7.284594
000080 16 256 185 403 274 8.956188
000080 18 940 138 1241 238 9.237036
000080 19 420 182 488 228 16.475
000080 20 456 182 507 217 17.38735
000081 11 743 175 970 319 6.159243
000081 16 226 186 390 283 8.21633
000081 18 974 135 1241 244 8.467765
000081 19 413 183 485 231 15.900187
000081 20 453 182 506 218 16.780788
000081 21 477 182 518 213 18.429855
000082 11 758 176 1036 346 5.94043
000082 16 187 188 374 295 7.887643
000082 18 1011 132 1241 253 7.700063
000082 19 403 183 479 233 15.535867
000082 20 446 183 502 220 16.588537
000082 21 472 182 516 214 18.092283
000082 28 1028 149 1141 182 8.10044
000082 29 996 148 1102 181 8.10044
000083 11 777 176 1130 374 5.476747
000083 16 140 189 354 309 7.171997
000083 18 1057 128 1241 265 7.500087
000083 19 392 183 473 236 15.492859
000083 20 439 183 498 222 15.826782
000083 21 467 182 513 215 17.23213
000084 11 834 180 1241 374 4.877111
000084 16 3 193 304 350 5.954264
000084 18 1190 123 1241 283 2.963435
000084 19 365 184 460 243 13.158674
000084 20 422 184 489 227 15.822441
000084 21 457 182 506 218 17.421034
000084 30 1011 145 1129 176 28.150936
000084 31 997 144 1105 174 28.150936
000085 11 834 180 1241 374 4.877111
000085 16 3 193 304 350 5.954264
000085 18 1190 123 1241 283 2.963435
000085 19 365 184 460 243 13.158674
000085 20 422 184 489 227 15.822441
000085 21 457 182 506 218 17.421034
000085 30 1011 145 1129 176 28.150936
000085 31 997 144 1105 174 28.150936
000086 16 0 199 230 374 6.145538
000086 19 330 186 442 254 11.875751
000086 20 400 186 477 233 13.400401
000086 21 443 183 497 222 14.940208
000086 29 1065 135 1196 175 32.679333
000086 30 1036 140 1164 173 29.680222
000086 31 1011 141 1128 173 30.820354
000087 16 0 204 178 374 5.40532
000087 19 307 187 430 261 11.277294
000087 20 388 186 470 237 13.259544
000087 21 433 184 491 225 14.248713
000087 28 1124 132 1241 173 21.467548
000087 29 1079 131 1216 173 22.017023
000087 30 1049 137 1181 171 22.017023
000088 16 0 210 109 374 4.910351
000088 19 281 190 417 270 10.384442
000088 20 374 187 462 241 12.557601
000088 21 423 186 485 229 13.738864
000088 22 457 184 509 218 19.760628
000088 23 793 153 909 197 17.747944
000088 28 1143 130 1241 173 21.314505
000088 29 1095 134 1238 176 21.314505
000089 19 250 192 403 280 10.101931
000089 20 356 189 452 247 12.401343
000089 21 412 187 478 232 13.108289
000089 22 449 185 503 220 19.068506
000089 23 798 152 920 199 17.160828
000089 25 769 156 858 195 20.192162
000089 28 1163 129 1241 173 20.425261
000089 29 1112 133 1241 177 21.379234
000089 30 1076 139 1220 176 23.716248
000089 31 1046 139 1177 174 23.716248
000090 19 213 195 386 292 9.019854
000090 20 335 191 441 253 10.924974
000090 21 400 188 470 236 11.927957
000090 22 440 186 498 223 18.296417
000090 23 805 152 932 200 17.197912
000090 24 802 151 888 197 17.427019
000090 25 774 155 866 196 17.024719
000090 33 481 185 526 214 24.441999
000092 19 172 196 368 305 8.307156
000092 20 315 194 431 261 10.617255
000092 21 388 190 463 241 11.409674
000092 22 431 188 493 227 17.640604
000092 23 812 153 946 204 16.655363
000092 24 808 152 897 200 16.998245
000092 25 778 158 875 201 15.625353
000092 30 1107 134 1241 174 21.018709
000092 31 1074 138 1215 176 23.338858
000092 33 475 186 522 217 22.022081
000093 19 120 199 348 321 7.642713
000093 20 293 196 420 269 10.0097
000093 21 375 193 455 247 10.515553
000093 22 422 190 487 231 16.841614
000093 23 820 153 961 206 15.36972
000093 24 814 153 908 202 15.66562
000093 25 783 156 884 200 15.179723
000093 30 1125 134 1241 175 20.318417
000093 31 1089 138 1236 177 22.507999
000093 33 468 188 517 220 19.796495
000094 19 54 201 323 341 6.709259
000094 20 265 197 406 275 9.444366
000094 21 359 192 446 249 9.928787
000094 22 412 190 481 233 16.114544
000094 23 829 152 978 208 14.772931
000094 24 822 151 920 203 15.102848
000094 25 789 157 894 203 14.113027
000094 30 1144 132 1241 175 20.035614
000094 31 1105 135 1241 175 22.264513
000094 33 462 187 513 220 20.291243
000095 19 0 204 294 367 6.013769
000095 20 233 198 391 283 8.931997
000095 21 340 191 436 252 9.251055
000095 22 401 190 474 235 15.938293
000095 23 838 149 996 208 14.399508
000095 24 830 149 934 204 14.324894
000095 25 795 152 905 200 14.294307
000095 31 1123 131 1241 173 23.858076
000095 33 455 186 508 220 19.608711
000096 19 0 208 258 374 5.938984
000096 20 195 198 374 292 8.289671
000096 21 320 194 425 259 10.134027
000096 22 389 189 467 236 14.856124
000096 23 849 147 1016 209 13.300112
000096 24 839 147 949 204 13.588517
000096 25 801 151 917 202 13.738405
000096 31 1143 130 1241 173 23.449684
000096 32 763 158 870 201 15.02438
000096 33 448 185 504 220 19.387144
000097 20 151 200 356 305 7.90487
000097 21 300 194 414 265 8.907094
000097 22 378 191 461 241 14.309311
000097 23 863 148 1042 214 12.709726
000097 24 850 145 966 205 13.11207
000097 25 810 153 932 206 12.642843
000097 31 1164 128 1241 173 22.639505
000097 32 769 158 882 202 14.48604
000097 33 441 186 500 223 19.633192
000098 19 0 222 157 374 5.585439
000098 20 97 202 334 321 7.197505
000098 21 276 195 403 272 9.725222
000098 22 365 192 455 245 12.502223
000098 23 879 145 1072 215 12.266296
000098 24 863 144 987 208 12.545486
000098 25 820 151 949 207 13.343246
000098 31 1188 126 1241 173 22.184086
000098 32 776 157 894 204 14.277841
000098 33 434 188 496 226 18.774849
000099 20 28 205 309 341 6.340937
000099 21 248 197 390 280 10.699841
000099 22 351 194 447 250 11.969799
000099 23 897 143 1106 218 11.63398
000099 24 877 143 1011 210 11.786127
000099 25 831 149 967 208 12.962701
000099 32 784 156 908 205 13.844872
000099 33 426 188 493 228 17.163267
000100 20 0 208 279 367 5.853885
000100 21 216 198 374 289 9.967747
000100 22 336 193 439 254 11.384093
000100 23 917 141 1145 222 10.901046
000100 24 893 141 1037 214 11.060947
000100 25 843 146 988 209 12.71503
000100 32 792 156 924 207 13.880008
000100 33 418 188 489 230 16.319532
000101 20 0 212 241 374 5.913408
000101 21 177 199 357 300 7.757654
000101 22 315 195 429 260 10.916493
000101 23 941 137 1190 225 10.372216
000101 24 912 140 1067 217 10.000015
000101 25 856 146 1012 212 12.599218
000101 32 801 155 941 209 12.599218
000101 33 409 188 484 232 14.369158
000102 20 0 218 194 374 5.426757
000102 21 127 202 336 315 7.144913
000102 22 294 195 420 265 10.471099
000102 23 968 136 1241 232 9.417504
000102 24 935 138 1104 221 9.339998
000102 25 871 145 1039 215 11.857758
000102 32 814 154 963 211 11.673314
000102 33 399 188 480 235 14.952301
000103 20 0 225 134 374 5.057633
000103 21 63 205 311 335 6.280302
000103 22 271 196 409 271 9.854274
000103 23 1000 135 1241 241 8.980383
000103 24 961 137 1148 227 8.903191
000103 25 889 145 1070 221 11.329028
000103 32 829 154 987 214 11.448267
000103 33 389 188 474 237 13.496801
000104 21 0 208 281 360 6.661669
000104 22 243 196 396 278 9.030942
000104 23 1039 133 1241 249 8.201285
000104 24 991 135 1199 233 8.452282
000104 25 909 144 1106 225 10.849133
000104 32 845 154 1015 218 11.271378
000104 33 377 189 469 240 12.865496
000105 21 0 213 244 374 6.503764
000105 22 210 196 382 286 8.718316
000105 23 1085 131 1241 261 8.07122
000105 24 1027 132 1241 240 8.513909
000105 25 932 142 1147 230 8.847402
000105 32 864 153 1046 222 11.762775
000105 33 364 189 462 244 11.948294
000106 21 0 218 198 374 5.822801
000106 22 171 197 366 295 8.343856
000106 23 1143 128 1241 274 7.844745
000106 24 1069 130 1241 249 7.685081
000106 25 958 141 1196 237 8.88089
000106 32 884 153 1082 226 7.737401
000106 33 350 189 455 247 12.525253
000106 36 419 186 484 231 13.887663
000107 21 0 223 141 374 5.303002
000107 22 122 199 347 310 7.662238
000107 24 1114 127 1241 260 6.462878
000107 25 988 140 1241 245 10.955068
000107 32 901 152 1116 232 7.750213
000107 33 334 190 447 252 10.941837
000107 34 721 177 862 269 5.819656
000107 35 692 174 778 240 12.448187
000107 37 668 178 725 217 11.183411
000108 22 61 202 324 328 6.936032
000108 32 920 152 1156 238 6.9024
000108 33 315 191 439 258 10.335531
000108 37 671 178 730 219 9.239611
000108 39 658 180 707 214 9.239611
000109 22 0 209 264 374 5.905313
000109 25 1116 137 1241 282 7.887205
000109 32 969 151 1241 255 7.887205
000109 33 269 194 418 272 9.328777
000109 34 755 181 967 310 5.713673
000109 35 709 175 821 258 8.415613
000109 36 379 189 460 244 10.970436
000109 37 677 179 742 224 10.314249
000109 39 662 181 715 217 10.314249
000110 22 0 214 224 374 5.757874
000110 33 239 195 406 281 9.326344
000110 34 771 182 1023 332 5.686041
000110 35 716 176 840 266 7.648212
000110 36 366 190 453 249 10.142946
000110 38 443 186 506 225 16.847687
000111 22 0 218 176 374 5.625493
000111 32 1047 151 1241 279 4.423109
000111 33 205 196 392 290 8.444948
000111 34 790 182 1101 361 4.407617
000111 35 724 176 863 276 6.775777
000111 36 350 190 445 253 9.483022
000112 22 0 224 114 374 5.271186
000112 32 1104 150 1241 297 4.703488
000112 33 164 198 376 302 7.549963
000112 34 814 183 1214 374 3.714259
000112 35 733 177 891 287 7.928431
000112 36 333 190 435 257 11.12034
000112 37 687 180 764 232 13.061049
000112 38 429 186 498 229 15.781274
000112 39 667 181 728 222 13.061049
000113 33 113 199 357 316 7.122931
000113 35 743 177 925 301 7.819717
000113 36 313 191 425 262 9.932142
000113 37 690 180 773 236 12.410019
000113 38 420 186 494 231 15.130524
000113 39 669 181 734 224 12.410019
000114 33 50 201 336 333 6.635421
000114 35 755 178 969 318 7.586906
000114 36 290 191 413 268 9.811803
000114 37 694 181 783 240 10.003369
000115 38 411 186 490 233 14.560934
000115 39 672 181 740 226 11.035809
000116 33 0 203 310 357 5.977018
000116 35 770 178 1027 342 6.969863
000116 36 263 191 400 275 8.931521
000116 37 698 181 794 244 11.43582
000116 38 402 186 485 235 13.453072
000116 39 675 181 746 229 10.384128
000117 33 0 207 279 374 6.009857
000117 35 788 178 1104 372 5.089543
000117 36 232 192 386 284 8.321335
000117 37 703 181 806 248 10.864839
000117 38 390 185 480 237 12.796322
000117 39 677 181 753 231 10.500325
000118 33 0 211 240 374 5.608043
000118 35 809 178 1216 374 3.741227
000118 36 195 193 370 294 7.336746
000118 37 709 180 821 252 10.448604
000118 38 377 185 473 240 12.251686
000118 39 680 181 761 234 10.11501
000119 33 0 216 192 374 5.349184
000119 35 837 179 1241 374 4.435617
000119 36 150 195 351 307 6.934824
000119 37 716 180 837 257 9.797114
000119 38 363 185 467 243 11.500167
000119 39 684 180 769 236 9.463733
000120 33 0 222 129 374 5.137929
000120 35 874 179 1241 374 3.252902
000120 36 94 196 329 322 6.910361
000120 37 723 179 856 263 8.741368
000120 38 347 184 459 246 10.915837
000120 39 687 179 779 238 8.405411
000121 36 22 198 302 342 6.8006
000121 37 731 178 879 270 7.972776
000121 38 329 184 451 249 10.396166
000121 39 691 178 789 240 7.826158
000122 36 0 202 271 370 5.674725
000122 37 740 178 907 280 7.350487
000122 38 310 185 442 255 9.928354
000122 39 695 178 801 244 7.210014
000122 43 484 178 520 207 22.095478
000123 36 0 206 233 374 6.16004
000123 37 751 178 941 292 6.536591
000123 38 289 186 432 261 9.496271
000123 39 700 178 814 249 8.475245
000123 40 453 177 505 215 18.384016
000124 36 0 212 185 374 5.483052
000124 37 763 179 984 307 6.014987
000124 38 265 188 421 269 8.979089
000124 39 705 178 830 255 6.152976
000124 40 447 177 502 217 14.71285
000125 37 778 179 1039 326 5.627779
000125 38 236 189 408 278 8.221374
000125 39 712 178 848 261 10.997379
000125 40 440 177 499 218 13.154839
000126 37 795 179 1113 353 4.607718
000126 38 202 191 394 289 7.858638
000126 39 719 178 870 269 9.766804
000126 40 433 177 495 220 14.804228
000126 43 467 177 510 210 18.462652
000127 37 818 177 1215 374 4.326402
000127 38 160 192 378 301 7.959148
000127 39 727 177 895 277 9.146897
000127 40 425 177 491 221 15.449127
000127 41 678 172 758 228 8.687697
000127 43 462 177 507 211 17.83934
000128 37 846 175 1241 374 3.897196
000128 38 110 194 360 316 6.894315
000128 39 736 177 926 288 8.435787
000128 40 417 176 486 223 15.414354
000128 43 457 177 503 213 17.209476
000129 37 935 170 1241 374 2.75019
000129 38 0 199 313 359 6.198229
000129 39 760 175 1013 317 7.258894
000129 40 399 176 476 227 14.309621
000129 43 445 176 496 215 15.636094
000130 37 1011 167 1241 374 2.93716
000130 38 0 202 282 374 5.787583
000130 39 775 173 1077 338 5.419831
000130 40 389 175 470 229 13.586968
000131 38 0 206 248 374 5.429777
000131 39 793 174 1163 371 5.104244
000131 40 378 178 464 234 12.849229
000132 38 0 210 205 374 4.991618
000132 39 815 176 1241 374 4.442282
000132 40 365 180 457 240 12.417016
000132 41 705 172 828 256 9.597331
000132 42 683 171 767 230 9.597331
000133 38 0 217 151 374 4.782382
000133 39 843 179 1241 374 4.826395
000133 40 351 183 450 246 12.194051
000133 41 711 173 846 264 8.944908
000133 42 687 173 776 236 8.944908
000133 43 415 182 478 228 13.629603
000134 39 881 182 1241 374 3.904349
000134 40 335 186 442 253 11.893611
000134 41 719 175 867 275 8.220691
000134 42 691 175 786 242 8.220691
000134 43 406 185 473 234 13.267029
000134 44 739 157 756 211 8.034501
000134 45 756 157 776 211 18.667513
000135 39 933 184 1241 374 2.984173
000135 40 317 189 432 261 11.756079
000135 41 727 177 893 287 7.455325
000135 42 695 177 797 249 7.647871
000135 43 396 188 467 240 12.786932
000135 44 747 159 764 214 8.418329
000135 45 760 158 778 214 17.710785
000135 46 687 180 751 228 8.045747
000136 39 1010 186 1241 374 4.357988
000136 40 297 188 423 265 10.592475
000136 41 736 177 923 299 6.712261
000136 42 699 177 810 253 8.721793
000136 43 385 188 460 242 13.771902
000136 44 755 158 770 215 7.6113
000136 46 690 179 758 230 11.009138
000137 40 276 188 412 270 10.139249
000137 41 746 177 961 314 6.014916
000137 43 373 187 453 244 12.224275
000138 40 251 188 401 276 9.935256
000138 41 758 177 1009 334 5.354843
000138 42 711 175 842 264 7.955842
000138 43 359 187 446 246 11.583887
000138 45 779 155 796 217 16.4277
000140 40 222 187 387 283 9.222239
000140 41 773 178 1072 359 5.256005
000140 42 716 175 860 272 8.504396
000140 43 343 186 437 249 11.443379
000140 45 783 154 803 219 15.841101
000140 46 699 177 782 237 12.145207
000141 40 183 190 370 295 8.372784
000141 41 791 178 1159 374 4.411347
000141 42 722 176 882 283 8.267571
000141 43 325 188 427 256 10.353288
000141 45 787 153 809 220 11.06026
000141 46 702 178 791 241 9.720593
000142 40 141 188 352 302 7.948555
000142 41 812 180 1241 374 4.220347
000142 42 730 179 908 296 6.155893
000142 43 306 189 417 261 9.845104
000142 45 793 152 818 222 5.911602
000143 40 90 190 332 317 7.048457
000143 41 838 182 1241 374 3.537868
000143 42 739 182 940 313 6.264349
000143 43 285 191 405 268 9.747871
000144 40 27 194 308 338 6.272118
000144 42 749 182 980 330 6.268228
000144 43 260 192 393 275 9.311046
000144 46 716 184 828 262 9.917543
000145 40 0 195 279 359 6.152109
000145 41 920 188 1241 374 4.853228
000145 42 762 183 1032 353 4.975815
000145 43 232 193 379 283 8.5677
000145 46 719 183 844 267 9.663732
000146 40 0 201 209 374 6.121011
000146 41 1097 203 1241 374 3.827024
000146 42 794 184 1186 374 4.111984
000146 43 162 196 346 302 7.694062
000146 46 731 182 882 282 8.332587
000147 40 0 204 164 374 5.668066
000147 42 815 186 1241 374 3.853093
000147 43 119 196 326 313 7.225817
000147 46 739 183 907 291 6.58658
000149 40 0 206 108 374 5.416592
000149 42 842 188 1241 374 3.014164
000149 43 66 197 304 326 6.735766
000149 44 820 149 853 245 6.357411
000149 45 854 143 889 240 10.843109
000149 46 748 183 936 303 6.771712
000149 90 298 174 408 216 16.646458
000150 42 878 190 1241 374 2.841524
000150 43 2 198 279 342 6.4216
000150 44 831 147 864 248 6.862794
000150 46 758 184 972 318 6.60816
000150 90 289 175 401 218 19.964773
000151 42 992 194 1241 374 4.549535
000151 43 0 203 216 374 6.003966
000151 45 895 138 933 252 6.398298
000151 46 783 185 1070 358 5.082545
000151 90 268 177 388 222 19.341225
000152 42 1091 198 1241 374 4.057993
000152 43 0 206 178 374 5.907704
000152 45 905 136 951 257 4.299665
000152 46 798 186 1139 374 4.819718
000152 90 256 177 380 224 19.235888
000153 43 0 211 133 374 5.504498
000153 44 877 137 925 265 30.693756
000153 46 816 186 1233 374 4.764699
000153 90 246 177 373 225 18.826214
000154 43 0 216 78 374 5.246269
000154 44 893 134 941 270 11.781914
000154 45 946 131 997 269 7.769723
000154 46 838 187 1241 374 4.367521
000154 90 235 177 366 227 18.514217
000155 44 913 130 970 276 3.794204
000155 45 971 128 1028 276 7.31692
000155 46 866 188 1241 374 7.263772
000155 50 705 113 889 188 25.393589
000156 90 223 177 359 228 17.930696
000157 45 993 126 1052 284 6.979209
000157 46 899 190 1241 374 3.369507
000157 47 16 202 149 239 20.24052
000157 50 707 112 894 189 25.33923
000157 90 212 177 352 229 17.538006
000158 45 1031 122 1096 292 6.720871
000158 47 0 203 136 241 19.937962
000158 50 708 111 898 190 25.240664
000158 90 200 179 344 233 17.151974
000159 44 987 123 1053 302 5.67206
000159 47 0 205 123 244 19.564224
000159 50 709 110 903 190 24.796412
000159 90 188 180 337 236 17.203285
000160 47 0 207 109 247 18.922113
000160 50 711 110 908 191 24.061661
000160 90 175 182 329 240 16.949213
000161 44 1053 112 1128 323 5.025979
000161 45 1124 109 1209 325 7.795794
000161 47 0 208 94 249 18.6092
000161 49 836 168 947 208 16.180574
000161 50 712 109 914 192 23.775818
000161 54 283 187 352 221 19.075651
000161 90 162 182 321 241 16.494999
000162 44 1118 102 1223 350 271.47403
000162 47 0 210 65 253 18.04397
000162 49 844 167 961 210 9.636664
000162 50 713 107 922 193 23.330286
000162 54 268 185 338 220 15.807981
000162 90 134 181 303 243 16.195921
000163 47 0 211 49 255 17.743265
000163 50 714 106 926 193 22.498631
000163 54 260 186 331 222 18.994337
000163 90 119 181 293 245 15.457018
000164 47 0 211 33 256 17.3916
000164 50 714 105 930 194 21.175613
000164 54 252 187 324 223 18.438389
000164 90 103 182 283 248 15.276748
000166 50 715 104 934 194 20.628531
000166 54 244 188 316 225 17.994545
000166 90 86 184 272 252 14.976204
000167 50 714 104 937 195 20.155375
000167 54 234 190 308 229 19.195702
000167 90 68 185 261 256 14.551687
000168 49 869 169 1007 218 13.975024
000168 50 713 102 941 196 20.149113
000168 54 214 193 291 234 14.162629
000168 90 30 187 237 261 14.350648
000170 49 873 168 1015 219 12.782843
000170 50 712 102 944 197 19.28952
000170 52 1024 157 1227 215 13.908704
000170 54 203 192 283 234 18.263046
000170 90 10 186 225 263 13.82024
000171 49 877 168 1023 221 13.034987
000171 50 711 101 947 198 18.994143
000171 52 1030 156 1239 216 13.661892
000171 54 192 192 274 234 18.121588
000171 90 0 186 212 265 13.548305
000172 49 886 167 1039 222 12.645897
000172 50 710 98 953 198 18.404467
000172 52 1046 155 1241 218 13.79274
000172 54 172 192 257 236 17.541655
000172 90 0 186 186 270 12.974112
000173 49 890 167 1047 223 12.357476
000173 50 710 97 956 198 18.434763
000173 52 1055 155 1241 219 13.570519
000173 54 162 193 248 237 17.286686
000173 90 0 186 173 272 12.26132
000175 49 895 166 1056 224 12.527103
000175 50 710 95 960 198 17.86404
000175 52 1064 155 1241 220 13.74509
000175 54 152 192 240 238 17.075647
000175 90 0 186 160 274 12.112042
000176 49 899 166 1065 225 12.237467
000176 50 710 94 963 198 17.509115
000176 52 1073 154 1241 221 13.394426
000176 54 142 192 232 238 16.745636
000176 90 0 186 146 277 11.637966
000177 49 905 168 1075 228 12.085226
000177 50 710 93 966 198 17.954172
000177 54 135 192 225 240 16.559492
000177 90 0 186 134 280 11.571647
000178 49 909 169 1079 229 11.743141
000178 50 711 91 968 196 16.978613
000178 54 134 193 228 240 16.184416
000178 90 0 186 133 279 11.320337
000179 49 908 169 1078 230 11.522866
000179 50 710 91 965 195 17.00742
000179 54 135 192 225 240 16.118811
000179 90 0 186 135 280 11.38773
000180 49 911 170 1082 230 10.757397
000180 50 713 90 969 195 16.85078
000180 54 140 192 227 240 15.687201
000180 90 0 186 138 279 11.467753
000181 49 950 170 1145 239 10.979026
000181 50 725 85 1001 197 16.645988
000181 54 111 192 204 244 15.639224
000181 90 0 187 89 292 11.197781
000182 49 961 170 1162 240 10.84131
000182 50 728 84 1008 198 16.260424
000182 54 110 191 203 243 15.475026
000182 90 0 185 84 291 11.257304
000183 49 973 171 1180 242 10.658002
000183 50 735 83 1018 199 15.959408
000183 54 108 190 202 242 15.313128
000183 90 0 182 78 290 11.108444
000184 49 985 171 1199 245 10.443526
000184 50 742 82 1030 199 15.98427
000184 54 110 188 205 240 15.123347
000184 90 0 181 77 289 10.677375
000186 49 999 172 1219 247 10.318893
000186 50 748 81 1041 200 15.606289
000186 54 113 187 208 239 14.917994
000186 90 0 179 76 289 10.551111
000187 49 1014 173 1241 250 10.173664
000187 54 119 186 213 239 14.962326
000187 90 0 179 79 290 10.41519
000188 49 1029 175 1241 253 10.006331
000188 54 126 186 219 238 14.869631
000188 90 0 179 81 291 10.310096
000189 49 1061 178 1241 260 9.499369
000189 54 139 185 230 237 14.558553
000189 90 0 179 90 294 10.181191
000190 49 1078 179 1241 263 9.33673
000190 54 146 184 236 237 14.391418
000190 90 0 179 94 295 10.097169
000191 49 1095 181 1241 266 9.207413
000191 54 153 184 242 238 14.329788
000191 90 0 178 101 294 10.004763
000192 49 1112 183 1241 270 9.247534
000192 54 162 185 251 238 14.263566
000192 90 0 178 107 294 9.915402
000193 49 1131 184 1241 273 9.672237
000193 54 171 185 259 238 14.14427
000193 90 0 177 114 294 9.72741
000194 54 180 185 268 239 14.054796
000194 90 0 176 124 293 9.663081
000195 54 190 185 276 239 14.105561
000195 55 101 184 180 242 12.509123
000195 90 0 175 133 292 9.609193
000196 54 201 185 287 238 13.983818
000196 55 114 183 191 242 12.435934
000196 90 0 174 144 292 9.487583
000197 54 212 184 298 237 13.894101
000197 55 126 183 203 241 13.290867
000197 90 0 173 154 291 9.309922
000198 54 223 184 308 237 13.835557
000198 55 138 183 214 241 12.87491
000198 90 0 172 164 290 9.26441
000199 54 234 183 319 236 13.77475
000199 55 150 183 225 241 13.118401
000199 90 0 171 174 289 9.219449
000201 54 245 182 330 235 13.718672
000201 55 162 183 236 240 14.851306
000201 90 0 170 184 288 9.118379
000202 54 259 183 344 236 13.608371
000202 55 179 183 251 241 14.777667
000202 90 0 171 199 289 9.068134
000203 54 274 184 358 237 13.531028
000203 55 195 184 266 241 14.689522
000203 90 0 171 215 289 8.946551
000204 54 288 185 372 238 13.495913
000204 55 211 184 281 242 14.637597
000204 90 0 172 230 290 8.889982
000205 54 308 186 390 239 13.402554
000205 55 229 185 299 242 14.459741
000205 90 0 172 245 290 8.779141
000206 54 328 187 408 240 13.269145
000206 55 248 186 317 243 14.359861
000206 90 0 172 260 291 8.689234
000207 54 347 186 429 240 13.147911
000207 55 270 186 338 243 14.223393
000207 90 6 173 282 291 8.563931
000208 54 370 185 452 239 13.035913
000208 54 397 185 477 239 14.371134
000208 55 319 185 385 242 14.40099
000208 90 61 173 326 293 8.458357
000209 54 423 184 502 238 12.764604
000209 55 346 185 412 242 14.055817
000209 90 92 173 353 294 8.303802
000210 54 450 183 527 237 12.523952
000210 55 373 184 438 241 13.902507
000210 90 124 173 381 295 8.13566
000211 54 479 183 557 237 12.367244
000211 55 403 184 468 241 13.75778
000211 90 156 173 410 296 7.881885
000212 54 509 182 587 238 12.228063
000212 55 434 183 499 240 13.510424
000212 90 189 172 440 298 7.818032
000213 54 509 182 587 238 12.228063
000213 55 434 183 499 240 13.510424
000213 90 189 172 440 298 7.818032
000214 54 540 181 619 238 12.044753
000214 55 465 182 530 239 13.143295
000214 90 222 172 471 299 7.867158
000214 91 55 205 206 272 11.210268
000215 54 572 181 652 238 11.861149
000215 55 496 181 562 238 13.010715
000215 90 255 171 502 300 7.524743
000215 91 94 204 240 271 11.02581
000216 54 605 180 687 238 11.661351
000216 55 528 180 594 238 12.77374
000216 90 288 171 534 302 7.390015
000216 91 133 202 275 269 10.829357
000217 54 674 180 761 241 11.216807
000217 55 591 178 659 238 11.908607
000217 90 351 168 602 307 6.953223
000217 91 208 200 344 266 10.413426
000218 54 710 180 802 243 10.964581
000218 55 624 177 695 239 9.296638
000218 90 383 166 639 310 6.493149
000218 91 245 199 378 265 10.213954
000219 54 747 179 843 244 10.768961
000219 55 659 176 732 239 9.412972
000219 57 344 179 439 218 11.558845
000219 90 412 164 674 314 6.523118
000219 91 276 197 407 265 10.770465
000220 54 785 178 888 245 10.603434
000220 55 696 175 771 240 9.166213
000220 90 443 162 711 318 6.225405
000223 54 859 171 980 245 9.964972
000223 55 764 171 851 241 8.710051
000223 57 434 174 528 214 17.998648
000223 90 496 155 792 331 5.433675
000223 91 364 194 493 264 10.325388
000224 54 947 163 1094 246 9.760643
000224 55 835 166 946 243 10.521704
000224 57 494 170 589 211 17.630997
000224 90 555 146 892 349 5.381821
000224 91 421 192 551 265 9.50099
000225 54 997 158 1162 246 9.204295
000225 55 874 163 1000 244 8.449636
000225 56 349 184 408 222 22.280418
000225 57 525 168 620 209 19.431475
000225 90 586 140 952 360 4.791159
000225 91 449 191 583 267 9.454312
000226 54 1054 154 1240 249 9.091105
000226 55 914 161 1055 248 8.28723
000226 56 381 183 438 221 19.421928
000226 57 554 165 651 207 17.324186
000226 90 618 135 1026 374 4.477582
000226 91 479 190 616 268 9.161554
000227 54 1119 150 1241 251 8.613195
000227 55 958 159 1117 252 9.821099
000227 56 413 182 468 220 20.494328
000227 57 584 165 682 207 18.792414
000227 90 655 128 1118 374 4.137445
000227 91 507 190 647 270 8.844542
000228 53 0 202 182 312 8.755576
000228 55 1008 156 1189 256 3.451079
000228 56 441 182 496 220 16.992544
000228 57 615 164 715 208 13.17074
000228 90 692 120 1229 374 4.029142
000228 91 537 189 681 272 7.999362
000229 53 9 202 202 316 8.381667
000229 56 466 183 522 222 16.761183
000229 57 642 165 746 210 13.867266
000229 90 730 110 1241 374 7.611227
000229 91 561 190 713 278 7.583869
000230 53 15 203 221 320 8.091376
000230 56 489 184 546 224 16.616941
000230 57 671 165 777 211 17.642715
000230 58 477 181 523 217 16.616941
000230 90 767 98 1241 374 18.007391
000230 91 586 191 748 285 7.162774
000231 53 18 206 231 330 7.791858
000231 56 508 186 567 228 16.544317
000231 57 693 166 803 214 6.923225
000231 58 497 184 543 220 16.544317
000231 59 330 189 373 220 27.320425
000231 90 810 100 1241 374 12.352236
000231 91 607 193 779 294 6.775457
000232 53 9 210 241 342 7.702282
000232 56 529 189 589 231 16.148317
000232 57 717 167 831 216 16.567041
000232 58 518 186 564 223 16.827173
000232 59 348 190 392 222 27.796192
000232 60 655 177 757 211 6.557106
000232 90 858 102 1241 374 11.469072
000232 91 629 195 815 304 6.815174
000233 53 0 211 245 352 7.625271
000233 56 546 189 608 232 15.80397
000233 57 742 168 860 219 16.167458
000233 58 536 186 583 224 15.80397
000233 59 366 190 410 222 26.540691
000233 60 678 179 782 214 10.691071
000233 90 914 105 1241 374 11.704976
000233 91 654 198 856 315 5.875016
000234 53 0 213 251 363 7.246549
000234 56 565 189 629 234 17.623844
000234 57 766 169 890 222 16.387222
000234 58 555 187 602 225 15.241325
000234 59 385 190 428 222 26.21067
000234 60 699 179 807 215 11.591316
000234 91 678 198 899 327 6.097225
000235 53 0 215 256 374 6.87454
000235 56 584 189 650 235 17.63464
000235 57 793 170 923 225 13.114032
000235 58 574 187 622 226 14.970848
000235 59 403 190 447 222 26.626825
000235 60 722 179 833 216 9.078913
000235 62 762 177 880 220 6.293216
000235 91 706 199 951 341 5.173951
000236 53 0 214 258 374 6.569617
000236 56 603 188 671 236 16.796675
000236 57 818 168 955 226 16.05484
000236 58 592 186 642 226 15.394331
000236 59 419 189 464 221 26.185635
000236 62 784 176 906 221 10.409597
000236 91 730 200 1008 358 4.80036
000237 53 0 213 260 374 5.988659
000237 56 621 188 692 237 17.085966
000237 57 846 167 989 226 12.3235
000237 58 610 184 662 226 14.163284
000237 59 434 187 480 220 25.01446
000237 62 807 176 935 223 11.389847
000237 91 759 202 1080 374 4.719635
000238 53 0 212 252 374 5.768953
000238 56 635 187 709 237 15.550379
000238 57 869 166 1019 229 14.817286
000238 58 626 183 679 225 14.688065
000238 59 446 186 493 219 24.228174
000238 60 787 176 913 217 15.416698
000238 62 832 176 966 224 15.223773
000238 91 792 203 1172 374 4.589952
000239 53 0 212 243 374 5.527094
000239 56 651 187 727 239 14.952819
000239 57 893 166 1053 232 14.321074
000239 58 639 183 694 226 13.923059
000239 59 458 185 505 218 23.772869
000239 60 806 175 938 218 15.630579
000239 62 853 176 993 226 15.028757
000239 91 819 206 1241 374 4.295001
000240 53 0 211 232 374 5.01607
000240 56 665 187 744 241 13.11453
000240 57 920 166 1089 235 16.114481
000240 58 652 182 708 227 13.717546
000240 59 467 184 514 218 23.381937
000240 60 824 176 961 220 16.228464
000240 62 876 176 1022 229 15.730183
000240 91 853 210 1241 374 3.936407
000241 53 0 214 203 374 4.964071
000241 56 676 187 760 244 14.749218
000241 57 942 165 1121 237 13.428927
000241 58 663 183 722 229 13.135858
000241 59 473 184 522 219 22.446527
000241 62 892 175 1046 230 16.032368
000241 91 894 214 1241 374 4.014552
000242 53 0 217 167 374 4.569312
000242 56 685 188 774 248 13.519748
000242 57 966 164 1157 240 13.255392
000242 58 671 183 733 231 12.619237
000242 59 476 185 526 220 21.917585
000242 60 852 175 1000 223 16.402338
000242 62 910 174 1072 232 13.722763
000242 91 947 219 1241 374 3.668444
000243 56 692 187 787 250 12.91164
000243 57 988 163 1191 244 12.84291
000243 58 678 183 741 233 12.109778
000243 59 480 184 531 220 21.488607
000243 60 867 175 1022 224 14.916699
000243 62 929 174 1100 234 13.293515
000244 56 700 187 801 253 12.728534
000244 57 1013 161 1231 247 12.628219
000244 58 684 183 750 234 12.158913
000244 59 481 183 532 221 21.063343
000244 60 882 175 1045 226 18.066383
000244 62 950 173 1132 236 12.739861
000244 63 667 176 693 202 36.479755
000244 66 272 185 366 216 18.625317
000245 56 709 186 817 256 10.584576
000245 57 1040 161 1241 250 12.223555
000245 58 692 182 760 236 11.659406
000245 59 482 183 534 221 20.593466
000245 60 899 174 1070 228 18.428364
000245 61 504 181 550 214 20.620289
000245 62 973 171 1166 239 12.178516
000245 66 267 185 364 217 18.527819
000246 56 716 185 832 259 9.367235
000246 57 1065 160 1241 252 11.487673
000246 58 697 181 769 236 10.712007
000246 59 481 182 536 220 20.052492
000246 60 913 170 1091 227 14.393454
000246 61 504 180 551 214 20.095385
000246 62 991 170 1196 241 12.324127
000246 66 263 185 362 217 17.640652
000247 56 725 184 849 262 9.271123
000247 57 1093 159 1241 255 11.878575
000247 58 703 179 780 237 10.280452
000247 59 480 180 537 220 18.931252
000247 60 928 168 1116 226 14.314076
000247 61 504 179 553 213 20.15217
000247 62 1012 168 1231 243 11.878575
000247 66 258 185 359 218 17.561563
000247 56 734 183 868 265 8.475952
000247 57 1126 158 1241 258 10.999918
000247 58 710 177 792 238 9.512785
000247 59 479 178 539 219 18.899803
000247 60 944 165 1142 226 13.962294
000247 61 504 177 554 213 19.906685
000247 62 1037 169 1241 247 10.999918
000247 66 254 185 357 218 16.689302
000249 56 743 186 889 275 7.945583
000249 58 715 180 803 243 9.532166
000249 59 476 181 539 223 18.506861
000249 60 961 168 1170 232 13.499553
000249 61 502 179 555 215 18.682974
000249 62 1065 169 1241 250 12.913281
000249 66 249 185 355 219 16.922628
000250 56 753 189 912 286 8.024404
000250 58 721 182 815 249 9.762877
000250 59 474 183 539 226 17.850372
000250 60 980 171 1202 239 13.318281
000250 61 501 182 556 219 18.532049
000250 66 240 186 349 221 16.245251
000251 56 762 191 939 298 7.134093
000251 58 726 184 827 256 9.078702
000251 59 470 186 537 231 17.257168
000251 60 996 172 1235 244 12.766187
000251 61 500 184 555 223 17.240416
000251 66 231 187 343 223 15.524865
000252 56 772 194 972 312 6.71892
000252 58 732 187 840 264 8.194086
000252 59 466 189 535 236 17.088934
000252 60 1015 173 1241 249 12.149612
000252 61 498 187 554 227 16.814993
000252 66 221 188 337 224 15.251181
000253 56 783 196 1010 326 6.276756
000253 58 738 190 855 272 7.808839
000253 59 460 189 532 239 16.384583
000253 60 1035 175 1241 253 12.009295
000253 61 494 188 552 230 16.338346
000253 66 211 188 331 226 14.817827
000254 56 796 197 1057 345 5.669164
000254 58 743 189 870 276 7.744235
000254 59 455 190 528 241 16.116726
000254 60 1058 177 1241 258 11.602148
000254 61 489 187 549 230 15.970733
000254 66 197 189 321 229 14.079676
000255 56 810 200 1117 368 5.262668
000255 58 749 188 887 281 8.851164
000255 59 448 187 524 240 15.48424
000255 60 1083 178 1241 263 10.952374
000255 61 485 186 546 230 15.763853
000255 64 514 190 561 222 17.102171
000255 66 182 191 311 231 13.490846
000256 56 828 201 1196 374 4.527429
000256 58 756 188 907 288 7.599592
000256 59 439 185 520 239 14.38454
000256 60 1113 179 1241 267 10.8214
000256 61 480 183 542 228 16.214067
000256 63 693 176 729 209 24.789892
000256 64 510 187 558 220 16.98114
000256 66 166 187 300 229 12.871544
000257 56 849 203 1241 374 4.609958
000257 58 764 187 931 296 7.014383
000257 59 430 182 515 239 13.996691
000257 60 1147 179 1241 272 10.431821
000257 61 475 181 539 226 14.954174
000257 63 693 174 730 207 24.210453
000257 64 506 184 556 218 16.851212
000257 66 149 183 289 226 12.39185
000258 56 875 205 1241 374 5.58233
000258 58 773 187 959 305 6.598704
000258 59 420 183 510 243 13.281702
000258 61 469 181 535 229 14.697596
000258 63 693 174 731 208 23.223701
000258 64 502 185 553 220 15.818518
000258 66 131 185 276 229 11.566551
000259 58 783 187 993 317 6.25648
000259 59 410 184 505 247 12.740704
000259 61 462 182 531 232 13.488905
000259 63 693 175 733 210 22.641689
000259 64 497 186 550 222 15.46562
000259 66 111 186 263 233 11.06039
000260 58 795 186 1035 331 5.551772
000260 59 398 186 499 252 11.981091
000260 61 455 183 527 235 13.570459
000260 63 694 175 735 211 22.064384
000260 64 491 187 546 225 14.889016
000260 66 89 188 249 237 11.043912
000261 58 809 187 1092 352 10.866971
000261 59 385 186 493 256 11.44788
000261 61 447 183 523 237 12.473737
000261 63 694 175 737 212 21.863977
000261 64 486 187 543 226 13.351606
000261 66 66 189 234 240 10.031507
000262 58 827 188 1167 374 5.219532
000262 59 371 186 486 260 11.186832
000262 61 439 184 518 240 11.564202
000262 63 695 174 739 212 22.265974
000262 64 480 186 539 227 11.775694
000263 58 848 189 1241 374 4.533408
000263 59 355 186 479 265 10.611979
000263 61 430 184 513 243 12.025352
000263 63 696 174 741 213 20.677021
000263 64 473 188 536 229 12.166788
000263 66 12 191 199 247 9.176483
000264 58 873 191 1241 374 3.511435
000264 59 336 187 471 271 10.034464
000264 61 420 184 508 247 11.462354
000264 63 697 175 743 215 20.934261
000266 58 906 193 1241 374 18.447453
000266 59 315 187 462 277 9.756922
000266 61 408 185 502 251 11.028755
000266 63 698 175 746 216 22.224218
000266 64 460 190 528 235 13.974944
000266 65 491 186 547 226 18.482014
000266 66 0 194 159 255 8.202897
000267 59 291 188 452 286 9.159082
000267 61 395 185 496 254 10.630909
000267 63 699 175 749 217 22.308422
000267 64 452 190 524 237 11.981537
000268 59 229 188 429 303 7.990368
000268 61 365 185 482 264 9.224596
000268 63 702 174 755 220 19.763128
000268 64 435 189 515 241 13.904877
000268 65 474 185 537 229 14.342039
000269 59 188 187 414 314 7.255189
000269 61 347 185 474 269 8.81019
000269 63 703 174 759 221 18.600435
000269 64 424 190 509 245 12.264673
000269 65 468 185 533 231 13.433431
000270 59 138 189 397 333 6.25726
000270 61 326 185 465 275 8.605588
000270 63 705 174 763 222 18.258545
000270 64 412 191 503 248 10.919862
000270 65 461 186 530 234 13.422796
000271 59 138 189 397 333 6.25726
000271 61 326 185 465 275 8.605588
000271 63 705 174 763 222 18.258545
000271 64 412 191 503 248 10.919862
000271 65 461 186 530 234 13.422796
000272 59 0 190 354 374 5.703178
000272 61 274 184 444 289 8.063776
000272 63 709 172 772 224 16.343983
000272 64 386 190 490 254 10.974199
000272 65 444 184 521 236 13.616913
000273 59 0 190 325 374 5.346257
000273 61 240 183 432 297 7.516178
000273 63 711 171 778 225 15.558624
000273 64 371 190 482 258 10.200653
000273 65 434 183 516 237 12.515573
000274 59 0 189 289 374 5.165654
000274 61 199 183 418 310 6.778039
000274 63 713 169 783 226 14.858796
000274 64 353 189 473 262 9.280293
000274 65 423 182 511 239 12.564917
000275 59 0 192 242 374 5.239357
000275 61 149 183 402 325 6.442741
000275 63 715 168 790 228 14.233664
000275 64 332 191 463 269 8.822985
000275 65 410 183 505 244 12.562827
000277 59 0 195 183 374 4.61966
000277 61 83 184 382 347 5.647466
000277 63 718 168 797 231 13.599726
000277 64 308 191 452 276 9.39493
000277 65 394 183 497 247 11.380234
000277 67 557 176 593 200 33.499962
000278 61 0 185 357 374 5.113227
000278 63 720 168 804 233 13.017306
000278 64 279 192 439 284 8.942921
000278 65 377 183 488 251 11.106328
000278 67 554 176 590 201 32.793049
000279 61 0 187 326 374 5.265648
000279 63 722 168 812 237 12.43706
000279 64 246 194 425 297 8.091029
000279 65 359 185 479 258 9.932486
000279 67 550 176 587 202 32.134663
000280 63 728 173 833 251 11.199032
000280 64 157 202 390 332 6.960785
000280 65 313 190 457 277 8.986427
000280 68 715 185 778 229 11.162611
000280 70 699 181 738 213 18.638426
000281 63 733 174 845 256 10.717439
000281 64 91 203 368 352 6.698909
000281 65 286 192 447 287 8.266517
000281 67 539 185 579 213 23.595627
000281 68 718 188 784 235 10.560302
000281 70 700 184 739 216 17.967262
000282 63 737 175 858 263 10.033653
000282 64 3 204 341 374 5.943692
000282 65 255 193 435 298 7.792972
000282 67 534 183 575 212 22.924288
000282 68 718 187 788 236 9.906373
000283 63 742 169 875 264 9.352408
000283 64 0 206 308 374 6.133813
000283 65 217 190 421 303 7.19032
000283 67 530 178 573 207 22.433704
000283 70 700 179 743 213 16.991009
000284 63 748 163 893 265 8.67619
000284 64 0 208 267 374 5.541361
000284 65 170 187 405 313 7.015018
000285 63 754 155 915 266 8.059103
000285 65 111 187 386 329 6.478891
000285 70 702 169 749 205 15.660975
000285 72 695 170 734 201 15.660975
000286 63 761 156 943 277 7.366383
000286 64 0 218 145 374 4.779732
000286 65 32 190 362 356 6.058859
000286 67 517 172 564 204 21.580814
000286 70 704 170 752 208 15.403817
000286 72 696 170 736 203 15.403817
000288 63 770 156 977 290 7.139955
000288 65 0 194 332 374 6.986814
000288 67 512 174 560 207 20.858015
000288 70 705 172 755 212 14.736031
000288 72 696 171 738 205 14.736031
000289 63 790 157 1073 328 5.890578
000289 65 0 202 248 374 5.476919
000289 67 502 179 553 215 19.406425
000290 63 803 158 1143 355 5.100427
000290 65 0 209 186 374 4.965765
000290 67 497 183 550 219 18.627537
000290 68 754 185 877 263 7.634306
000290 69 723 179 803 239 14.595201
000290 70 709 179 766 223 14.595201
000290 72 698 179 745 215 14.595201
000291 63 820 156 1241 374 4.524512
000291 67 490 186 546 225 18.636509
000291 68 760 190 896 276 7.180234
000292 63 842 155 1241 374 4.459267
000292 67 484 188 543 229 18.067387
000292 68 769 193 920 288 6.67175
000293 67 477 187 538 229 17.542952
000293 68 779 193 950 297 8.29876
000293 69 735 182 836 254 10.468674
000293 70 716 185 783 236 12.38844
000293 72 702 183 755 224 12.272415
000294 67 469 186 534 230 16.772821
000294 68 790 193 987 309 7.518041
000294 69 740 181 850 258 9.7616
000294 70 718 184 790 238 11.629947
000294 72 703 182 759 225 11.629947
000295 67 461 185 529 230 16.045311
000295 68 804 193 1032 324 7.792583
000295 69 745 180 866 263 8.547112
000295 70 721 183 797 239 10.901718
000295 72 704 181 763 225 10.901718
000296 67 453 185 524 232 15.486227
000296 68 819 194 1091 344 5.529702
000296 69 752 180 884 269 8.785755
000296 70 725 182 807 242 10.74168
000296 72 706 181 768 228 10.74168
000297 67 444 185 519 234 14.550311
000297 68 838 194 1169 370 5.323821
000297 69 760 179 906 276 9.202268
000297 70 729 182 817 246 9.737516
000297 72 708 181 774 229 9.737516
000298 67 433 185 513 237 13.748713
000298 68 864 197 1241 374 4.18656
000298 69 770 179 932 285 9.216395
000298 70 734 182 829 249 9.998878
000298 72 711 180 780 230 10.78136
000299 67 422 185 507 239 13.318782
000299 68 898 200 1241 374 4.304301
000299 69 780 178 963 295 7.279258
000299 70 739 181 843 253 8.763987
000299 71 470 183 534 224 17.73048
000299 72 714 179 786 232 11.167151
000299 73 497 182 550 215 18.480965
000299 74 695 177 753 220 12.564805
000300 67 409 185 500 242 12.738187
000300 68 942 205 1241 374 4.721054
000300 69 793 178 1001 308 6.927297
000300 70 745 181 859 258 8.537009
000300 71 462 182 528 225 17.073517
000300 72 717 178 794 233 11.422312
000300 74 696 176 757 221 11.910683
000301 67 396 185 493 246 12.175632
000301 69 809 178 1051 326 6.815561
000301 70 752 181 878 265 7.52774
000301 71 453 183 524 228 16.276091
000301 72 720 178 802 237 10.985477
000301 74 698 177 762 224 10.985477
000302 67 381 186 485 251 11.564837
000302 69 828 179 1117 350 6.385581
000302 70 760 182 900 274 6.637524
000302 71 444 183 519 230 14.989569
000302 72 724 178 812 241 10.419927
000302 73 478 182 539 219 17.04423
000302 74 699 177 768 226 10.419927
000304 67 363 186 476 256 10.888373
000304 69 851 181 1207 374 6.1536
000304 70 769 183 926 284 6.562981
000304 71 433 183 513 233 15.126401
000304 72 727 179 823 246 10.262644
000304 74 701 178 774 229 10.262644
000305 67 343 187 466 262 10.272097
000305 69 881 182 1241 374 5.54895
000305 70 779 184 959 297 6.700567
000305 71 422 184 507 236 14.485657
000305 72 732 180 835 251 9.746421
000305 73 462 184 530 224 16.094734
000305 74 703 178 781 233 9.746421
000306 67 320 188 456 269 9.626281
000306 69 920 183 1241 374 4.810947
000306 70 792 185 999 312 6.02876
000306 71 409 184 500 240 12.008061
000306 72 736 180 849 257 9.329016
000306 74 705 179 789 236 9.285794
000306 76 694 179 753 224 12.625392
000306 77 690 178 735 214 12.625392
000307 67 295 189 444 277 8.974998
000307 70 807 184 1053 329 5.446465
000307 71 396 185 493 243 13.693155
000307 72 743 180 867 263 8.617956
000307 73 445 184 520 229 14.532108
000307 74 708 179 797 239 8.617956
000307 76 696 179 758 226 11.955458
000307 77 691 177 738 215 11.955458
000308 67 265 190 431 287 8.360182
000308 70 826 184 1123 351 4.916597
000308 71 382 185 486 247 12.868237
000308 72 751 181 887 271 8.055654
000308 73 435 184 515 231 13.444909
000308 74 712 178 807 243 9.208394
000308 76 698 178 763 227 12.648384
000308 77 692 177 742 216 12.648384
000309 67 229 191 416 298 7.760069
000309 70 849 186 1222 374 4.317169
000309 71 366 186 477 252 11.972722
000309 72 760 181 912 280 7.547934
000309 73 425 184 510 233 12.312818
000309 74 715 178 818 246 7.651787
000309 77 694 176 745 217 22.383425
000310 67 184 192 399 312 6.937171
000310 70 878 189 1241 374 3.933097
000310 71 347 186 467 258 10.732091
000310 72 770 182 942 291 7.026423
000310 73 413 184 504 236 10.943154
000310 74 719 177 830 251 11.57764
000310 76 703 177 776 231 12.708635
000310 77 695 175 749 218 13.80072
000311 67 128 193 378 329 6.581918
000311 70 915 193 1241 374 3.42942
000311 71 325 186 457 264 9.855455
000311 72 782 182 979 304 6.40189
000311 73 400 184 498 239 11.45385
000311 76 709 177 792 237 18.698418
000311 77 699 175 758 222 18.698418
000311 78 685 175 737 213 18.698418
000312 67 0 196 333 374 5.710288
000312 71 272 189 434 280 9.583106
000312 72 815 185 1088 346 5.136825
000312 73 372 186 483 247 11.049098
000312 74 736 178 883 271 8.86637
000312 76 712 177 801 242 8.86637
000312 77 701 176 763 225 12.136938
000312 78 686 176 740 215 12.136938
000313 67 0 198 302 374 6.190005
000313 71 238 190 420 291 8.88376
000313 72 838 188 1172 374 4.55303
000313 73 355 187 475 253 9.615496
000313 76 716 178 812 247 12.954146
000313 77 703 177 769 228 12.278782
000313 78 687 177 744 217 12.278782
000315 67 0 200 263 374 8.926403
000315 71 196 192 404 304 8.134001
000315 72 866 190 1241 374 3.980135
000315 73 336 188 465 259 10.4416
000315 75 490 180 538 214 19.201925
000315 76 720 179 825 252 17.632902
000315 77 705 178 776 231 17.632902
000315 78 689 178 748 220 17.632902
000316 71 145 194 385 321 7.461189
000316 72 902 194 1241 374 3.370542
000316 73 314 189 455 266 9.633592
000316 75 484 180 535 215 18.622288
000316 79 505 179 550 210 23.742262
000317 71 83 195 364 339 6.455768
000317 73 290 190 444 272 9.58671
000317 74 773 182 1023 326 5.770485
000317 75 478 180 531 216 17.823814
000317 77 713 181 798 244 12.686508
000317 78 693 180 761 228 12.686508
000317 79 494 180 543 213 20.381584
000317 80 690 178 741 216 12.686508
000318 71 0 199 309 374 5.697614
000318 73 226 191 420 290 8.370823
000318 74 804 185 1165 374 5.196881
000318 75 466 179 522 219 16.861559
000318 76 744 182 897 282 10.040498
000318 77 717 180 809 247 11.730372
000318 78 695 180 767 229 11.730372
000318 79 489 178 539 212 18.900356
000319 71 0 202 271 374 5.265622
000319 73 185 192 405 302 7.926603
000319 74 826 187 1241 374 15.466781
000319 75 459 179 517 220 16.195032
000319 76 752 182 925 293 8.724664
000319 77 721 179 821 250 8.724664
000319 78 697 179 773 231 8.724664
000319 79 484 178 536 214 18.227432
000320 71 0 206 223 374 5.207019
000320 73 133 193 387 317 7.651096
000320 75 451 179 512 221 15.974981
000320 76 762 182 958 306 8.089986
000320 77 726 178 834 253 9.447651
000320 78 700 178 779 232 10.02489
000320 79 479 178 532 215 17.849535
000320 80 694 177 750 219 11.959794
000321 73 72 198 368 339 7.558808
000321 75 444 179 507 223 15.783456
000321 76 773 182 998 321 8.10959
000321 77 732 178 849 260 8.740785
000321 78 702 178 787 236 10.970328
000321 79 472 178 529 216 17.559431
000321 80 695 177 755 221 10.970328
000322 73 0 199 346 363 7.834974
000322 75 435 179 501 225 15.128471
000322 77 738 179 867 267 8.921044
000322 78 705 178 795 239 10.312159
000322 79 466 178 525 217 16.777962
000322 80 697 177 760 223 10.312159
000323 73 0 201 319 374 6.844176
000323 75 425 180 496 228 14.594635
000323 76 803 183 1117 367 5.903424
000323 77 745 180 888 275 7.621926
000323 78 708 179 805 243 8.894821
000323 79 459 177 521 219 17.127335
000323 80 699 177 765 225 9.363391
000324 73 0 204 286 374 6.254737
000324 75 415 180 489 230 14.531546
000324 76 824 183 1210 374 11.929753
000324 77 753 180 913 285 6.534942
000324 78 711 179 815 247 7.789048
000324 79 451 177 516 220 16.887917
000325 73 0 207 244 374 5.480452
000325 75 404 180 483 233 13.68465
000325 76 852 186 1241 374 4.681126
000325 77 763 181 943 297 10.89227
000325 78 715 179 827 252 8.074688
000325 79 443 177 512 222 16.030334
000325 80 704 177 778 230 8.980967
000327 73 0 209 195 374 5.353686
000327 75 392 180 476 236 13.115413
000327 77 774 181 979 311 7.444761
000327 78 719 179 841 257 7.444761
000327 79 435 177 506 223 15.437586
000328 73 0 215 131 374 4.879187
000328 75 378 180 469 238 12.375838
000328 77 787 181 1024 327 5.798682
000328 78 724 178 857 262 49.581951
000328 79 426 177 501 225 15.292376
000328 80 709 176 791 235 49.581951
000329 75 346 179 452 245 10.943027
000329 76 1101 207 1241 374 4.789653
000329 77 821 181 1161 374 4.604767
000329 78 735 177 897 275 8.02205
000329 79 406 176 488 229 13.32472
000329 80 715 176 808 241 7.889019
000330 75 327 178 442 249 10.441697
000330 77 845 183 1241 374 4.031616
000330 78 742 176 923 284 7.327522
000330 79 394 175 481 231 12.568655
000330 80 719 175 818 244 7.252737
000331 75 305 180 430 255 9.927117
000331 77 875 185 1241 374 3.597458
000331 78 749 177 953 296 6.733551
000331 79 380 177 473 235 12.384338
000333 75 280 181 416 262 10.324883
000333 77 912 187 1241 374 3.031201
000333 78 757 178 991 311 6.180471
000333 79 365 178 465 240 11.050507
000334 75 251 183 401 270 8.794203
000334 78 767 180 1035 330 5.495131
000334 79 347 179 455 245 10.68194
000334 80 729 177 854 261 10.929029
000335 75 216 184 383 280 8.170764
000335 77 1034 196 1241 374 2.840282
000335 78 779 181 1092 354 4.878808
000335 79 326 181 444 251 10.86012
000335 80 733 178 871 269 10.442367
000336 75 127 187 343 305 7.148582
000336 78 811 184 1241 374 3.618299
000336 79 279 183 418 264 9.999687
000337 75 69 189 318 320 7.260148
000337 78 832 186 1241 374 6.044549
000337 79 252 185 403 272 9.153394
000337 80 750 179 939 298 6.293793
000338 75 0 191 290 339 5.961792
000338 78 861 188 1241 374 5.375785
000338 79 219 185 387 279 8.639323
000338 80 757 179 971 311 5.71029
000339 75 0 193 255 363 5.992311
000339 79 180 184 369 286 7.921165
000339 80 766 180 1012 328 5.384453
000341 75 0 195 213 374 6.639373
000341 79 134 184 349 296 7.453421
000341 80 776 180 1064 350 4.879276
000342 75 0 197 166 374 6.046584
000342 79 81 185 326 310 7.447303
000342 80 790 181 1132 374 7.481898
000343 75 0 202 105 374 5.500963
000343 79 16 186 300 327 6.943901
000343 80 806 183 1226 374 5.057779
000344 79 0 189 274 347 6.505011
000344 80 827 184 1241 374 3.162289
000345 79 0 192 243 374 6.51013
000346 79 0 198 162 374 5.899639
000350 84 338 180 425 214 33.059959
000350 85 0 180 122 245 15.031363
000351 84 339 181 427 215 32.23373
000351 85 0 181 104 248 14.44386
000353 85 0 183 62 253 12.229644
000355 87 345 154 452 206 31.52825
000355 88 99 179 215 217 10.700164
000359 81 227 190 414 312 3.47664
000359 83 491 178 578 208 12.622623
000360 83 489 178 578 209 12.650327
000361 81 56 198 371 374 12.599946
000361 83 488 179 578 210 12.212342
000362 83 487 179 579 212 12.174726
000364 82 819 162 858 251 12.55287
000364 83 485 178 579 211 11.996651
000365 83 483 177 579 211 11.928704
000365 84 321 188 419 269 6.274234
000367 83 479 176 579 211 11.10738
000368 83 476 176 578 211 10.813906
000369 83 470 175 576 213 8.937407
000369 84 86 194 372 365 23.36742
000369 87 68 160 207 221 28.064953
000370 83 467 175 575 213 9.987637
000370 84 0 197 342 374 18.369625
000371 82 1010 153 1087 309 4.895355
000371 83 463 175 574 214 10.37006
000371 87 23 160 167 223 54.419842
000372 83 458 176 571 216 8.974991
000372 88 358 173 506 229 23.20286
000380 83 379 181 515 232 5.637765
000381 88 619 168 788 234 30.780384
000382 83 354 180 494 234 6.860929
000382 88 652 167 826 234 30.375563
000385 83 313 180 459 239 4.317882
000385 88 757 162 948 232 30.437033
000386 83 300 180 449 241 4.189259
000386 88 796 161 992 232 7.018075
000388 83 271 180 428 245 3.663021
000388 88 877 160 1082 231 30.188299
000389 83 257 182 417 251 3.627472
000389 88 918 159 1128 230 30.1297
000390 83 242 185 406 256 3.551324
000390 88 960 158 1175 230 20.91358
000391 83 227 186 396 261 3.518042
000391 88 1003 157 1223 229 30.134983
000392 83 210 187 385 265 5.701799
000392 88 1046 156 1241 228 30.714869
000394 83 172 189 361 276 24.06764
000395 83 149 190 347 282 28.046865
000397 83 105 192 325 296 7.814783
000398 83 79 193 313 304 14.812891
000399 83 49 194 299 313 17.512663
000400 83 15 195 284 323 22.022753
000400 86 394 181 560 241 4.69401
000401 83 0 196 271 334 34.857899
000402 83 0 197 255 347 21.002853
000403 83 0 198 238 362 5.310241
000403 86 352 182 528 248 4.653854
000404 83 0 199 219 374 8.163803
000404 86 337 182 517 250 4.690137
000405 86 320 183 504 253 4.691714
000406 83 0 203 174 374 18.952026
000406 86 307 184 494 256 4.696818
000407 86 292 185 484 260 4.694745
000408 83 0 209 112 374 17.080523
000408 86 277 186 472 264 8.120624
000410 83 0 212 72 374 34.999596
000410 86 260 187 460 269 8.221236
000412 86 222 188 436 279 18.448652
000413 86 200 189 424 285 18.450233
000413 86 176 190 410 291 13.764846
000415 86 148 191 395 298 10.751028
000416 86 117 191 379 307 12.161056
000417 86 85 192 367 317 17.021717
000417 86 47 193 354 329 14.674306
000418 86 3 194 340 344 20.805861
000419 86 0 196 323 360 24.612453
000420 86 0 197 305 374 29.483925
000421 86 0 199 285 374 18.448647
000422 86 0 201 263 374 18.450377
000423 86 0 203 236 374 21.676199
000424 86 0 206 204 374 20.092623
000425 86 0 209 165 374 24.27684
