0.100000 0.000297997 0.003446136 0.684798121 0.000853262 -0.000090998 0.000430426 0.999999523
0.200000 -0.003895839 -0.002662680 1.370064378 -0.000688708 -0.000025083 -0.001151738 0.999999106
0.300000 -0.007070584 0.006829922 2.058571100 -0.002139275 0.000110011 -0.001690675 0.999996245
0.400000 -0.006346615 0.009880668 2.744388103 -0.003427690 -0.000177366 -0.001689057 0.999992669
0.500000 -0.004021480 0.016616579 3.432296515 -0.003961558 -0.000423696 -0.001429283 0.999991059
0.600000 -0.006132185 0.022688197 4.117702484 -0.003597710 -0.000510851 -0.000823763 0.999993026
0.700000 -0.013464560 0.027846469 4.800765038 -0.002989789 -0.000535552 -0.001380079 0.999994397
0.800000 -0.009249767 0.032704338 5.484495640 -0.002585155 -0.000917834 -0.001353114 0.999995291
0.900000 -0.031421546 0.036773242 6.157772541 -0.002424098 -0.000303310 -0.001994318 0.999994993
1.000000 -0.026597764 0.037563697 6.819725037 -0.002975962 -0.000556598 -0.002636247 0.999991953
1.100000 -0.037685055 0.051621761 7.526175499 -0.003185565 -0.000419341 -0.002107551 0.999992609
1.200000 -0.045838114 0.051091913 8.209527969 -0.003041310 -0.000551365 -0.003357032 0.999989569
1.300000 -0.037512105 0.063442104 8.873505592 -0.002473436 -0.000823808 -0.002010634 0.999994576
1.400000 -0.040671967 0.078721285 9.547893524 -0.002665574 -0.000750201 -0.002126005 0.999993861
1.500000 -0.043617636 0.063903607 10.215147018 -0.003703982 -0.000954168 -0.002595406 0.999989331
1.600000 -0.048629496 0.071421258 10.883419991 -0.003925680 -0.001049009 -0.001735041 0.999990225
1.700000 -0.049026683 0.071906120 11.545206070 -0.004225395 -0.001056062 -0.000916381 0.999990046
1.800000 -0.056328744 0.079106346 12.202331543 -0.003760401 -0.001045812 -0.001428681 0.999991357
1.900000 -0.064896323 0.081773087 12.872856140 -0.002276418 -0.001297350 -0.001906497 0.999994755
2.000000 -0.070399374 0.082283631 13.511097908 -0.001561713 -0.001302687 -0.001264329 0.999997139
2.100000 -0.079425432 0.091505468 14.165989876 -0.002386536 -0.001192359 -0.002444454 0.999993443
2.200000 -0.082417361 0.095916070 14.826214790 -0.003176011 -0.001245842 -0.003602976 0.999987662
2.300000 -0.086563267 0.098550998 15.484583855 -0.003687480 -0.001104313 -0.004660547 0.999981701
2.400000 -0.082946703 0.107001215 16.133476257 -0.003934568 -0.001417212 -0.005595560 0.999975622
2.500000 -0.100547001 0.108932234 16.784221649 -0.003582096 -0.001229997 -0.006942124 0.999968767
2.600000 -0.113621756 0.117702514 17.459083557 -0.002276693 -0.001694485 -0.008249070 0.999961913
2.700000 -0.117499560 0.122890234 18.116203308 -0.001712426 -0.002087807 -0.009373199 0.999952435
2.800000 -0.112345189 0.125568882 18.758600235 -0.002838012 -0.002592008 -0.011065710 0.999931395
2.900000 -0.131069094 0.133604616 19.419582367 -0.003672673 -0.002567574 -0.011837755 0.999919891
3.000000 -0.135986909 0.138826668 20.072978973 -0.003725837 -0.003130531 -0.012676051 0.999907792
3.100000 -0.144999653 0.150830626 20.742757797 -0.003062561 -0.003488425 -0.012653049 0.999909163
3.200000 -0.150898710 0.159847707 21.409648895 -0.002899297 -0.004157657 -0.012463192 0.999909461
3.300000 -0.162612498 0.163044214 22.077775955 -0.003465444 -0.004468182 -0.012595974 0.999904692
3.400000 -0.175329864 0.174272493 22.749837875 -0.003307719 -0.004765640 -0.012666729 0.999902964
3.500000 -0.182033852 0.177295387 23.415285110 -0.003493580 -0.004791855 -0.012815158 0.999900281
3.600000 -0.189322054 0.184181839 24.089778900 -0.003987025 -0.004273286 -0.013464949 0.999892294
3.700000 -0.199820623 0.197293758 24.766052246 -0.004464548 -0.003283375 -0.013751631 0.999890089
3.800000 -0.206824541 0.204837680 25.450376511 -0.004509578 -0.002116314 -0.013977770 0.999889910
3.900000 -0.206997961 0.209505424 26.125516891 -0.004083470 -0.001071985 -0.013945885 0.999893844
4.000000 -0.205457836 0.218567058 26.811311722 -0.003770674 0.000111121 -0.012933927 0.999909222
4.100000 -0.213127792 0.227340683 27.491752625 -0.003932823 0.001547463 -0.012783473 0.999909341
4.200000 -0.214606851 0.240114987 28.196895599 -0.004186631 0.002584073 -0.011556805 0.999921143
4.300000 -0.210367054 0.244559050 28.878934860 -0.004333748 0.003961343 -0.011354241 0.999918282
4.400000 -0.200525850 0.254271865 29.567588806 -0.003639973 0.004815333 -0.011873667 0.999911308
4.500000 -0.198501110 0.265119731 30.271751404 -0.003318814 0.005903849 -0.010245032 0.999924600
4.600000 -0.189758927 0.265821040 30.984338760 -0.003566944 0.006394358 -0.010332661 0.999919832
4.700000 -0.183618695 0.274676025 31.678653717 -0.003968223 0.007535097 -0.008509078 0.999927521
4.800000 -0.183416426 0.279074073 32.391342163 -0.003465009 0.008222945 -0.007560816 0.999931574
4.900000 -0.165017545 0.283888757 33.081054688 -0.001183322 0.008091962 -0.007209658 0.999940574
5.000000 -0.153187990 0.286514968 33.775726318 0.000287359 0.008378850 -0.006629322 0.999942899
5.100000 -0.149027288 0.296746194 34.490322113 -0.000166644 0.009105589 -0.007837714 0.999927819
5.200000 -0.133926511 0.298381448 35.182136536 -0.001723569 0.009238793 -0.008760756 0.999917507
5.300000 -0.128023565 0.301880807 35.894393921 -0.002093203 0.009603060 -0.008113543 0.999918818
5.400000 -0.116040051 0.301948547 36.595802307 -0.001926890 0.009589556 -0.007543521 0.999923706
5.500000 -0.100977242 0.304587066 37.295829773 -0.001806340 0.009269974 -0.006589078 0.999933660
5.600000 -0.093335927 0.305496693 37.990299225 -0.002276814 0.008719781 -0.006064672 0.999940991
5.700000 -0.080955446 0.314650267 38.688396454 -0.002402321 0.008143634 -0.005260954 0.999950111
5.800000 -0.079371750 0.317047268 39.394149780 -0.002300266 0.007445027 -0.006308259 0.999949753
5.900000 -0.074060917 0.322288036 40.064777374 -0.001952415 0.006748209 -0.006532642 0.999953985
6.000000 -0.071728706 0.327445298 40.758579254 -0.002674930 0.005943718 -0.007864323 0.999947846
6.100000 -0.071252882 0.332772136 41.453063965 -0.003738017 0.005270313 -0.008805130 0.999940395
6.200000 -0.078177571 0.338872761 42.146762848 -0.003709316 0.004448999 -0.010357543 0.999929607
6.300000 -0.068074077 0.350836247 42.847751617 -0.002652563 0.003192786 -0.011655746 0.999923468
6.400000 -0.068486601 0.360987663 43.525020599 -0.001705133 0.002454010 -0.012701246 0.999914885
6.500000 -0.075219549 0.369632542 44.236415863 -0.001278336 0.001393662 -0.013360557 0.999908924
6.600000 -0.088715948 0.376136005 44.919006348 -0.000838854 0.000606194 -0.014447991 0.999895036
6.700000 -0.090602733 0.381465971 45.611682892 -0.000300405 -0.000195436 -0.014484012 0.999895036
6.800000 -0.105633318 0.386621863 46.298358917 -0.000957210 -0.000651691 -0.015162719 0.999884367
6.900000 -0.101539597 0.387677133 47.001911163 -0.001796632 -0.001631736 -0.015011706 0.999884367
7.000000 -0.102141634 0.391075909 47.694759369 -0.002447633 -0.002572925 -0.014851799 0.999883413
7.100000 -0.115476325 0.399973631 48.380016327 -0.002494686 -0.003010981 -0.015180783 0.999877095
7.200000 -0.119589120 0.405077845 49.075962067 -0.002540743 -0.003809232 -0.015131500 0.999875009
7.300000 -0.131934047 0.413524985 49.772571564 -0.003033645 -0.004423949 -0.014871484 0.999875009
7.400000 -0.142017215 0.420340240 50.470172882 -0.004250703 -0.005123192 -0.014400714 0.999874115
7.500000 -0.155824214 0.427669436 51.162673950 -0.005030826 -0.005955359 -0.013617211 0.999876857
7.600000 -0.166197360 0.438944399 51.862037659 -0.005271056 -0.006921419 -0.012693563 0.999881566
7.700000 -0.182678819 0.445947886 52.557941437 -0.005157891 -0.007706067 -0.012777898 0.999875367
7.800000 -0.200472891 0.453962356 53.256153107 -0.004505536 -0.008591102 -0.012864248 0.999870181
7.900000 -0.208256125 0.460011721 53.956031799 -0.004310370 -0.009778999 -0.012965443 0.999858856
8.000000 -0.229430735 0.472284049 54.662651062 -0.004515829 -0.010466808 -0.013414969 0.999845028
8.100000 -0.254613340 0.477487147 55.364749908 -0.004263918 -0.010544136 -0.014445021 0.999830961
8.200000 -0.266932368 0.487467468 56.058471680 -0.004006982 -0.011057328 -0.013387441 0.999841213
8.300000 -0.290602922 0.493775725 56.767768860 -0.004470380 -0.010847838 -0.012902090 0.999847949
8.400000 -0.298160255 0.507423103 57.457771301 -0.004837550 -0.011061757 -0.011230876 0.999864042
8.500000 -0.315449655 0.514590204 58.149322510 -0.004783295 -0.010803407 -0.010278770 0.999877393
8.600000 -0.334918439 0.517762065 58.848991394 -0.004949192 -0.009957202 -0.009172367 0.999896109
8.700000 -0.350696981 0.530251503 59.545814514 -0.005282097 -0.009002601 -0.008515679 0.999909222
8.800000 -0.371619701 0.535635471 60.244319916 -0.005007111 -0.007647808 -0.008478696 0.999922276
8.900000 -0.375494123 0.542427242 60.922924042 -0.004015141 -0.006671624 -0.007742620 0.999939680
9.000000 -0.391313851 0.543427467 61.607387543 -0.003067891 -0.005280904 -0.007775024 0.999951124
9.100000 -0.394738853 0.549421012 62.277854919 -0.001471485 -0.004188244 -0.008063327 0.999957621
9.200000 -0.417447865 0.569511890 62.975173950 -0.000469281 -0.002399913 -0.008024448 0.999964833
9.300000 -0.414707661 0.568033814 63.642391205 -0.001451581 -0.001609062 -0.007924895 0.999966264
9.400000 -0.427010715 0.566671133 64.322280884 -0.003070522 -0.000331194 -0.008469337 0.999959350
9.500000 -0.421858937 0.579550564 64.995491028 -0.002815115 0.000025333 -0.008334312 0.999961317
9.600000 -0.420566440 0.577252626 65.671592712 -0.002704569 0.000503493 -0.007850204 0.999965370
9.700000 -0.424281210 0.583904922 66.350547791 -0.002376296 0.000552584 -0.007480616 0.999969006
9.800000 -0.420445889 0.593724132 67.016052246 -0.002326777 -0.000061196 -0.007400829 0.999969900
9.900000 -0.428051442 0.598855495 67.709602356 -0.002499837 -0.000119563 -0.007373078 0.999969661
10.000000 -0.442351192 0.599151731 68.387680054 -0.002806129 -0.000208683 -0.008541148 0.999959588
10.100000 -0.437188804 0.614477575 69.063362122 -0.002170307 -0.000980196 -0.008925289 0.999957323
10.200000 -0.448380858 0.622176528 69.737846375 -0.001920589 -0.001257246 -0.010870580 0.999938309
10.300000 -0.453423679 0.622036695 70.424888611 -0.002076827 -0.001639834 -0.011484175 0.999930561
10.400000 -0.461210579 0.627637267 71.099235535 -0.001963449 -0.001988813 -0.012531836 0.999917567
10.500000 -0.469488889 0.632988572 71.787361145 -0.002380942 -0.002231251 -0.013577690 0.999902487
10.600000 -0.484024286 0.633393407 72.465034485 -0.003012495 -0.002108890 -0.015276385 0.999876559
10.700000 -0.491346419 0.636317194 73.146965027 -0.002763165 -0.002204211 -0.015803590 0.999868870
10.800000 -0.494302899 0.642607570 73.823120117 -0.002213456 -0.002637471 -0.017183743 0.999846399
10.900000 -0.501467943 0.649882197 74.490539551 -0.001406359 -0.002622379 -0.018162785 0.999830604
11.000000 -0.503124714 0.656323791 75.163742065 -0.000769901 -0.002855184 -0.018479766 0.999824882
11.100000 -0.519761205 0.649763107 75.834167480 -0.001661341 -0.002593067 -0.018865205 0.999817312
11.200000 -0.528138876 0.654542506 76.506980896 -0.002412433 -0.002599725 -0.019524377 0.999803066
11.300000 -0.535686851 0.660980105 77.168449402 -0.002780398 -0.002271225 -0.020021623 0.999793112
11.400000 -0.539169788 0.656880677 77.832130432 -0.002711565 -0.002400281 -0.020956244 0.999773800
11.500000 -0.544572055 0.663128376 78.490516663 -0.002264957 -0.002059544 -0.021797601 0.999757707
11.600000 -0.548454762 0.666175008 79.149444580 -0.002733402 -0.001929614 -0.021802407 0.999756694
11.700000 -0.548445225 0.670444012 79.806350708 -0.003298689 -0.002066335 -0.021765692 0.999755502
11.800000 -0.561942577 0.672222316 80.472320557 -0.004846946 -0.001105785 -0.021114530 0.999764681
11.900000 -0.562867880 0.680388331 81.130584717 -0.005862701 -0.000998665 -0.019996788 0.999782383
12.000000 -0.567090213 0.689725280 81.780097961 -0.005420441 -0.000734551 -0.019108994 0.999802411
12.100000 -0.575585783 0.698148012 82.436042786 -0.004238814 -0.000381417 -0.018395877 0.999821723
12.200000 -0.579204679 0.692186296 83.087059021 -0.005103055 -0.000372786 -0.018122653 0.999822676
12.300000 -0.587711930 0.704795837 83.731536865 -0.005459675 0.000466252 -0.017518055 0.999831557
12.400000 -0.582815826 0.710032105 84.383140564 -0.006751928 0.000160026 -0.017269129 0.999828041
12.500000 -0.567844987 0.718834162 85.020301819 -0.006530317 -0.000887226 -0.016135123 0.999848127
12.600000 -0.588566184 0.727127016 85.656997681 -0.006502547 0.000134452 -0.015982723 0.999851108
12.700000 -0.585610867 0.735323668 86.290061951 -0.006846651 -0.000107871 -0.016037470 0.999847949
12.800000 -0.593850613 0.745176435 86.922653198 -0.007373436 0.000277434 -0.015802242 0.999847949
12.900000 -0.597045600 0.754838407 87.549766541 -0.008146802 0.000612441 -0.015762636 0.999842405
13.000000 -0.591283262 0.773355305 88.181434631 -0.007486010 0.000217461 -0.014872656 0.999861360
13.100000 -0.601169050 0.770941198 88.787384033 -0.007879601 0.001248982 -0.013547920 0.999876380
13.200000 -0.599260926 0.778835773 89.407844543 -0.006383657 0.001571499 -0.012076408 0.999905467
13.300000 -0.604602933 0.789011121 90.023178101 -0.004630021 0.002079001 -0.011350944 0.999922693
13.400000 -0.593945861 0.796385825 90.626373291 -0.002760864 0.001982627 -0.009395188 0.999950051
13.500000 -0.591141343 0.800622225 91.238052368 -0.001650760 0.001879546 -0.009423537 0.999952495
13.600000 -0.592111647 0.807337403 91.852775574 -0.000997146 0.002429084 -0.009364503 0.999952674
13.700000 -0.590892792 0.808057070 92.455078125 -0.002183154 0.002601959 -0.010354117 0.999940634
13.800000 -0.591398299 0.814821959 93.061828613 -0.003405289 0.003250609 -0.011134010 0.999926925
13.900000 -0.587877333 0.814150572 93.660980225 -0.004301222 0.003683261 -0.012931416 0.999900341
14.000000 -0.590994239 0.817061365 94.253982544 -0.003742250 0.004781938 -0.013490115 0.999890566
14.100000 -0.585957408 0.818883121 94.848274231 -0.002919071 0.005534808 -0.014204581 0.999879539
14.200000 -0.582601190 0.825099707 95.423866272 -0.001788064 0.006568498 -0.014709846 0.999868631
14.300000 -0.578355551 0.822296500 95.994720459 -0.001588002 0.007588824 -0.015162120 0.999854982
14.400000 -0.570441961 0.821571231 96.560112000 -0.001962756 0.008432496 -0.015528916 0.999841928
14.500000 -0.561929226 0.823671401 97.121833801 -0.003093536 0.009423595 -0.014824702 0.999840915
14.600000 -0.550614119 0.824434400 97.672653198 -0.004468791 0.010273671 -0.014241738 0.999835849
14.700000 -0.543831587 0.825518310 98.215461731 -0.005631976 0.011572891 -0.014064366 0.999818265
14.800000 -0.533081293 0.827623367 98.753021240 -0.005860334 0.012566760 -0.013793214 0.999808729
14.900000 -0.522947073 0.836428046 99.282135010 -0.005190471 0.013473720 -0.013772395 0.999800861
15.000000 -0.512840271 0.837153256 99.800201416 -0.004652237 0.014392439 -0.014145769 0.999785542
15.100000 -0.497993946 0.840807796 100.303848267 -0.003930245 0.015057867 -0.014041500 0.999780297
15.200000 -0.484545469 0.844027638 100.802581787 -0.003600721 0.015778152 -0.014260822 0.999767363
15.300000 -0.468472004 0.842388868 101.285095215 -0.003785171 0.016457140 -0.014579721 0.999751091
15.400000 -0.452795744 0.849653602 101.760101318 -0.004383391 0.016903868 -0.013909640 0.999750733
15.500000 -0.438469172 0.850346506 102.242630005 -0.004846132 0.017427389 -0.013062730 0.999751031
15.600000 -0.421526194 0.851980567 102.709068298 -0.005037820 0.017809652 -0.012884459 0.999745667
15.700000 -0.406718969 0.855380297 103.139587402 -0.003893320 0.018401572 -0.013292797 0.999734700
15.800000 -0.391611576 0.858160973 103.591011047 -0.003209921 0.018601749 -0.013279092 0.999733627
15.900000 -0.376739979 0.856893539 103.978919983 -0.002488942 0.019248541 -0.012108389 0.999738336
16.000000 -0.358551025 0.859641910 104.398574829 -0.002822139 0.019526014 -0.012038141 0.999732912
16.100000 -0.349381447 0.856138170 104.777809143 -0.003236944 0.020518318 -0.012650046 0.999704242
16.200000 -0.322494984 0.858639419 105.174980164 -0.003709565 0.020922879 -0.012784562 0.999692440
16.300000 -0.317362309 0.855037212 105.541999817 -0.004058767 0.022087393 -0.012506731 0.999669611
16.400000 -0.297294140 0.852339029 105.896659851 -0.003498744 0.023127370 -0.012817255 0.999644220
16.500000 -0.284173489 0.849928498 106.252716064 -0.002471131 0.024705460 -0.013130203 0.999605477
16.600000 -0.270914555 0.857310772 106.584815979 -0.001504762 0.026127640 -0.012320364 0.999581575
16.700000 -0.237435341 0.861577928 106.931411743 -0.001465480 0.027247831 -0.011832528 0.999557614
16.800000 -0.219823837 0.856640697 107.248481750 -0.001874864 0.028995926 -0.011739923 0.999508858
16.900000 -0.203872204 0.854550183 107.548706055 -0.001990710 0.030666465 -0.012666466 0.999447405
17.000000 -0.185563564 0.851183057 107.852310181 -0.002253983 0.032133084 -0.012903714 0.999397755
17.100000 -0.162126064 0.853621364 108.141540527 -0.002791419 0.033445142 -0.012663276 0.999356449
17.200000 -0.146256447 0.848972321 108.430137634 -0.003099978 0.034884062 -0.012536873 0.999307930
17.300000 -0.122622490 0.856510282 108.704856873 -0.002966973 0.036384039 -0.011748575 0.999264419
17.400000 -0.103440285 0.853502333 108.969085693 -0.003594308 0.037448820 -0.011447365 0.999226511
17.500000 -0.087634087 0.857188880 109.226432800 -0.003411778 0.038117088 -0.012505347 0.999189198
17.600000 -0.073853493 0.859873295 109.480323792 -0.002561182 0.038686398 -0.013713967 0.999153972
17.700000 -0.056660652 0.864533663 109.720840454 -0.002193546 0.038632348 -0.014116533 0.999151349
17.800000 -0.035182953 0.861525416 109.943801880 -0.002609638 0.038115349 -0.014642023 0.999162674
17.900000 -0.014656067 0.860534787 110.159996033 -0.002750520 0.036819287 -0.014499058 0.999212980
18.000000 -0.006004333 0.861438394 110.361053467 -0.002584452 0.035464939 -0.015102397 0.999253452
18.100000 0.008760929 0.865197897 110.566078186 -0.002482796 0.033546101 -0.015854463 0.999308348
18.200000 0.003160477 0.868348777 110.746383667 -0.003419902 0.031542338 -0.016942063 0.999352932
18.300000 0.004265785 0.867053688 110.922653198 -0.004357490 0.028747153 -0.018445494 0.999406993
18.400000 0.013141155 0.865123332 111.079132080 -0.004871892 0.025271928 -0.018929267 0.999489486
18.500000 0.014375687 0.869987130 111.234771729 -0.004905683 0.021223221 -0.019652385 0.999569535
18.600000 0.013509274 0.866793334 111.366127014 -0.005125748 0.016783331 -0.020193348 0.999642074
18.700000 0.009197712 0.868093848 111.491477966 -0.005078328 0.012079528 -0.020891592 0.999695897
18.800000 0.002624631 0.870408833 111.608451843 -0.005163257 0.007210098 -0.021620348 0.999726892
18.900000 -0.002881527 0.870891571 111.720550537 -0.005331133 0.002400413 -0.022184299 0.999736786
19.000000 -0.011500269 0.875324607 111.811668396 -0.005388829 -0.002249551 -0.022745879 0.999724209
19.100000 -0.017402887 0.873282075 111.906448364 -0.005810236 -0.007104119 -0.023574315 0.999679983
19.200000 -0.025961637 0.875051975 111.982398987 -0.005450637 -0.012331320 -0.024094418 0.999618769
19.300000 -0.037958145 0.875128865 112.062568665 -0.004616355 -0.018027972 -0.024810039 0.999518991
19.400000 -0.045363426 0.877370358 112.145332336 -0.004208864 -0.024086086 -0.025088767 0.999386191
19.500000 -0.059871197 0.877195954 112.227798462 -0.004681402 -0.030699708 -0.025311761 0.999197125
19.600000 -0.070903778 0.878219962 112.309104919 -0.005371367 -0.037327953 -0.025557684 0.998961747
19.700000 -0.090076447 0.880436361 112.389976501 -0.005907783 -0.043836512 -0.026062066 0.998681247
19.800000 -0.103632927 0.880227804 112.473846436 -0.006418957 -0.051001444 -0.026458856 0.998327374
19.900000 -0.119495392 0.882733703 112.544754028 -0.006842310 -0.058279637 -0.026721578 0.997919142
20.000000 -0.140240669 0.887164712 112.623550415 -0.006896261 -0.065676488 -0.026628669 0.997461736
20.100000 -0.159282684 0.888577461 112.700637817 -0.006609133 -0.073996998 -0.026632247 0.996880889
20.200000 -0.184598923 0.893112898 112.790924072 -0.005892357 -0.083235927 -0.026207395 0.996167779
20.300000 -0.210306168 0.892759860 112.884346008 -0.005135409 -0.093389131 -0.025903739 0.995279372
20.400000 -0.241157532 0.895895958 112.989349365 -0.004858769 -0.104912050 -0.025425259 0.994144559
20.500000 -0.283945084 0.899375319 113.103157043 -0.005134681 -0.117349155 -0.025271019 0.992755890
20.600000 -0.326360703 0.905939341 113.224311829 -0.005623470 -0.131377801 -0.024968712 0.991001904
20.700000 -0.386722565 0.910405636 113.354301453 -0.006090440 -0.146304622 -0.025356136 0.988895833
20.800000 -0.448963165 0.914109826 113.488052368 -0.006981016 -0.162665859 -0.025121650 0.986336648
20.900000 -0.522819519 0.920312881 113.635253906 -0.007926064 -0.179900229 -0.024666406 0.983343601
21.000000 -0.605422974 0.929387450 113.783836365 -0.008927048 -0.197980538 -0.023923498 0.979873300
21.100000 -0.694610596 0.936823606 113.929908752 -0.009976920 -0.216912344 -0.023038832 0.975868165
21.200000 -0.784244537 0.941617966 114.079978943 -0.010661154 -0.237169743 -0.022693340 0.971144617
21.300000 -0.899166107 0.951328754 114.237915039 -0.011669847 -0.257718265 -0.022798657 0.965880632
21.400000 -1.018810272 0.961221695 114.396408081 -0.012814628 -0.279038310 -0.022515869 0.959930480
21.500000 -1.156444550 0.974075079 114.562873840 -0.013794546 -0.300797284 -0.022477878 0.953323364
21.600000 -1.295711517 0.980448008 114.711791992 -0.014885062 -0.322525233 -0.022766884 0.946169972
21.700000 -1.464481354 0.992575884 114.888275146 -0.015545156 -0.344125777 -0.023883605 0.938490987
21.800000 -1.636722565 1.010678768 115.041122437 -0.015734367 -0.365171283 -0.023789676 0.930503309
21.900000 -1.823947906 1.028118849 115.204208374 -0.016431767 -0.385421932 -0.023282178 0.922300279
22.000000 -2.022167206 1.044026375 115.361953735 -0.018185053 -0.404674917 -0.022634044 0.913999557
22.100000 -2.241088867 1.064350605 115.530120850 -0.020402042 -0.423388422 -0.021651542 0.905459642
22.200000 -2.471031189 1.081382036 115.692932129 -0.022770677 -0.441544503 -0.020971859 0.896705151
22.300000 -2.719177246 1.105175972 115.846664429 -0.024278073 -0.459408373 -0.020831671 0.887648880
22.400000 -2.987926483 1.129064322 116.004791260 -0.026539551 -0.477434754 -0.019322865 0.878053665
22.500000 -3.271553040 1.153709888 116.157531738 -0.029239777 -0.496014655 -0.018984823 0.867614031
22.600000 -3.558490753 1.180481195 116.295494080 -0.031949930 -0.514459908 -0.017878506 0.856732488
22.700000 -3.866947174 1.205411196 116.432205200 -0.032905187 -0.532274127 -0.017122447 0.845759034
22.800000 -4.189983368 1.230413198 116.558776855 -0.032367460 -0.549419701 -0.017059188 0.834745049
22.900000 -4.527618408 1.260722876 116.669403076 -0.031608708 -0.564931631 -0.016520657 0.824366510
23.000000 -4.891918182 1.291998148 116.785278320 -0.031360678 -0.578682899 -0.014632638 0.814818084
23.100000 -5.264987946 1.322645783 116.894905090 -0.030345723 -0.591093659 -0.012502614 0.805934906
23.200000 -5.644670486 1.354286075 116.983551025 -0.029561095 -0.602149069 -0.011687715 0.797750592
23.300000 -6.047731400 1.387358785 117.081657410 -0.028940223 -0.612946332 -0.011522030 0.789510250
23.400000 -6.444168091 1.412260652 117.168090820 -0.028843338 -0.623477459 -0.011064474 0.781230807
23.500000 -6.861206055 1.439238191 117.241737366 -0.029436404 -0.633989215 -0.011261637 0.772699356
23.600000 -7.312583923 1.473264217 117.310096741 -0.030518884 -0.643970490 -0.011030660 0.764361799
23.700000 -7.753484726 1.504277229 117.367797852 -0.030452574 -0.653027236 -0.012601053 0.756617010
23.800000 -8.212875366 1.534842610 117.406745911 -0.030002136 -0.660719991 -0.014537072 0.749891758
23.900000 -8.685455322 1.569804072 117.454421997 -0.029918976 -0.667632759 -0.015456591 0.743728697
24.000000 -9.158290863 1.601414442 117.486305237 -0.029404113 -0.673258066 -0.015943587 0.738650680
24.100000 -9.649391174 1.639185548 117.521835327 -0.029227458 -0.677870631 -0.015867399 0.734428644
24.200000 -10.139285088 1.673520446 117.551147461 -0.029252736 -0.681312084 -0.015691506 0.731239974
24.300000 -10.654307365 1.712264419 117.578506470 -0.029129282 -0.683882117 -0.016066518 0.728833675
24.400000 -11.157163620 1.746428847 117.611320496 -0.030019596 -0.686028659 -0.016113818 0.726776302
24.500000 -11.685317039 1.786973596 117.638069153 -0.030331688 -0.687577963 -0.016491614 0.725289285
24.600000 -12.219419479 1.824656010 117.657188416 -0.031387724 -0.689022899 -0.016991455 0.723860264
24.700000 -12.754632950 1.860438943 117.675361633 -0.032972835 -0.690288246 -0.017363383 0.722574234
24.800000 -13.284549713 1.901784539 117.697418213 -0.033864792 -0.691734612 -0.017303992 0.721149743
24.900000 -13.822812080 1.948083997 117.709770203 -0.033140473 -0.692675471 -0.016720857 0.720293522
25.000000 -14.377634048 1.988791466 117.735214233 -0.031510599 -0.693496346 -0.015365649 0.719606638
25.100000 -14.924826622 2.027656317 117.751625061 -0.029743765 -0.693683624 -0.013909162 0.719531000
25.200000 -15.480261803 2.066871643 117.771789551 -0.028448371 -0.693648100 -0.012840460 0.719637513
25.300000 -16.035257339 2.105651617 117.786392212 -0.027318910 -0.693384051 -0.013273137 0.719927847
25.400000 -16.604190826 2.140593052 117.804672241 -0.027017878 -0.692724168 -0.013820012 0.720563889
25.500000 -17.188138962 2.176845074 117.823158264 -0.027859809 -0.692091644 -0.015617863 0.721102655
25.600000 -17.761102676 2.218964815 117.842277527 -0.029114921 -0.691226006 -0.017736113 0.721834064
25.700000 -18.344118118 2.261410952 117.869911194 -0.029574620 -0.690433085 -0.018916855 0.722543895
25.800000 -18.922363281 2.306577444 117.888916016 -0.029585982 -0.689707696 -0.018550375 0.723245382
25.900000 -19.509780884 2.349160671 117.910713196 -0.029316425 -0.688994050 -0.018063847 0.723948479
26.000000 -20.091293335 2.392468452 117.939430237 -0.029642059 -0.688190818 -0.016912002 0.724726617
26.100000 -20.697673798 2.435996294 117.978263855 -0.029953180 -0.687708616 -0.017143669 0.725166023
26.200000 -21.292076111 2.467805862 118.000953674 -0.030542783 -0.686828196 -0.017592421 0.725964665
26.300000 -21.897365570 2.514439106 118.031806946 -0.030638864 -0.686186910 -0.017313153 0.726573467
26.400000 -22.504579544 2.568847179 118.072990417 -0.030236667 -0.685523033 -0.016379910 0.727238297
26.500000 -23.112796783 2.609527111 118.101470947 -0.029604685 -0.684704185 -0.016057987 0.728042543
26.600000 -23.744174957 2.658433437 118.132949829 -0.029313443 -0.683959544 -0.016193893 0.728750825
26.700000 -24.359683990 2.698911190 118.185501099 -0.029922636 -0.683571637 -0.017002357 0.729071558
26.800000 -24.990013123 2.747797966 118.222816467 -0.030071914 -0.682877839 -0.017668247 0.729699492
26.900000 -25.617572784 2.790910721 118.258544922 -0.029802954 -0.682139516 -0.018482110 0.730380654
27.000000 -26.252611160 2.833945751 118.304763794 -0.029172197 -0.681713581 -0.018530479 0.730802417
27.100000 -26.894660950 2.885198832 118.341903687 -0.028466046 -0.681105375 -0.019074982 0.731383085
27.200000 -27.532173157 2.930973768 118.392013550 -0.028636919 -0.680548370 -0.019994915 0.731870234
27.300000 -28.183151245 2.977832317 118.431907654 -0.028711641 -0.679688215 -0.022085506 0.732606173
27.400000 -28.828845978 3.031837940 118.475540161 -0.028613117 -0.678817034 -0.023249570 0.733381331
27.500000 -29.479751587 3.075555086 118.537368774 -0.029384345 -0.677793264 -0.022871025 0.734309018
27.600000 -30.130748749 3.131898880 118.593513489 -0.029483585 -0.676689327 -0.022474373 0.735334754
27.700000 -30.781921387 3.177444458 118.645500183 -0.029859187 -0.675489306 -0.022545123 0.736419916
27.800000 -31.437276840 3.227337599 118.702453613 -0.029980300 -0.674313545 -0.021605087 0.737519860
27.900000 -32.098667145 3.284016371 118.762229919 -0.028215285 -0.673463643 -0.021056646 0.738381445
28.000000 -32.763641357 3.328663588 118.819717407 -0.025259953 -0.672414124 -0.020593015 0.739457309
28.100000 -33.436653137 3.378443718 118.882888794 -0.022655055 -0.671365142 -0.020628070 0.740493119
28.200000 -34.105361938 3.429864883 118.945716858 -0.023766296 -0.669972599 -0.020477684 0.741722643
28.300000 -34.755538940 3.470929146 119.014183044 -0.026730366 -0.668822408 -0.022851869 0.742589951
28.400000 -35.415599823 3.518536091 119.084915161 -0.031722292 -0.667418003 -0.023765711 0.743627667
28.500000 -36.087829590 3.575463772 119.156623840 -0.033732284 -0.666568518 -0.023617141 0.744305611
28.600000 -36.763256073 3.623958111 119.236129761 -0.034241810 -0.665680051 -0.021730099 0.745134473
28.700000 -37.430564880 3.680463552 119.316932678 -0.032693066 -0.664685965 -0.020666750 0.746120989
28.800000 -38.097194672 3.730296612 119.383117676 -0.030822299 -0.663632095 -0.021209158 0.747122884
28.900000 -38.741035461 3.782603264 119.462028503 -0.030068474 -0.662733555 -0.019821208 0.747988760
29.000000 -39.389438629 3.828137398 119.533874512 -0.028038675 -0.661883235 -0.018293429 0.748859048
29.100000 -40.054901123 3.874030828 119.615615845 -0.026042109 -0.661055565 -0.016667388 0.749699652
29.200000 -40.721591949 3.922803402 119.704513550 -0.025275428 -0.660213470 -0.016274504 0.750476182
29.300000 -41.392448425 3.970836639 119.791168213 -0.025752665 -0.659175217 -0.017167402 0.751352251
29.400000 -42.041210175 4.014497280 119.870162964 -0.026107574 -0.657948732 -0.018667549 0.752378523
29.500000 -42.721523285 4.057961464 119.954750061 -0.026913244 -0.656877458 -0.018613581 0.753286898
29.600000 -43.383251190 4.104681492 120.036285400 -0.027057771 -0.655781209 -0.018805917 0.754231572
29.700000 -44.051628113 4.151895046 120.136611938 -0.028281113 -0.654763579 -0.018361002 0.755081296
29.800000 -44.736915588 4.200298309 120.240577698 -0.028893931 -0.654032528 -0.018941725 0.755677044
29.900000 -45.411468506 4.254980087 120.334709167 -0.029059902 -0.652849436 -0.019330310 0.756683230
30.000000 -46.068229675 4.290652752 120.433929443 -0.029023211 -0.651789248 -0.020265274 0.757573605
30.100000 -46.777450562 4.353426933 120.533805847 -0.028815085 -0.650817096 -0.020009618 0.758423626
30.200000 -47.459056854 4.415015221 120.628486633 -0.028251687 -0.649621248 -0.020470878 0.759456992
30.300000 -48.151256561 4.456777096 120.741142273 -0.027747862 -0.648833036 -0.021036539 0.760133624
30.400000 -48.828285217 4.508359432 120.841285706 -0.026660930 -0.647595644 -0.021271342 0.761220455
30.500000 -49.503906250 4.554475307 120.963363647 -0.027026588 -0.646690845 -0.021024065 0.761983275
30.600000 -50.190315247 4.603168488 121.063301086 -0.027180141 -0.645749986 -0.020493140 0.762789726
30.700000 -50.866180420 4.650519371 121.182731628 -0.027883554 -0.645056725 -0.020245655 0.763357341
30.800000 -51.548461914 4.697976112 121.288009644 -0.028537815 -0.643941164 -0.019799765 0.764286160
30.900000 -52.219100952 4.744950771 121.399124146 -0.029266039 -0.643024743 -0.019276984 0.765043199
31.000000 -52.896896362 4.793921471 121.519485474 -0.029843466 -0.642219186 -0.019730456 0.765685678
31.100000 -53.573410034 4.850020885 121.636306763 -0.030225147 -0.641513884 -0.019613585 0.766264737
31.200000 -54.232639313 4.894105911 121.749183655 -0.029905451 -0.640602589 -0.019628121 0.767038941
31.300000 -54.901470184 4.946843147 121.864944458 -0.029292820 -0.639593542 -0.019436792 0.767909050
31.400000 -55.570587158 4.997333050 121.976341248 -0.027820321 -0.638726592 -0.020382728 0.768660486
31.500000 -56.226627350 5.043622017 122.102020264 -0.027254425 -0.638015091 -0.020653540 0.769264162
31.600000 -56.884338379 5.096440315 122.215393066 -0.026340980 -0.637185335 -0.020538716 0.769986451
31.700000 -57.542465210 5.142173767 122.341400146 -0.026155531 -0.636349976 -0.020781098 0.770676851
31.800000 -58.211074829 5.184112072 122.454803467 -0.026445635 -0.635282815 -0.022118986 0.771509647
31.900000 -58.862209320 5.223875999 122.590698242 -0.027859399 -0.634385467 -0.021816421 0.772206545
32.000000 -59.493354797 5.267408371 122.731384277 -0.028686343 -0.633813858 -0.021526311 0.772653639
32.100000 -60.151718140 5.314122677 122.844932556 -0.028816616 -0.632671058 -0.020722080 0.773606777
32.200000 -60.808120728 5.367179394 122.975143433 -0.029012317 -0.632026315 -0.020732213 0.774126112
32.300000 -61.439651489 5.416469097 123.101356506 -0.028780136 -0.631220877 -0.020897930 0.774787188
32.400000 -62.080917358 5.464124203 123.237396240 -0.028445590 -0.630552888 -0.021831598 0.775317550
32.500000 -62.712032318 5.513903618 123.363769531 -0.028119955 -0.629779935 -0.022433607 0.775940239
32.600000 -63.357597351 5.551568031 123.494537354 -0.028064694 -0.628858149 -0.023316927 0.776663423
32.700000 -63.981575012 5.595708370 123.624588013 -0.028641321 -0.627859652 -0.023421781 0.777446687
32.800000 -64.614517212 5.645663261 123.760993958 -0.028692001 -0.626894891 -0.024189120 0.778199494
32.900000 -65.234436035 5.688438892 123.894950867 -0.029841285 -0.625943244 -0.024137292 0.778923571
33.000000 -65.857917786 5.737114906 124.033691406 -0.030198595 -0.625014722 -0.023821950 0.779664755
33.100000 -66.465286255 5.782729149 124.166519165 -0.030555785 -0.624007523 -0.022772007 0.780488551
33.200000 -67.068702698 5.834777832 124.304817200 -0.030469019 -0.622783661 -0.021787496 0.781496942
33.300000 -67.693229675 5.880321980 124.442314148 -0.029320804 -0.621277571 -0.021571917 0.782744586
33.400000 -68.304450989 5.923754215 124.581932068 -0.029904885 -0.619246364 -0.021285407 0.784338295
33.500000 -68.895095825 5.973349571 124.726852417 -0.029751863 -0.617267966 -0.020504385 0.785922825
33.600000 -69.502372742 6.022911549 124.869880676 -0.029736746 -0.615022719 -0.019925496 0.787696481
33.700000 -70.089797974 6.069573879 125.018432617 -0.028869638 -0.612981260 -0.019058775 0.789339781
33.800000 -70.697433472 6.109174728 125.166847229 -0.028375046 -0.611000359 -0.019507159 0.790881097
33.900000 -71.265586853 6.158266544 125.320320129 -0.029152041 -0.608723581 -0.019620035 0.792603791
34.000000 -71.850875854 6.196203232 125.471237183 -0.030031942 -0.606833875 -0.020369990 0.793999851
34.100000 -72.429290771 6.242634296 125.628509521 -0.030893153 -0.605018973 -0.020244336 0.795353889
34.200000 -73.001884460 6.284711838 125.789894104 -0.031238120 -0.603511333 -0.019553116 0.796502292
34.300000 -73.568595886 6.325195312 125.943229675 -0.030688314 -0.601870716 -0.018495250 0.797789335
34.400000 -74.115905762 6.373134613 126.098434448 -0.029804656 -0.600724101 -0.017544467 0.798707962
34.500000 -74.649391174 6.403008461 126.258811951 -0.028538531 -0.599812865 -0.017497396 0.799439728
34.600000 -75.214828491 6.453759193 126.409767151 -0.028122280 -0.598957658 -0.017152002 0.800102890
34.700000 -75.735061646 6.487071037 126.564270020 -0.027847432 -0.598347783 -0.018217279 0.800545156
34.800000 -76.289367676 6.523206711 126.717628479 -0.028067753 -0.597679555 -0.019126123 0.801015317
34.900000 -76.828308105 6.558237076 126.884704590 -0.028520323 -0.597173452 -0.019696936 0.801362872
35.000000 -77.347793579 6.600638390 127.048370361 -0.028698828 -0.596672833 -0.019577688 0.801732242
35.100000 -77.837318420 6.628437996 127.187713623 -0.029280590 -0.596283436 -0.019404111 0.802005053
35.200000 -78.350158691 6.660203934 127.335235596 -0.029754518 -0.596453607 -0.018920828 0.801872671
35.300000 -78.853187561 6.701606750 127.467361450 -0.030265473 -0.596722066 -0.018555768 0.801662326
35.400000 -79.303512573 6.716658592 127.605361938 -0.030408878 -0.597109079 -0.018373745 0.801372826
35.500000 -79.779747009 6.757279396 127.758605957 -0.030356841 -0.597743869 -0.017980428 0.800910413
35.600000 -80.241210938 6.786736488 127.897720337 -0.030214224 -0.598408699 -0.017918283 0.800420582
35.700000 -80.696678162 6.820426941 128.016113281 -0.029619746 -0.598633766 -0.018239142 0.800267220
35.800000 -81.138092041 6.850946903 128.149475098 -0.029448099 -0.599363089 -0.018014068 0.799732625
35.900000 -81.578689575 6.875494957 128.282241821 -0.029566070 -0.600216031 -0.017857289 0.799091816
36.000000 -82.020446777 6.916002274 128.400451660 -0.029067019 -0.601080060 -0.016798683 0.798483372
36.100000 -82.434425354 6.934427261 128.515838623 -0.029203763 -0.602567375 -0.015788006 0.797377169
36.200000 -82.861030579 6.971008301 128.632904053 -0.029359862 -0.604316950 -0.015404519 0.796053827
36.300000 -83.256477356 6.995236874 128.744079590 -0.030155949 -0.605796635 -0.015875474 0.794889331
36.400000 -83.660232544 7.021420479 128.851440430 -0.030586608 -0.607177436 -0.016549675 0.793804884
36.500000 -84.051986694 7.047789097 128.952285767 -0.031727500 -0.608474314 -0.016854551 0.792759895
36.600000 -84.435165405 7.078934669 129.053405762 -0.031945374 -0.609731555 -0.016075844 0.791800797
36.700000 -84.807189941 7.102150917 129.150268555 -0.032578271 -0.610991538 -0.015934883 0.790805995
36.800000 -85.164588928 7.124693871 129.243942261 -0.032509059 -0.612184405 -0.016124966 0.789881885
36.900000 -85.529716492 7.156391621 129.333190918 -0.032072451 -0.613312662 -0.016542923 0.789015353
37.000000 -85.888946533 7.179426670 129.418380737 -0.032538168 -0.614594877 -0.016404318 0.788000822
37.100000 -86.203155518 7.191528320 129.496520996 -0.032928243 -0.615751386 -0.016678851 0.787075460
37.200000 -86.539138794 7.223278046 129.563858032 -0.032941703 -0.616404057 -0.016390789 0.786569953
37.300000 -86.857620239 7.249238968 129.650711060 -0.032703515 -0.617358804 -0.016507620 0.785828292
37.400000 -87.148460388 7.267407417 129.718505859 -0.032334402 -0.617629647 -0.016977945 0.785620689
37.500000 -87.414237976 7.284073353 129.787322998 -0.031784344 -0.617401958 -0.017384667 0.785813153
37.600000 -87.702491760 7.301477909 129.852539062 -0.030973163 -0.616684735 -0.017823020 0.786398649
37.700000 -87.953582764 7.321572304 129.913772583 -0.030674122 -0.615423799 -0.017240072 0.787410557
37.800000 -88.184906006 7.333990097 129.972854614 -0.030951465 -0.613887489 -0.016411113 0.788615763
37.900000 -88.405570984 7.348503590 130.037429810 -0.031831648 -0.612258196 -0.015344973 0.789867818
38.000000 -88.625740051 7.367050171 130.093002319 -0.032153644 -0.610557258 -0.015399377 0.791169286
38.100000 -88.805801392 7.383609772 130.147979736 -0.032405552 -0.609166980 -0.015972577 0.792218626
38.200000 -88.982719421 7.393557072 130.194580078 -0.032608520 -0.607929945 -0.016523430 0.793148696
38.300000 -89.158477783 7.402652740 130.243438721 -0.033263776 -0.606599152 -0.015692256 0.794156611
38.400000 -89.310569763 7.413393021 130.286880493 -0.033759929 -0.605372787 -0.015202811 0.795080423
38.500000 -89.446609497 7.421067238 130.327255249 -0.033954464 -0.604578376 -0.015625505 0.795668185
38.600000 -89.576690674 7.430033207 130.361404419 -0.033694524 -0.603627682 -0.016286474 0.796387494
38.700000 -89.702529907 7.440315723 130.394409180 -0.033201892 -0.602747619 -0.017381158 0.797051311
38.800000 -89.811256409 7.452409744 130.425109863 -0.032668129 -0.602035284 -0.017812014 0.797602057
38.900000 -89.913208008 7.456233501 130.458038330 -0.032250036 -0.601345181 -0.016938634 0.798158526
39.000000 -89.989250183 7.454788208 130.488601685 -0.032870911 -0.600696564 -0.015664607 0.798647404
39.100000 -90.080505371 7.460102081 130.518859863 -0.033498004 -0.600226700 -0.015092460 0.798985600
39.200000 -90.145202637 7.468730450 130.529495239 -0.033444736 -0.599581242 -0.015858263 0.799457490
39.300000 -90.210189819 7.475067139 130.546600342 -0.032608371 -0.599122584 -0.016385965 0.799825191
39.400000 -90.266677856 7.479545593 130.564956665 -0.032162812 -0.598679006 -0.015800096 0.800187051
39.500000 -90.325424194 7.484708309 130.583862305 -0.032011911 -0.598298371 -0.015388450 0.800485790
39.600000 -90.368423462 7.488510609 130.597488403 -0.031905875 -0.597913384 -0.015206654 0.800781071
39.700000 -90.411117554 7.491788387 130.611267090 -0.031706180 -0.597653925 -0.014872255 0.800988972
39.800000 -90.456169128 7.493788242 130.622268677 -0.031565219 -0.597265601 -0.014739039 0.801286578
39.900000 -90.491409302 7.498511791 130.635696411 -0.031601399 -0.597125113 -0.014668752 0.801391184
40.000000 -90.521423340 7.498292923 130.642761230 -0.031732116 -0.596921802 -0.014721652 0.801536500
40.100000 -90.549903870 7.503210545 130.650909424 -0.031653911 -0.596785903 -0.014765006 0.801639915
40.200000 -90.563400269 7.502827644 130.657516479 -0.031905334 -0.596713662 -0.014761761 0.801683784
40.300000 -90.573883057 7.504244804 130.659973145 -0.032105625 -0.596602321 -0.014607678 0.801761508
40.400000 -90.578926086 7.504853249 130.660797119 -0.032202732 -0.596602678 -0.014533096 0.801758647
40.500000 -90.577346802 7.504470348 130.659683228 -0.032051306 -0.596598744 -0.014697147 0.801764667
40.600000 -90.572471619 7.501807213 130.659545898 -0.031409286 -0.596682906 -0.014564337 0.801729858
40.700000 -90.574691772 7.500875473 130.660339355 -0.030653175 -0.596669078 -0.014117699 0.801777422
40.800000 -90.570091248 7.500006199 130.658065796 -0.030801658 -0.596662402 -0.014046113 0.801778018
40.900000 -90.574874878 7.503411293 130.662628174 -0.031016398 -0.596724629 -0.013942758 0.801725209
41.000000 -90.570823669 7.501059532 130.659530640 -0.030947909 -0.596638262 -0.013880790 0.801793218
41.100000 -90.573944092 7.502193451 130.660995483 -0.030968094 -0.596678734 -0.014027918 0.801759720
41.200000 -90.572151184 7.501982689 130.660003662 -0.030992668 -0.596686602 -0.014103747 0.801751614
41.300000 -90.573379517 7.500942230 130.662399292 -0.030959565 -0.596738696 -0.013984855 0.801716149
41.400000 -90.572196960 7.501853943 130.661102295 -0.030971400 -0.596720278 -0.014077235 0.801727831
41.500000 -90.572052002 7.502129555 130.660736084 -0.030985450 -0.596716046 -0.014088169 0.801730216
41.600000 -90.573150635 7.501557827 130.661544800 -0.030958904 -0.596719086 -0.014123087 0.801728427
41.700000 -90.572677612 7.502271652 130.660919189 -0.030970987 -0.596686363 -0.014064110 0.801753283
41.800000 -90.577636719 7.504093647 130.661315918 -0.030944714 -0.596701622 -0.014010374 0.801743925
41.900000 -90.572723389 7.501749992 130.661300659 -0.030995961 -0.596692026 -0.014022197 0.801748872
42.000000 -90.573081970 7.502317905 130.661804199 -0.030942753 -0.596728981 -0.014056179 0.801722825
42.100000 -90.573936462 7.503365517 130.661651611 -0.030908220 -0.596728325 -0.014062716 0.801724494
42.200000 -90.572067261 7.503668308 130.661270142 -0.030920500 -0.596750975 -0.013977490 0.801708698
42.300000 -90.574401855 7.503549576 130.661849976 -0.030895669 -0.596733212 -0.014043580 0.801721692
42.400000 -90.573890686 7.503034115 130.661361694 -0.030923471 -0.596696377 -0.013997494 0.801748872
42.500000 -90.574676514 7.502055645 130.662002563 -0.030981120 -0.596725523 -0.014057660 0.801723897
42.600000 -90.572196960 7.502010345 130.661407471 -0.030973068 -0.596737564 -0.013998960 0.801716268
42.700000 -90.573890686 7.501184464 130.660079956 -0.030983916 -0.596689582 -0.014034752 0.801750958
42.800000 -90.571975708 7.502189159 130.660278320 -0.030979408 -0.596682131 -0.014037405 0.801756620
42.900000 -90.572296143 7.502514362 130.661026001 -0.030954521 -0.596713483 -0.014043278 0.801734149
43.000000 -90.575592041 7.503001213 130.660812378 -0.030937579 -0.596697688 -0.014026534 0.801746845
43.100000 -90.575042725 7.501559734 130.660736084 -0.031009287 -0.596693754 -0.014057088 0.801746428
43.200000 -90.572830200 7.502157211 130.661666870 -0.030975759 -0.596732140 -0.014031164 0.801719666
43.300000 -90.573333740 7.502729893 130.661468506 -0.030965913 -0.596709073 -0.014022808 0.801737309
43.400000 -90.573745728 7.501608849 130.661819458 -0.031021345 -0.596714020 -0.014018226 0.801731586
43.500000 -90.574043274 7.502470016 130.661605835 -0.030961968 -0.596708715 -0.014042432 0.801737428
43.600000 -90.571762085 7.502388954 130.660125732 -0.030915985 -0.596674562 -0.014108971 0.801763415
43.700000 -90.572196960 7.502215862 130.661300659 -0.030977281 -0.596723497 -0.013982539 0.801726818
43.800000 -90.571655273 7.500266075 130.660308838 -0.031052759 -0.596700847 -0.014075717 0.801739156
43.900000 -90.573059082 7.501667023 130.661773682 -0.031013364 -0.596716285 -0.014025370 0.801730096
44.000000 -90.571876526 7.501797676 130.661026001 -0.030954974 -0.596694469 -0.014083766 0.801747561
44.100000 -90.572151184 7.501438141 130.661315918 -0.031004319 -0.596713722 -0.014014586 0.801732481
44.200000 -90.572502136 7.502105713 130.661285400 -0.030967467 -0.596697211 -0.014023243 0.801746070
44.300000 -90.573013306 7.502555370 130.660995483 -0.030946424 -0.596690059 -0.014061201 0.801751554
44.400000 -90.572418213 7.502164364 130.660491943 -0.030936325 -0.596670926 -0.014102396 0.801765442
44.500000 -90.573776245 7.502900124 130.661788940 -0.030952960 -0.596723735 -0.014007842 0.801727176
44.600000 -90.572052002 7.502851963 130.661102295 -0.030958664 -0.596726894 -0.013992676 0.801724851
