0.000000 0.0000000 0.0000000 0.0000000 0.0000000 0.0000000 0.0000000 1.0000000
0.100000 0.0002980 0.0034461 0.6847982 0.0008533 -0.0000910 0.0004304 0.9999995
0.200000 -0.0038958 -0.0026627 1.3700646 -0.0006887 -0.0000251 -0.0011517 0.9999991
0.300000 -0.0070706 0.0068299 2.0585711 -0.0021393 0.0001100 -0.0016907 0.9999963
0.400000 -0.0063466 0.0098807 2.7443883 -0.0034277 -0.0001774 -0.0016891 0.9999927
0.500000 -0.0040215 0.0166166 3.4322965 -0.0039616 -0.0004237 -0.0014293 0.9999911
0.700000 -0.0134646 0.0278465 4.8007646 -0.0029898 -0.0005356 -0.0013801 0.9999944
0.900000 -0.0314215 0.0367732 6.1577730 -0.0024241 -0.0003033 -0.0019943 0.9999950
1.100000 -0.0376851 0.0516218 7.5261755 -0.0031856 -0.0004193 -0.0021076 0.9999926
1.300000 -0.0375121 0.0634421 8.8735056 -0.0024734 -0.0008238 -0.0020106 0.9999946
1.500000 -0.0436176 0.0639036 10.2151470 -0.0037040 -0.0009542 -0.0025954 0.9999893
1.700000 -0.0490267 0.0719061 11.5452051 -0.0042254 -0.0010561 -0.0009164 0.9999901
2.000000 -0.0703994 0.0822836 13.5110979 -0.0015617 -0.0013027 -0.0012643 0.9999971
2.200000 -0.0824174 0.0959161 14.8262157 -0.0031760 -0.0012458 -0.0036030 0.9999877
2.500000 -0.1005470 0.1089322 16.7842216 -0.0035821 -0.0012300 -0.0069421 0.9999687
2.700000 -0.1174996 0.1228902 18.1162033 -0.0017124 -0.0020878 -0.0093732 0.9999524
2.900000 -0.1310691 0.1336046 19.4195843 -0.0036727 -0.0025676 -0.0118378 0.9999199
3.100000 -0.1449996 0.1508306 20.7427559 -0.0030626 -0.0034884 -0.0126530 0.9999092
3.300000 -0.1626125 0.1630442 22.0777760 -0.0034654 -0.0044682 -0.0125960 0.9999047
3.500000 -0.1820338 0.1772954 23.4152851 -0.0034936 -0.0047919 -0.0128152 0.9999003
3.600000 -0.1893221 0.1841818 24.0897808 -0.0039870 -0.0042733 -0.0134649 0.9998923
3.700000 -0.1998207 0.1972938 24.7660542 -0.0044645 -0.0032834 -0.0137516 0.9998901
3.900000 -0.2069980 0.2095054 26.1255150 -0.0040835 -0.0010720 -0.0139459 0.9998938
4.100000 -0.2131278 0.2273407 27.4917526 -0.0039328 0.0015475 -0.0127835 0.9999093
4.300000 -0.2103670 0.2445591 28.8789368 -0.0043337 0.0039613 -0.0113542 0.9999183
4.500000 -0.1985013 0.2651197 30.2717533 -0.0033188 0.0059038 -0.0102450 0.9999246
4.700000 -0.1836187 0.2746760 31.6786556 -0.0039682 0.0075351 -0.0085091 0.9999275
4.900000 -0.1650175 0.2838888 33.0810585 -0.0011833 0.0080920 -0.0072097 0.9999406
5.100000 -0.1490272 0.2967462 34.4903183 -0.0001666 0.0091056 -0.0078377 0.9999278
5.300000 -0.1280233 0.3018808 35.8943939 -0.0020932 0.0096031 -0.0081135 0.9999188
5.500000 -0.1009772 0.3045871 37.2958336 -0.0018063 0.0092700 -0.0065891 0.9999337
5.700000 -0.0809553 0.3146503 38.6883965 -0.0024023 0.0081436 -0.0052610 0.9999501
5.900000 -0.0740609 0.3222880 40.0647774 -0.0019524 0.0067482 -0.0065326 0.9999540
6.100000 -0.0712529 0.3327722 41.4530640 -0.0037380 0.0052703 -0.0088051 0.9999403
6.300000 -0.0680741 0.3508363 42.8477554 -0.0026526 0.0031928 -0.0116557 0.9999235
6.500000 -0.0752196 0.3696326 44.2364197 -0.0012783 0.0013937 -0.0133606 0.9999090
6.700000 -0.0906027 0.3814660 45.6116829 -0.0003004 -0.0001954 -0.0144840 0.9998950
6.900000 -0.1015396 0.3876771 47.0019112 -0.0017966 -0.0016317 -0.0150117 0.9998844
7.100000 -0.1154763 0.3999737 48.3800201 -0.0024947 -0.0030110 -0.0151808 0.9998771
7.300000 -0.1319341 0.4135250 49.7725716 -0.0030336 -0.0044239 -0.0148715 0.9998750
7.500000 -0.1558242 0.4276694 51.1626778 -0.0050308 -0.0059554 -0.0136172 0.9998769
7.600000 -0.1661974 0.4389444 51.8620453 -0.0052711 -0.0069214 -0.0126936 0.9998816
7.800000 -0.2004729 0.4539623 53.2561569 -0.0045055 -0.0085911 -0.0128642 0.9998702
8.000000 -0.2294307 0.4722840 54.6626472 -0.0045158 -0.0104668 -0.0134150 0.9998450
8.200000 -0.2669324 0.4874674 56.0584717 -0.0040070 -0.0110573 -0.0133874 0.9998412
8.400000 -0.2981603 0.5074230 57.4577713 -0.0048376 -0.0110618 -0.0112309 0.9998640
8.500000 -0.3154498 0.5145903 58.1493263 -0.0047833 -0.0108034 -0.0102788 0.9998774
8.700000 -0.3506969 0.5302516 59.5458145 -0.0052821 -0.0090026 -0.0085157 0.9999093
8.900000 -0.3754942 0.5424273 60.9229279 -0.0040151 -0.0066716 -0.0077426 0.9999397
9.100000 -0.3947389 0.5494210 62.2778587 -0.0014715 -0.0041882 -0.0080633 0.9999576
9.300000 -0.4147076 0.5680338 63.6423874 -0.0014516 -0.0016091 -0.0079249 0.9999663
9.500000 -0.4218589 0.5795505 64.9954910 -0.0028151 0.0000253 -0.0083343 0.9999613
9.700000 -0.4242813 0.5839050 66.3505478 -0.0023763 0.0005526 -0.0074806 0.9999691
9.900000 -0.4280515 0.5988556 67.7096100 -0.0024998 -0.0001196 -0.0073731 0.9999697
10.100000 -0.4371889 0.6144776 69.0633621 -0.0021703 -0.0009802 -0.0089253 0.9999573
10.300000 -0.4534236 0.6220367 70.4248886 -0.0020768 -0.0016398 -0.0114842 0.9999306
10.500000 -0.4694889 0.6329887 71.7873611 -0.0023809 -0.0022313 -0.0135777 0.9999025
10.700000 -0.4913465 0.6363173 73.1469803 -0.0027632 -0.0022042 -0.0158036 0.9998689
10.900000 -0.5014681 0.6498823 74.4905472 -0.0014064 -0.0026224 -0.0181628 0.9998306
11.100000 -0.5197613 0.6497630 75.8341751 -0.0016613 -0.0025931 -0.0188652 0.9998173
11.300000 -0.5356869 0.6609802 77.1684494 -0.0027804 -0.0022712 -0.0200216 0.9997931
11.500000 -0.5445721 0.6631284 78.4905319 -0.0022650 -0.0020595 -0.0217976 0.9997577
11.600000 -0.5484548 0.6661751 79.1494598 -0.0027334 -0.0019296 -0.0218024 0.9997567
11.800000 -0.5619427 0.6722224 80.4723282 -0.0048469 -0.0011058 -0.0211145 0.9997647
12.000000 -0.5670903 0.6897254 81.7801056 -0.0054204 -0.0007346 -0.0191090 0.9998025
12.200000 -0.5792047 0.6921865 83.0870743 -0.0051031 -0.0003728 -0.0181227 0.9998227
12.400000 -0.5828159 0.7100323 84.3831482 -0.0067519 0.0001600 -0.0172691 0.9998280
12.600000 -0.5885663 0.7271271 85.6570053 -0.0065025 0.0001345 -0.0159827 0.9998511
12.800000 -0.5938506 0.7451764 86.9226456 -0.0073734 0.0002774 -0.0158022 0.9998479
12.900000 -0.5970457 0.7548383 87.5497665 -0.0081468 0.0006124 -0.0157626 0.9998424
13.100000 -0.6011690 0.7709411 88.7873840 -0.0078796 0.0012490 -0.0135479 0.9998764
13.200000 -0.5992608 0.7788360 89.4078598 -0.0063837 0.0015715 -0.0120764 0.9999055
13.400000 -0.5939459 0.7963859 90.6263733 -0.0027609 0.0019826 -0.0093952 0.9999501
13.500000 -0.5911411 0.8006223 91.2380600 -0.0016508 0.0018795 -0.0094235 0.9999525
13.700000 -0.5908926 0.8080571 92.4550705 -0.0021832 0.0026020 -0.0103541 0.9999406
13.900000 -0.5878773 0.8141508 93.6609879 -0.0043012 0.0036833 -0.0129314 0.9999003
14.000000 -0.5909942 0.8170614 94.2539825 -0.0037423 0.0047819 -0.0134901 0.9998906
14.200000 -0.5826011 0.8250999 95.4238739 -0.0017881 0.0065685 -0.0147098 0.9998686
14.300000 -0.5783554 0.8222965 95.9947281 -0.0015880 0.0075888 -0.0151621 0.9998550
14.400000 -0.5704421 0.8215712 96.5601273 -0.0019628 0.0084325 -0.0155289 0.9998419
14.500000 -0.5619299 0.8236713 97.1218109 -0.0030935 0.0094236 -0.0148247 0.9998409
14.700000 -0.5438316 0.8255184 98.2154541 -0.0056320 0.0115729 -0.0140644 0.9998183
14.800000 -0.5330815 0.8276232 98.7530289 -0.0058603 0.0125668 -0.0137932 0.9998087
14.900000 -0.5229468 0.8364280 99.2821426 -0.0051905 0.0134737 -0.0137724 0.9998009
15.100000 -0.4979942 0.8408078 100.3038635 -0.0039302 0.0150579 -0.0140415 0.9997803
15.300000 -0.4684713 0.8423889 101.2850952 -0.0037852 0.0164571 -0.0145797 0.9997511
15.500000 -0.4384687 0.8503464 102.2426376 -0.0048461 0.0174274 -0.0130627 0.9997510
15.700000 -0.4067190 0.8553802 103.1395874 -0.0038933 0.0184016 -0.0132928 0.9997347
15.900000 -0.3767395 0.8568934 103.9789047 -0.0024889 0.0192485 -0.0121084 0.9997383
16.300000 -0.3173614 0.8550373 105.5419998 -0.0040588 0.0220874 -0.0125067 0.9996696
16.800000 -0.2198238 0.8566407 107.2484512 -0.0018749 0.0289959 -0.0117399 0.9995088
17.300000 -0.1226249 0.8565105 108.7048645 -0.0029670 0.0363840 -0.0117486 0.9992644
17.800000 -0.0351849 0.8615253 109.9437943 -0.0026096 0.0381153 -0.0146420 0.9991627
18.300000 0.0042644 0.8670535 110.9226456 -0.0043575 0.0287472 -0.0184455 0.9994070
18.700000 0.0091970 0.8680935 111.4914703 -0.0050783 0.0120795 -0.0208916 0.9996959
19.600000 -0.0709038 0.8782201 112.3091202 -0.0053714 -0.0373280 -0.0255577 0.9989617
19.900000 -0.1194954 0.8827338 112.5447464 -0.0068423 -0.0582796 -0.0267216 0.9979191
20.300000 -0.2103081 0.8927602 112.8843460 -0.0051354 -0.0933891 -0.0259037 0.9952794
20.700000 -0.3867207 0.9104055 113.3543091 -0.0060904 -0.1463046 -0.0253561 0.9888958
21.200000 -0.7842445 0.9416175 114.0799866 -0.0106612 -0.2371697 -0.0226933 0.9711446
21.400000 -1.0188065 0.9612215 114.3964081 -0.0128146 -0.2790383 -0.0225159 0.9599304
21.800000 -1.6367302 1.0106788 115.0411224 -0.0157344 -0.3651713 -0.0237897 0.9305033
22.100000 -2.2410889 1.0643501 115.5301208 -0.0204020 -0.4233884 -0.0216515 0.9054596
22.400000 -2.9879379 1.1290650 116.0048065 -0.0265396 -0.4774348 -0.0193229 0.8780537
22.700000 -3.8669472 1.2054117 116.4322052 -0.0329052 -0.5322741 -0.0171224 0.8457590
23.000000 -4.8919220 1.2919978 116.7852707 -0.0313607 -0.5786829 -0.0146326 0.8148181
23.300000 -6.0477352 1.3873597 117.0816574 -0.0289402 -0.6129463 -0.0115220 0.7895103
23.600000 -7.3125877 1.4732634 117.3100815 -0.0305189 -0.6439704 -0.0110307 0.7643618
23.900000 -8.6854553 1.5698044 117.4544449 -0.0299190 -0.6676328 -0.0154566 0.7437287
24.100000 -9.6493921 1.6391854 117.5218048 -0.0292275 -0.6778706 -0.0158674 0.7344286
24.300000 -10.6543064 1.7122645 117.5785141 -0.0291293 -0.6838822 -0.0160665 0.7288337
24.600000 -12.2194157 1.8246558 117.6571808 -0.0313877 -0.6890228 -0.0169915 0.7238603
24.800000 -13.2845488 1.9017850 117.6974182 -0.0338648 -0.6917346 -0.0173040 0.7211497
25.000000 -14.3776398 1.9887913 117.7352142 -0.0315106 -0.6934963 -0.0153657 0.7196067
25.200000 -15.4802628 2.0668716 117.7717972 -0.0284484 -0.6936481 -0.0128405 0.7196375
25.500000 -17.1881371 2.1768456 117.8231735 -0.0278598 -0.6920916 -0.0156179 0.7211027
25.800000 -18.9223633 2.3065772 117.8889160 -0.0295860 -0.6897076 -0.0185504 0.7232454
26.100000 -20.6976757 2.4359968 117.9782639 -0.0299532 -0.6877086 -0.0171437 0.7251660
26.400000 -22.5045815 2.5688477 118.0729904 -0.0302367 -0.6855230 -0.0163799 0.7272384
26.700000 -24.3596840 2.6989110 118.1855011 -0.0299226 -0.6835716 -0.0170024 0.7290716
27.000000 -26.2526112 2.8339458 118.3047638 -0.0291722 -0.6817136 -0.0185305 0.7308024
27.200000 -27.5321732 2.9309738 118.3920212 -0.0286369 -0.6805484 -0.0199949 0.7318702
27.500000 -29.4797592 3.0755558 118.5373688 -0.0293844 -0.6777933 -0.0228710 0.7343090
27.700000 -30.7819290 3.1774449 118.6455002 -0.0298592 -0.6754893 -0.0225451 0.7364199
28.000000 -32.7636490 3.3286636 118.8197098 -0.0252600 -0.6724142 -0.0205930 0.7394572
28.300000 -34.7555389 3.4709301 119.0141907 -0.0267304 -0.6688224 -0.0228519 0.7425900
28.600000 -36.7632599 3.6239581 119.2361450 -0.0342418 -0.6656801 -0.0217301 0.7451345
28.900000 -38.7410316 3.7826028 119.4620438 -0.0300685 -0.6627336 -0.0198212 0.7479888
29.200000 -40.7215919 3.9228027 119.7045212 -0.0252754 -0.6602135 -0.0162745 0.7504762
29.500000 -42.7215271 4.0579619 119.9547577 -0.0269132 -0.6568775 -0.0186136 0.7532869
29.800000 -44.7369080 4.2002988 120.2405930 -0.0288939 -0.6540325 -0.0189417 0.7556770
30.100000 -46.7774582 4.3534284 120.5338058 -0.0288151 -0.6508171 -0.0200096 0.7584236
30.300000 -48.1512604 4.4567785 120.7411499 -0.0277479 -0.6488330 -0.0210365 0.7601337
30.600000 -50.1903152 4.6031690 121.0633163 -0.0271801 -0.6457500 -0.0204931 0.7627897
30.800000 -51.5484619 4.6979756 121.2880096 -0.0285378 -0.6439412 -0.0197998 0.7642862
31.000000 -52.8968887 4.7939219 121.5195007 -0.0298435 -0.6422192 -0.0197305 0.7656857
31.300000 -54.9014664 4.9468441 121.8649597 -0.0292928 -0.6395935 -0.0194368 0.7679090
31.500000 -56.2266083 5.0436201 122.1020355 -0.0272544 -0.6380151 -0.0206535 0.7692642
31.900000 -58.8622131 5.2238765 122.5906830 -0.0278594 -0.6343855 -0.0218164 0.7722065
32.200000 -60.8081093 5.3671789 122.9751434 -0.0290123 -0.6320263 -0.0207322 0.7741261
32.600000 -63.3576050 5.5515690 123.4945297 -0.0280647 -0.6288581 -0.0233169 0.7766634
32.800000 -64.6145172 5.6456628 123.7609940 -0.0286920 -0.6268949 -0.0241891 0.7781995
33.100000 -66.4652863 5.7827282 124.1665268 -0.0305558 -0.6240075 -0.0227720 0.7804886
33.300000 -67.6932297 5.8803225 124.4423218 -0.0293208 -0.6212776 -0.0215719 0.7827446
33.600000 -69.5023651 6.0229106 124.8698883 -0.0297367 -0.6150227 -0.0199255 0.7876965
33.900000 -71.2655869 6.1582670 125.3203430 -0.0291520 -0.6087236 -0.0196200 0.7926038
34.100000 -72.4292831 6.2426343 125.6285248 -0.0308932 -0.6050190 -0.0202443 0.7953538
34.400000 -74.1159134 6.3731351 126.0984344 -0.0298047 -0.6007241 -0.0175445 0.7987080
34.600000 -75.2148361 6.4537592 126.4097672 -0.0281223 -0.5989577 -0.0171520 0.8001029
34.900000 -76.8283081 6.5582371 126.8847122 -0.0285203 -0.5971735 -0.0196969 0.8013629
35.200000 -78.3501740 6.6602044 127.3352356 -0.0297545 -0.5964536 -0.0189208 0.8018727
35.500000 -79.7797470 6.7572794 127.7586136 -0.0303568 -0.5977439 -0.0179804 0.8009104
35.800000 -81.1380768 6.8509459 128.1494598 -0.0294481 -0.5993631 -0.0180141 0.7997326
36.100000 -82.4344330 6.9344282 128.5158539 -0.0292038 -0.6025674 -0.0157880 0.7973772
36.300000 -83.2564468 6.9952359 128.7440796 -0.0301559 -0.6057966 -0.0158755 0.7948893
36.500000 -84.0519943 7.0477886 128.9522858 -0.0317275 -0.6084743 -0.0168546 0.7927599
36.700000 -84.8071747 7.1021500 129.1502533 -0.0325783 -0.6109915 -0.0159349 0.7908060
37.000000 -85.8889160 7.1794233 129.4183807 -0.0325382 -0.6145949 -0.0164043 0.7880008
37.300000 -86.8575897 7.2492390 129.6507111 -0.0327035 -0.6173588 -0.0165076 0.7858283
37.600000 -87.7024918 7.3014789 129.8525391 -0.0309732 -0.6166848 -0.0178230 0.7863987
38.000000 -88.6257401 7.3670511 130.0930023 -0.0321536 -0.6105573 -0.0153994 0.7911693
38.300000 -89.1584778 7.4026542 130.2434235 -0.0332638 -0.6065992 -0.0156923 0.7941566
38.700000 -89.7025146 7.4403143 130.3944092 -0.0332019 -0.6027477 -0.0173812 0.7970513
39.200000 -90.1451645 7.4687281 130.5294800 -0.0334447 -0.5995812 -0.0158583 0.7994575
40.100000 -90.5499191 7.5032110 130.6508942 -0.0316539 -0.5967859 -0.0147650 0.8016399
