000004 0 303 183 434 287 0.609537
000005 0 286 183 427 294 0.568285
000006 0 262 184 416 303 0.543294
000007 0 240 185 410 313 0.514348
000008 0 216 186 402 324 0.461483
000008 0 188 187 395 337 0.455294
000009 0 154 188 386 353 0.42685
000010 0 114 190 376 372 0.382869
000011 0 114 190 376 372 0.382869
000012 0 69 190 367 374 0.376727
000012 8 446 180 480 205 2.181056
000013 0 12 191 357 374 0.331152
000013 8 452 178 485 204 2.19921
000014 0 0 191 346 374 0.328258
000014 8 458 177 491 203 2.091363
000015 0 0 192 332 374 0.327973
000015 8 464 177 498 204 2.044102
000016 0 0 192 317 374 0.291189
000016 8 470 178 505 205 2.009491
000016 0 0 193 294 374 0.307859
000016 1 639 168 741 205 1.501766
000016 8 475 178 511 206 1.978127
000017 0 0 193 267 374 0.376182
000017 1 646 167 751 206 1.639427
000017 8 480 179 516 206 1.946849
000018 0 0 194 233 374 0.561036
000018 1 654 167 761 206 0.979702
000018 8 485 179 522 207 1.945257
000019 0 0 194 233 374 0.561036
000019 1 654 167 761 206 0.979702
000019 8 485 179 522 207 1.945257
000020 0 0 194 189 374 0.513753
000020 1 662 167 772 207 1.463948
000020 8 490 179 527 208 1.886614
000021 0 0 195 130 374 0.527054
000021 1 671 166 784 207 1.941436
000021 8 495 180 532 209 1.865787
000021 11 820 158 855 181 2.803396
000022 1 682 166 801 209 2.150747
000022 8 501 180 540 210 1.796086
000023 1 688 165 810 209 1.901531
000023 8 503 179 542 209 1.753655
000023 11 844 156 880 179 2.784883
000024 1 688 165 810 209 1.901531
000024 8 503 179 542 209 1.753655
000024 11 844 156 880 179 2.784883
000025 1 701 165 830 211 1.711575
000025 8 506 177 545 209 1.701128
000025 11 856 153 894 177 2.666585
000025 13 886 155 928 177 2.660894
000026 1 701 165 830 211 1.711575
000026 8 506 177 545 209 1.701128
000026 11 856 153 894 177 2.666585
000026 13 886 155 928 177 2.660894
000027 1 704 163 837 210 1.713346
000027 8 507 176 547 208 1.669295
000027 11 861 152 901 176 2.451897
000027 13 892 153 936 176 2.626553
000028 1 707 160 844 209 1.429254
000028 2 1099 141 1237 180 1.669947
000028 5 978 148 1069 176 2.129866
000028 6 960 149 1049 176 2.095708
000028 8 508 175 548 208 1.638057
000028 13 899 151 943 174 2.597869
000028 1 711 158 852 208 1.175568
000028 5 987 146 1080 175 1.48205
000028 6 969 148 1060 175 2.055031
000028 8 506 175 548 209 1.604755
000028 13 903 151 949 175 2.510212
000029 1 715 156 860 207 1.116716
000029 6 974 148 1066 176 2.026973
000029 8 505 175 548 209 1.563757
000029 13 907 151 954 175 2.51832
000030 1 719 153 868 206 1.12984
000030 2 1139 138 1241 180 1.639892
000030 8 503 174 547 209 1.542514
000030 10 760 151 847 184 1.20331
000030 11 879 150 922 176 2.508285
000030 13 911 151 959 175 2.524742
000031 1 719 153 868 206 1.12984
000031 2 1139 138 1241 180 1.639892
000031 8 503 174 547 209 1.542514
000031 10 760 151 847 184 1.20331
000031 11 879 150 922 176 2.508285
000031 13 911 151 959 175 2.524742
000032 1 720 159 874 214 1.410302
000032 2 1153 139 1241 181 1.616196
000032 6 984 148 1079 177 1.973011
000032 8 499 175 544 211 1.502264
000032 10 761 155 849 189 1.442563
000032 11 881 150 925 176 2.460218
000032 13 914 152 962 176 2.496934
000033 1 723 159 886 217 1.339125
000033 6 994 149 1093 179 1.965005
000033 8 491 176 538 213 1.41733
000033 10 761 155 852 190 1.437478
000033 13 918 152 967 177 2.482099
000034 1 723 159 886 217 1.339125
000034 6 994 149 1093 179 1.965005
000034 8 491 176 538 213 1.41733
000034 10 761 155 852 190 1.437478
000034 13 918 152 967 177 2.482099
000035 1 726 159 899 221 1.012014
000035 2 1189 133 1241 179 1.538759
000035 5 1023 145 1130 177 2.069305
000035 6 1000 148 1103 179 2.286458
000035 8 480 176 530 215 1.384508
000035 16 657 169 690 192 2.01077
000037 1 727 159 906 223 0.990754
000037 5 1029 144 1137 177 1.972861
000037 8 475 175 525 215 1.371509
000037 16 654 168 689 192 1.981879
000037 1 729 159 914 225 0.954004
000037 5 1034 145 1144 178 1.92592
000037 8 469 178 521 219 1.316266
000037 11 886 150 934 178 2.214843
000038 13 922 152 974 178 2.214843
000038 16 653 170 688 194 2.138015
000038 1 731 159 922 227 0.890698
000038 6 1010 147 1118 179 1.8835
000038 7 987 150 1095 182 1.8835
000038 8 463 181 516 223 1.283398
000038 11 888 150 937 179 2.343438
000038 16 651 172 686 196 2.108104
000039 1 732 159 931 230 0.917955
000039 5 1044 147 1159 182 1.8664
000039 6 1015 148 1125 180 1.862039
000039 7 991 150 1100 182 1.884514
000039 8 456 183 511 226 1.253799
000039 11 889 150 939 179 2.25539
000039 12 986 145 1041 179 1.857677
000039 13 924 154 978 180 2.288167
000039 15 478 184 527 219 1.253799
000039 16 650 174 685 198 2.078291
000040 1 734 159 940 232 0.891244
000040 5 1049 146 1166 182 1.841776
000040 6 1020 148 1132 181 1.837143
000040 7 994 150 1106 183 1.859316
000040 8 451 182 507 227 1.224197
000040 11 891 151 942 180 2.262473
000040 13 925 154 981 181 2.274235
000040 15 474 184 524 219 1.224197
000040 16 648 174 684 199 2.111711
000041 1 737 159 951 234 0.851268
000041 5 1055 146 1174 182 1.777639
000041 6 1025 149 1140 183 1.758324
000041 7 998 150 1112 183 2.263873
000041 8 445 182 503 228 1.190359
000041 11 893 151 945 181 2.224361
000041 15 470 183 521 219 1.190359
000041 16 647 174 684 199 1.928614
000042 1 740 158 962 236 0.824841
000042 5 1062 146 1184 183 1.793466
000042 6 1031 149 1148 184 1.778534
000042 7 1003 150 1118 184 1.800034
000042 8 440 182 500 229 1.164376
000042 11 894 151 948 181 2.173777
000042 15 466 183 518 220 1.158383
000042 16 645 173 683 199 1.961576
000043 1 744 157 975 239 0.800726
000043 5 1069 146 1193 184 1.756185
000043 6 1037 150 1156 185 1.775015
000043 7 1007 150 1125 184 1.776835
000043 8 433 182 496 230 1.129847
000043 9 523 177 571 214 0.64515
000043 10 765 157 873 198 0.80213
000043 11 896 152 950 182 2.179931
000043 13 930 154 990 182 2.259176
000043 15 461 182 515 220 1.129847
000043 16 644 173 682 199 1.932794
000044 1 747 156 989 241 0.777234
000044 5 1076 147 1203 185 1.761371
000044 6 1043 150 1165 186 1.742217
000044 7 1011 150 1131 185 1.725931
000044 8 427 181 491 231 1.109799
000044 9 518 177 568 216 0.616241
000044 10 766 155 876 197 0.774334
000044 11 899 152 954 183 2.13757
000044 13 933 154 994 182 2.169944
000044 15 457 182 512 221 1.109799
000044 16 642 173 681 199 1.903928
000045 1 751 155 1003 244 0.764584
000045 5 1084 147 1214 186 1.673842
000045 6 1049 150 1174 187 1.7157
000045 7 1017 150 1139 186 1.7157
000045 8 420 181 487 231 1.076387
000045 9 513 177 565 218 0.594122
000045 10 766 154 879 196 0.731093
000045 12 1003 144 1067 181 1.907528
000045 13 936 154 998 183 2.172883
000045 15 452 182 509 221 1.076387
000045 16 642 173 681 200 1.908974
000046 1 756 154 1020 247 0.765689
000046 5 1091 148 1225 188 1.652103
000046 6 1056 151 1183 188 1.695263
000046 7 1023 150 1148 186 1.695461
000046 8 413 180 482 232 1.043488
000046 9 507 178 562 220 0.599168
000046 10 767 153 882 196 0.666812
000046 11 904 153 960 185 2.042569
000046 12 1006 144 1072 181 1.882453
000046 13 939 154 1002 183 2.071951
000046 15 446 181 505 221 1.217464
000046 16 642 174 681 201 1.880085
000047 1 760 153 1037 250 0.732899
000047 5 1101 147 1238 187 1.605095
000047 6 1066 150 1196 188 1.670524
000047 7 1030 149 1158 187 1.695318
000047 8 407 181 479 235 1.032158
000047 9 501 178 559 223 0.594823
000047 10 769 152 886 196 0.676041
000047 13 942 154 1006 183 2.076038
000047 15 441 182 503 223 1.097625
000047 16 641 174 682 202 1.851494
000048 1 765 151 1057 254 0.696376
000048 5 1114 146 1241 187 1.549549
000048 6 1076 149 1210 188 1.580705
000048 7 1037 149 1168 187 1.653486
000048 8 400 181 475 237 0.996367
000048 9 496 178 557 225 0.535397
000048 10 772 151 892 196 1.492674
000048 15 435 183 500 225 1.001273
000048 16 641 174 682 203 1.853437
000049 1 769 150 1076 258 0.655768
000049 5 1126 145 1241 187 1.505638
000049 6 1086 148 1224 188 2.437746
000049 7 1044 149 1178 188 2.282321
000049 8 394 182 472 239 0.945527
000049 9 491 178 556 228 0.567395
000049 10 775 150 898 196 3.566218
000049 11 917 152 978 185 0.822946
000049 15 429 184 497 227 0.956466
000049 16 640 175 682 203 1.768036
000050 1 777 148 1102 263 0.6196
000050 6 1097 147 1239 188 2.285586
000050 8 387 183 468 242 0.940592
000050 9 484 178 555 232 0.538591
000050 15 426 183 495 228 0.945466
000050 16 642 174 684 203 1.739495
000051 1 787 145 1134 267 0.576527
000051 5 1153 142 1241 187 1.458194
000051 6 1109 146 1241 188 1.458194
000051 8 379 183 464 245 0.936065
000051 9 478 178 553 235 0.50885
000051 11 928 150 993 184 0.747463
000051 15 423 183 493 229 0.486362
000051 16 644 173 687 202 1.733301
000052 1 799 142 1170 272 0.856831
000052 6 1122 145 1241 188 0.912418
000052 8 374 182 462 245 0.878756
000052 9 470 178 551 240 0.493809
000052 10 791 147 923 196 1.399555
000052 11 934 149 1001 184 1.901342
000052 13 973 152 1046 185 1.820737
000052 15 420 183 491 230 0.7917
000052 16 647 172 690 202 1.838874
000053 1 812 140 1211 279 0.800579
000053 6 1137 144 1241 188 0.556376
000053 8 368 181 459 246 0.876961
000053 9 461 176 549 242 0.451398
000053 10 797 145 932 196 1.368607
000053 13 980 150 1055 183 1.796472
000053 15 417 181 490 229 0.76845
000053 16 649 171 692 201 1.77844
000054 1 827 137 1241 286 0.75074
000054 8 361 179 456 247 0.844042
000054 9 449 174 546 245 0.442602
000054 10 802 144 942 196 1.355567
000054 13 988 148 1065 182 1.822883
000054 15 414 179 489 228 0.61181
000054 16 652 170 695 201 1.646202
000055 1 844 131 1241 292 0.436543
000055 6 1168 142 1241 187 1.433926
000055 8 354 177 453 248 0.826289
000055 9 436 171 544 249 0.383772
000055 10 809 144 952 197 1.297301
000055 13 996 146 1076 180 1.744652
000055 15 411 177 488 227 0.519487
000055 16 654 168 698 200 1.621521
000056 1 862 129 1241 304 0.390437
000056 8 346 175 449 248 0.811824
000056 9 420 170 540 256 0.313838
000056 10 815 143 962 198 1.266962
000056 16 657 166 702 198 1.522256
000057 1 883 124 1241 316 1.183209
000057 8 337 176 446 253 0.794977
000057 10 822 143 973 199 1.261095
000057 16 659 167 706 200 1.554277
000058 1 908 123 1241 335 1.150684
000058 8 328 178 443 257 0.828518
000058 9 375 170 532 277 0.209802
000058 10 829 143 985 200 1.205382
000058 11 982 143 1060 183 1.738446
000058 15 400 180 485 235 0.210933
000058 16 662 168 709 202 1.515359
000059 1 936 116 1241 353 1.001978
000059 8 317 179 440 262 0.500185
000059 9 341 172 525 293 0.337336
000059 10 836 142 998 201 1.179822
000059 11 991 143 1071 184 1.716743
000059 13 1031 147 1122 184 1.781218
000059 15 395 181 483 238 0.171667
000059 16 665 171 713 206 1.476229
000060 1 971 109 1241 374 1.140351
000060 8 306 181 436 268 0.481582
000060 9 296 173 516 314 0.461684
000060 10 844 141 1011 202 1.157363
000060 11 999 144 1082 185 1.667908
000060 16 667 171 717 207 1.505539
000061 1 971 109 1241 374 1.140351
000061 8 306 181 436 268 0.481582
000061 9 296 173 516 314 0.461684
000061 10 844 141 1011 202 1.157363
000061 11 999 144 1082 185 1.667908
000061 16 667 171 717 207 1.505539
000062 1 1061 96 1241 374 2.347235
000062 9 143 179 493 374 0.590929
000062 10 861 139 1039 203 1.116151
000062 11 1018 144 1106 187 1.374037
000062 13 1061 147 1161 186 1.518706
000062 16 673 172 726 208 1.380803
000062 21 667 173 756 204 1.51203
000063 1 1126 100 1241 374 2.300344
000063 9 5 181 475 374 0.571776
000063 10 870 137 1055 204 1.090165
000063 11 1029 143 1120 188 1.40239
000063 13 1073 146 1177 186 1.59945
000063 16 677 173 730 211 1.414223
000063 21 671 173 761 205 1.482092
000064 9 0 183 450 374 0.549576
000064 10 880 136 1071 205 1.069327
000064 11 1040 142 1136 188 1.549151
000064 13 1086 145 1195 186 1.558536
000064 16 680 175 735 213 1.356335
000064 21 674 173 766 205 1.4226
000065 8 229 189 413 305 0.526721
000065 9 0 185 414 374 1.781591
000065 10 888 134 1087 206 1.055941
000065 11 1052 142 1152 188 1.403173
000065 13 1099 144 1212 186 1.540347
000065 16 684 174 741 213 1.318165
000065 21 678 173 772 206 1.327774
000066 8 208 190 407 316 0.547081
000066 9 0 190 360 374 0.547081
000066 10 901 133 1108 206 1.038614
000066 11 1065 141 1169 189 1.361488
000066 13 1113 143 1230 186 1.508403
000066 16 688 172 746 212 1.290383
000066 21 681 173 778 206 1.382404
000067 8 181 191 400 325 0.552886
000067 9 0 197 267 374 0.632703
000067 10 913 131 1129 207 0.983141
000067 11 1078 140 1187 189 1.322732
000067 13 1127 137 1241 182 1.472736
000067 16 692 171 752 212 1.348106
000067 21 685 172 783 207 1.345001
000069 8 150 191 391 335 0.560869
000069 10 925 129 1151 208 0.952179
000069 11 1092 138 1205 188 1.486116
000069 14 424 187 504 238 0.846132
000069 15 340 183 471 262 0.846132
000069 16 696 170 758 212 1.233115
000069 21 689 172 790 207 1.310216
000069 26 663 174 710 199 2.045979
000070 8 114 191 382 348 0.530107
000070 10 938 127 1175 209 0.944667
000070 11 1106 136 1225 187 0.973692
000070 14 420 185 503 239 0.822729
000070 15 331 181 469 264 0.785208
000070 16 700 169 764 212 1.178651
000070 21 693 172 796 208 1.249166
000070 26 665 174 713 199 2.034917
000070 8 71 191 372 362 0.435525
000070 10 953 125 1202 211 0.919536
000070 11 1121 133 1241 187 0.953598
000070 14 417 184 503 239 0.852492
000070 15 319 182 465 269 0.645744
000070 16 705 169 771 213 1.149765
000071 17 468 180 528 224 0.924127
000071 21 697 172 803 208 1.245391
000071 26 668 174 716 200 2.005498
000072 8 20 191 360 374 0.406464
000072 10 969 123 1231 213 0.883323
000072 11 1137 131 1241 186 0.873492
000072 14 412 184 501 241 0.875643
000072 15 306 183 461 275 0.587124
000072 16 709 169 778 215 1.128715
000072 17 467 178 529 223 0.875643
000072 21 702 171 810 209 1.179551
000073 8 0 193 345 374 0.372099
000073 10 987 121 1241 215 0.848683
000073 14 407 184 500 242 0.84875
000073 15 292 184 457 282 0.558464
000073 16 714 169 786 216 1.09859
000073 17 465 179 529 226 0.84875
000073 21 707 171 818 210 1.174539
000073 26 674 174 724 200 1.963169
000074 8 0 194 328 374 0.377702
000074 10 1004 119 1241 217 0.825319
000074 11 1171 129 1241 185 0.824386
000074 14 401 184 500 245 0.81837
000074 15 276 185 453 289 0.51074
000074 16 719 169 793 218 1.070024
000074 17 463 180 529 228 0.837908
000074 21 712 171 826 210 1.160608
000074 26 677 173 727 201 1.932606
000074 8 0 196 308 374 0.347156
000074 10 1025 116 1241 219 0.787059
000074 11 1189 130 1241 186 0.852982
000074 14 394 186 498 250 0.812886
000074 15 258 186 448 298 0.483195
000074 16 724 170 802 220 1.046048
000074 17 460 181 529 230 0.812886
000074 21 716 171 833 211 1.130094
000075 8 0 199 285 374 0.337453
000075 10 1047 114 1241 222 0.732609
000075 14 387 188 495 255 0.768509
000075 15 235 187 442 307 0.48019
000075 16 728 170 810 222 1.021302
000075 17 458 182 529 233 0.768509
000075 21 720 171 841 212 1.021302
000075 26 683 175 736 203 1.877885
000077 8 0 202 257 374 0.337049
000077 10 1072 111 1241 225 0.726974
000077 14 379 189 492 260 0.740027
000077 15 209 188 436 317 0.460545
000077 16 733 170 819 224 1.004847
000077 17 453 182 528 235 0.912719
000077 18 504 184 552 222 1.105228
000077 20 645 178 689 214 1.752779
000077 21 725 170 849 213 1.008373
000077 26 687 176 740 205 1.846403
000077 87 649 170 694 183 1.705751
000078 8 0 205 223 374 0.296694
000078 10 1100 108 1241 229 0.727829
000078 14 370 191 489 265 0.715567
000078 15 178 189 428 329 0.427409
000078 16 738 170 828 226 0.783178
000078 17 448 183 526 237 0.823196
000078 21 730 170 858 214 1.139164
000078 25 663 180 715 210 1.685225
000079 8 0 208 180 374 0.266323
000079 10 1130 104 1241 233 0.724528
000079 14 358 192 485 270 0.623972
000079 15 142 190 420 343 0.421304
000079 16 744 171 838 228 1.039555
000079 17 443 183 524 239 0.773701
000079 20 649 178 694 216 1.652983
000079 21 734 169 866 214 1.074772
000079 25 665 180 718 211 1.652983
000080 10 1165 102 1241 235 0.689997
000080 14 345 192 480 275 0.599873
000080 15 99 191 411 359 0.371369
000080 16 750 171 848 231 0.924355
000080 17 437 183 522 242 0.757557
000080 21 738 169 875 215 0.971794
000081 14 330 193 475 281 0.586271
000081 15 37 192 397 374 0.338517
000081 16 755 171 859 233 0.870642
000081 17 430 183 520 244 0.79648
000081 20 654 179 700 218 1.587725
000081 21 742 167 884 215 0.893181
000081 25 668 180 723 212 1.587725
000082 14 294 194 463 295 0.53917
000082 15 0 193 362 374 0.3596
000082 16 766 170 882 238 0.780013
000082 17 416 184 514 251 0.73247
000082 18 487 187 546 232 0.992445
000082 19 509 184 559 222 1.074678
000082 20 657 179 706 220 1.512053
000082 21 751 165 903 216 0.794031
000082 25 671 180 728 214 1.512053
000082 26 704 174 763 207 1.656061
000083 14 270 195 455 304 0.505284
000083 15 0 194 340 374 0.361317
000083 16 773 169 896 241 0.75033
000083 17 408 184 510 254 0.720343
000083 18 482 187 544 233 0.957091
000083 19 506 184 558 223 1.039259
000083 20 658 179 708 221 1.476667
000083 21 756 164 914 218 0.763621
000083 25 672 180 730 215 1.476667
000083 26 706 174 767 206 1.553248
000084 14 241 196 445 315 0.479463
000084 15 0 195 313 374 0.544564
000084 16 780 168 911 244 0.719548
000084 17 399 184 506 258 0.722125
000084 18 478 186 542 235 0.992125
000084 19 502 184 556 224 1.004051
000084 20 659 178 710 222 1.469341
000084 21 761 164 926 219 0.819504
000084 25 673 180 733 216 1.469341
000084 26 708 174 770 207 1.520788
000085 14 207 197 435 327 0.427726
000085 15 0 197 280 374 0.318894
000085 16 787 167 928 248 0.686768
000085 17 390 185 502 262 0.643152
000085 18 473 186 540 236 0.955465
000085 19 499 184 555 226 0.970027
000085 21 766 164 939 221 0.704899
000085 26 710 174 773 208 1.556664
000086 14 165 199 422 342 0.440682
000086 15 0 201 240 374 0.288885
000086 16 795 166 948 252 0.651334
000086 17 377 185 497 267 0.669878
000086 18 467 186 537 238 0.924376
000086 19 495 185 552 228 0.932487
000086 20 661 178 715 225 1.359405
000086 21 772 162 953 223 0.672172
000086 25 676 180 738 218 1.359405
000086 26 712 174 776 210 1.565845
000087 14 115 200 409 361 0.400051
000087 16 804 165 971 256 0.635093
000087 17 362 185 491 272 0.621675
000087 18 461 186 534 240 0.901697
000087 19 491 186 551 231 0.889579
000087 20 662 178 718 226 1.324273
000087 21 778 162 968 225 0.663665
000087 25 678 180 741 219 1.324273
000087 26 714 174 780 211 1.530896
000087 88 704 169 744 182 1.530896
000088 14 57 202 394 374 0.368685
000088 16 814 164 997 262 0.58842
000088 17 346 185 485 278 0.609738
000088 18 455 186 532 243 0.852301
000088 19 486 186 549 232 0.852301
000088 20 664 178 721 227 1.27434
000088 21 785 164 985 229 0.612891
000088 25 679 180 745 220 1.295651
000088 26 716 175 783 212 1.392414
000089 14 0 204 377 374 0.37362
000089 16 824 163 1027 268 0.571957
000089 17 328 186 479 284 0.551124
000089 18 448 187 529 246 0.85079
000089 19 483 185 548 232 0.901287
000089 20 665 177 725 229 1.186653
000089 21 793 163 1003 232 0.583921
000089 25 682 179 748 220 1.219453
000089 26 719 174 788 212 1.263186
000090 14 0 207 357 374 0.354009
000090 16 836 161 1061 275 0.537709
000090 17 306 186 471 292 0.505525
000090 18 440 187 525 250 0.815982
000090 19 479 184 546 233 0.866504
000090 20 667 177 729 230 1.101589
000090 21 802 163 1025 235 0.570457
000090 25 684 178 752 221 1.158149
000090 26 722 173 793 212 1.22833
000091 14 0 210 333 374 0.320299
000091 16 850 160 1102 283 0.506579
000091 17 284 186 464 301 0.495018
000091 18 432 188 522 253 0.778324
000091 19 475 183 545 234 0.834641
000091 20 669 177 732 232 1.054999
000091 21 813 162 1049 239 0.526718
000091 25 687 178 757 221 1.071076
000091 26 724 172 796 213 1.092932
000093 14 0 214 304 374 0.288797
000093 16 865 157 1151 293 0.46756
000093 17 259 186 457 310 0.49818
000093 18 423 189 518 258 0.737601
000093 19 469 182 542 235 0.811182
000093 20 673 176 738 233 1.03626
000093 21 824 162 1076 242 0.492527
000093 22 509 175 555 216 1.037853
000093 23 510 177 565 208 1.386234
000093 25 690 177 761 222 1.100909
000093 26 729 171 803 212 1.184522
000094 14 0 219 268 374 0.290631
000094 16 883 155 1216 306 0.441971
000094 17 228 187 448 322 0.427465
000094 18 414 188 516 261 0.737588
000094 19 466 182 543 237 0.789091
000094 20 677 175 743 235 1.107214
000094 21 837 161 1106 247 0.440434
000094 22 507 175 554 217 0.966757
000094 23 509 177 565 208 1.307639
000094 25 694 176 766 222 1.158414
000094 26 734 170 809 212 1.167545
000095 14 0 225 222 374 0.259067
000095 16 903 152 1241 320 0.415873
000095 17 192 187 438 336 0.428199
000095 18 405 188 513 264 0.699859
000095 19 462 182 542 239 0.803564
000095 20 681 174 749 237 0.95312
000095 21 851 160 1141 251 0.431235
000095 22 504 175 553 218 0.931583
000095 23 508 176 565 208 1.272361
000095 25 698 176 772 223 1.112534
000095 26 739 169 816 213 1.149249
000096 14 0 233 161 374 0.230913
000096 16 927 149 1241 339 0.366762
000096 17 148 187 427 353 0.354035
000096 18 395 188 510 268 0.658113
000096 19 457 182 541 241 0.72841
000096 20 685 173 757 239 0.987438
000096 21 867 159 1180 257 0.378227
000096 22 501 175 551 219 0.892061
000096 23 508 176 565 209 1.224043
000096 26 750 168 831 214 1.172061
000097 16 988 144 1241 361 0.37832
000097 17 22 191 397 374 0.336717
000097 18 370 187 504 278 0.583809
000097 19 443 182 538 247 0.684623
000097 20 696 173 775 245 0.848232
000097 21 906 157 1241 271 0.427535
000097 23 506 177 566 211 1.331805
000097 25 714 174 794 228 1.062557
000097 26 756 167 840 215 1.114334
000098 16 1028 144 1241 358 0.362497
000098 17 0 193 379 374 0.302044
000098 18 355 189 500 287 0.560067
000098 19 436 183 536 252 0.702121
000098 20 702 175 785 250 0.749515
000098 21 930 157 1241 279 0.367974
000098 22 500 174 555 222 0.853013
000098 23 505 178 566 214 1.297799
000098 25 719 174 802 229 0.971675
000098 26 763 166 849 216 1.091873
000099 16 1076 144 1241 356 0.340681
000099 17 0 196 357 374 0.263978
000099 18 338 191 495 297 0.51702
000099 19 428 185 535 258 0.705963
000099 20 708 176 796 256 0.69019
000099 21 958 156 1241 290 0.342908
000099 22 498 175 554 225 0.820671
000099 23 504 180 566 217 1.211079
000099 25 724 175 810 232 0.685228
000099 26 769 168 857 219 1.06301
000100 16 1135 151 1241 360 0.343543
000100 17 0 199 330 374 0.26076
000100 18 318 194 490 309 0.49469
000100 19 419 187 533 264 0.658217
000100 20 716 178 809 262 0.703803
000100 21 988 154 1241 301 0.391552
000100 25 729 176 818 236 0.774674
000100 26 775 170 866 223 0.8803
000101 18 294 197 484 323 0.44772
000101 19 409 188 531 271 0.654993
000101 20 724 179 823 269 0.620448
000101 21 1023 152 1241 314 0.392051
000101 25 735 177 827 240 0.706945
000101 26 782 172 876 227 0.861312
000102 17 0 209 255 374 0.238174
000102 18 266 200 478 340 0.394248
000102 19 397 190 529 279 0.577281
000102 20 732 179 837 274 0.605088
000102 21 1065 149 1241 331 0.418868
000102 23 500 186 567 226 1.200494
000102 25 741 178 837 244 0.598597
000102 26 789 171 886 228 0.997403
000102 27 728 166 835 206 0.844754
000103 18 232 201 469 357 0.34883
000103 19 386 191 526 285 0.57083
000103 20 739 178 854 280 0.594651
000103 21 1117 146 1241 349 0.377843
000103 22 488 181 552 237 0.614686
000103 23 499 185 568 226 1.255057
000103 25 748 178 847 248 0.613066
000103 26 796 171 897 230 0.964003
000103 27 731 165 840 207 1.417497
000103 29 1010 165 1122 212 0.850178
000103 30 947 166 1039 197 1.680869
000104 18 189 202 459 374 0.337241
000104 19 372 191 522 291 0.571312
000104 20 747 178 873 287 0.675608
000104 23 498 184 568 226 1.236026
000104 25 755 178 859 251 0.800487
000104 26 804 170 908 231 0.914668
000104 27 734 165 846 207 0.800487
000104 30 956 165 1050 196 1.673584
000105 18 135 203 447 374 0.356672
000105 19 357 191 519 298 0.50282
000105 20 755 177 895 294 0.514732
000105 22 481 179 550 239 0.604683
000105 23 497 182 569 225 1.202218
000105 25 763 178 872 255 0.496085
000105 26 813 169 920 233 0.973739
000105 27 738 164 853 208 0.525856
000105 29 1038 163 1157 212 1.237827
000105 30 965 163 1062 196 1.404013
000106 18 64 205 433 374 0.343753
000106 19 340 191 515 306 0.496377
000106 20 765 176 920 304 0.472291
000106 22 477 177 549 240 0.583224
000106 23 495 181 570 225 0.860918
000106 25 772 178 886 259 0.440506
000106 26 822 168 933 235 0.961588
000106 27 741 164 860 208 1.339188
000106 29 1053 161 1176 213 1.241606
000107 18 64 205 433 374 0.343753
000107 19 340 191 515 306 0.496377
000107 20 765 176 920 304 0.472291
000107 22 477 177 549 240 0.583224
000107 23 495 181 570 225 0.860918
000107 25 772 178 886 259 0.440506
000107 26 822 168 933 235 0.961588
000107 27 741 164 860 208 1.339188
000107 29 1053 161 1176 213 1.241606
000108 18 0 207 416 374 0.319222
000108 19 320 191 510 315 0.445355
000108 20 775 176 947 315 0.447391
000108 22 472 176 548 241 0.548692
000108 23 492 180 568 226 1.106784
000108 25 781 177 898 264 0.411102
000108 26 833 167 947 236 0.807937
000108 27 745 163 867 208 0.956988
000108 29 1067 162 1194 215 1.183603
000108 30 984 162 1086 197 1.328433
000109 18 0 209 397 374 0.259866
000109 19 293 192 504 327 0.430835
000109 20 786 175 979 328 0.52129
000109 22 468 175 546 242 0.515637
000109 23 487 180 567 228 1.073348
000109 25 790 177 912 269 0.377457
000109 26 844 165 962 238 0.973117
000109 27 748 163 874 210 1.313647
000109 29 1081 162 1214 217 1.159973
000109 30 992 163 1097 198 1.544381
000110 18 0 211 374 374 0.246256
000110 19 261 192 496 342 0.423134
000110 20 799 175 1018 344 0.407272
000110 22 461 173 543 243 0.576402
000110 23 483 180 566 229 1.041006
000110 25 801 177 928 275 0.42263
000110 26 852 165 975 241 0.594891
000110 27 752 163 881 211 0.405038
000110 29 1097 162 1234 220 1.134775
000110 30 1001 163 1108 199 1.520884
000111 19 221 193 488 360 0.37633
000111 20 813 174 1067 364 0.703382
000111 22 453 172 538 245 0.561551
000111 23 478 180 564 231 1.021623
000111 25 813 177 945 281 0.356899
000111 26 862 164 990 244 0.718222
000111 27 755 163 889 212 0.373888
000111 29 1114 163 1241 222 1.104366
000111 30 1011 164 1120 201 1.500523
000112 19 172 194 478 374 0.352404
000112 20 830 173 1130 374 0.346817
000112 22 445 170 534 247 0.632453
000112 23 473 180 563 232 0.873921
000112 25 827 176 964 289 0.340737
000112 26 873 164 1005 248 1.045138
000112 27 759 163 897 214 1.214468
000112 29 1132 164 1241 225 1.090031
000112 30 1021 164 1133 202 1.513924
000113 19 109 195 468 374 0.327259
000113 20 845 171 1208 374 0.318977
000113 22 436 168 529 248 0.635835
000113 23 465 178 558 232 0.859044
000113 25 839 177 982 299 0.441266
000113 29 1145 164 1241 227 1.091582
000113 30 1031 163 1147 203 1.485523
000114 19 0 198 432 374 0.297012
000114 20 885 167 1241 374 0.985018
000114 22 412 169 515 257 0.651081
000114 23 448 174 546 232 0.815902
000114 25 867 178 1026 323 0.621855
000114 26 905 164 1054 263 1.436793
000114 27 762 156 911 211 0.948077
000114 29 1174 164 1241 231 1.024561
000114 30 1036 163 1155 203 1.433195
000115 19 0 198 432 374 0.297012
000115 20 885 167 1241 374 0.985018
000115 22 412 169 515 257 0.651081
000115 23 448 174 546 232 0.815902
000115 25 867 178 1026 323 0.621855
000115 26 905 164 1054 263 1.436793
000115 27 762 156 911 211 0.948077
000115 29 1174 164 1241 231 1.024561
000115 30 1036 163 1155 203 1.433195
000116 19 0 200 409 374 0.249294
000116 20 912 164 1241 374 0.985913
000116 22 396 171 506 264 0.62211
000116 23 438 176 540 237 0.755399
000116 25 885 179 1062 338 0.597959
000116 26 913 166 1067 271 0.917914
000116 27 761 157 914 214 1.010301
000116 29 1191 164 1241 232 0.972706
000116 30 1041 162 1163 203 1.378269
000116 19 0 202 382 374 0.194219
000116 20 945 160 1241 374 0.666409
000116 22 379 174 495 272 0.624269
000116 23 428 178 533 242 0.71349
000116 25 906 180 1106 357 0.571931
000116 26 921 169 1082 281 0.571931
000116 27 760 158 917 217 1.04391
000116 29 1208 164 1241 234 0.949841
000117 19 0 205 347 374 0.209731
000117 22 359 177 484 281 0.604525
000117 23 414 183 523 249 0.692684
000117 25 928 184 1153 374 0.324661
000117 27 757 161 919 222 1.069296
000117 20 1019 172 1241 374 0.481862
000117 22 337 180 472 291 0.576682
000117 23 398 187 511 257 0.667421
000117 25 956 188 1212 374 0.481862
000117 26 942 175 1117 303 0.481862
000117 27 751 165 918 227 1.036037
000117 30 1050 171 1175 216 0.481862
000119 20 1019 172 1241 374 0.481862
000119 22 337 180 472 291 0.576682
000119 23 398 187 511 257 0.667421
000119 25 956 188 1212 374 0.481862
000119 26 942 175 1117 303 0.481862
000119 27 751 165 918 227 1.036037
000119 27 748 168 919 232 1.036037
000120 20 1147 181 1241 374 1.344982
000120 22 278 178 439 305 0.500426
000120 23 363 187 484 264 0.587417
000120 24 826 164 893 187 1.112961
000120 25 988 192 1241 374 0.838728
000120 26 963 171 1149 317 0.332474
000120 27 742 165 917 230 0.986476
000120 30 1048 172 1178 218 1.04137
000121 22 242 177 420 313 0.46909
000121 23 343 187 469 268 0.650392
000121 25 1009 191 1241 374 0.217633
000121 26 975 168 1167 326 0.217633
000121 27 735 161 915 228 0.950232
000121 30 1044 167 1177 214 1.328943
000122 22 242 177 420 313 0.46909
000122 23 343 187 469 268 0.650392
000122 25 1009 191 1241 374 0.217633
000122 26 975 168 1167 326 0.217633
000122 27 735 161 915 228 0.950232
000122 30 1044 167 1177 214 1.328943
000123 22 149 175 375 335 0.416588
000123 23 293 188 429 279 0.594551
000123 24 850 159 915 181 1.071027
000123 25 1061 188 1241 374 0.364485
000123 26 1006 162 1217 348 3.001324
000123 27 716 160 905 231 0.86293
000123 30 1032 168 1164 216 4.319744
000124 22 149 175 375 335 0.416588
000124 23 293 188 429 279 0.594551
000124 24 850 159 915 181 1.071027
000124 25 1061 188 1241 374 0.364485
000124 26 1006 162 1217 348 3.001324
000124 27 706 160 899 233 0.86293
000124 30 1026 168 1158 217 4.319744
000125 22 20 170 315 366 0.354871
000125 23 233 190 381 292 0.540138
000125 27 695 160 893 235 0.857687
000125 30 1021 169 1153 219 1.151775
000126 22 0 181 276 374 0.38329
000126 23 198 190 353 300 0.530986
000126 27 683 160 887 236 0.819144
000126 30 1013 169 1144 220 1.099321
000127 22 0 181 276 374 0.38329
000127 23 198 190 353 300 0.530986
000127 27 683 160 887 236 0.819144
000127 30 1013 169 1144 220 1.099321
000128 22 0 182 228 374 0.359828
000128 23 159 188 309 306 0.503198
000128 26 1077 178 1241 374 0.920859
000128 27 666 160 875 239 0.806559
000128 30 1005 169 1130 220 1.137276
000128 22 0 180 168 374 0.387922
000128 23 105 189 264 317 0.456594
000128 24 850 166 907 187 0.486418
000128 26 1086 182 1241 374 1.204576
000128 27 645 160 858 241 0.759369
000128 30 986 173 1114 226 1.128567
000129 22 0 182 96 374 0.369913
000129 23 32 190 211 331 0.440459
000129 24 839 166 894 187 0.460407
000129 27 623 160 842 244 0.739327
000129 30 968 172 1096 225 1.119505
000130 23 0 191 150 341 0.429888
000130 24 828 166 881 187 0.43792
000130 27 600 161 826 248 0.710176
000130 30 945 172 1074 226 1.092375
000131 23 0 191 150 341 0.429888
000131 24 828 166 881 187 0.43792
000131 27 600 161 826 248 0.710176
000131 30 945 172 1074 226 1.092375
000132 23 0 192 76 348 0.439971
000132 24 814 166 866 186 0.420555
000132 27 576 161 808 251 0.686297
000132 30 926 174 1050 229 1.0616
000133 26 1120 189 1241 374 0.270163
000133 27 549 161 789 255 0.664076
000133 30 906 170 1027 224 1.022393
000134 26 1133 191 1241 374 0.247362
000134 27 519 162 769 260 0.632557
000134 30 884 170 1004 226 1.017034
000135 26 1152 188 1241 374 0.224544
000135 27 487 162 747 265 0.620803
000135 30 863 174 982 231 0.986379
000136 27 452 162 723 270 0.591998
000136 30 837 176 957 233 0.929472
000136 34 983 165 1061 207 1.39779
000137 27 415 163 699 276 0.561743
000137 30 814 177 932 236 0.915129
000138 27 371 160 673 281 0.534751
000138 30 790 178 909 238 0.893125
000138 34 929 166 1003 208 1.388242
000139 27 324 160 647 290 0.50522
000139 30 765 173 887 233 0.875088
000139 34 902 167 974 209 1.385022
000140 27 273 163 620 302 0.493802
000140 29 1140 174 1241 309 0.513061
000140 30 742 175 863 238 0.828619
000140 34 875 167 945 209 1.378529
000140 35 916 167 970 202 1.53063
000141 27 213 160 592 310 0.449442
000141 30 716 177 836 241 0.826822
000141 34 850 168 920 211 1.359299
000141 35 889 168 942 202 1.492401
000142 27 146 161 562 326 0.492259
000142 30 689 176 810 241 0.789023
000142 32 1058 171 1146 233 0.974456
000142 34 825 169 893 212 1.337087
000142 35 862 168 914 203 1.517924
000143 27 67 158 530 339 0.424994
000143 29 1089 172 1241 326 0.525755
000143 30 659 179 786 248 0.756388
000143 32 1032 172 1120 235 0.994782
000143 34 799 170 867 213 1.334376
000143 35 835 169 886 204 1.539824
000144 27 0 159 494 360 0.408106
000144 29 1075 174 1241 335 0.49902
000144 30 632 179 760 250 0.745229
000144 31 1035 158 1064 213 0.960527
000144 32 1006 174 1093 237 0.950671
000144 34 773 171 840 215 1.328775
000144 35 807 169 857 205 1.480237
000145 27 0 159 453 374 0.388253
000145 29 1059 175 1241 345 0.47252
000145 30 602 182 734 256 0.735889
000145 31 1015 158 1034 214 0.942526
000145 32 980 174 1070 238 0.940764
000145 34 745 172 812 216 1.282853
000145 35 779 170 829 206 1.453072
000146 27 0 164 406 374 0.334963
000146 29 1046 176 1241 357 0.426864
000146 30 572 184 708 262 0.703494
000146 31 991 157 1011 214 0.960559
000146 32 952 175 1045 239 0.932282
000146 34 719 172 786 217 1.253304
000146 35 754 171 803 207 1.410223
000147 27 0 161 353 374 0.305501
000147 29 1032 177 1241 370 0.395788
000147 30 542 183 683 265 0.686654
000147 31 967 157 987 215 0.931646
000147 32 928 175 1022 241 0.915514
000147 33 921 175 990 224 0.921896
000147 34 692 172 760 218 1.231466
000147 35 728 172 777 209 1.397248
000147 27 0 152 292 374 0.276892
000147 29 1023 175 1241 374 0.367872
000147 30 509 182 659 267 0.643438
000147 31 943 157 964 215 0.896811
000147 32 905 175 999 242 0.906986
000147 33 897 175 968 225 0.903503
000147 34 664 172 732 219 1.213838
000147 35 702 172 751 209 1.369322
000148 27 0 158 210 374 0.261282
000148 29 1015 173 1241 374 0.354535
000148 30 473 183 630 272 0.617747
000148 31 919 154 940 213 0.875976
000148 32 882 175 978 243 0.886019
000148 33 873 176 944 226 0.886019
000148 34 638 172 707 220 1.136992
000148 35 675 171 725 209 1.362477
000149 27 0 158 210 374 0.261282
000149 29 1015 173 1241 374 0.354535
000149 30 473 183 630 272 0.617747
000149 31 919 154 940 213 0.875976
000149 32 882 175 978 243 0.886019
000149 33 873 176 944 226 0.886019
000149 34 638 172 707 220 1.136992
000149 35 675 171 725 209 1.362477
000150 29 1012 176 1241 374 0.329997
000150 30 435 183 603 278 0.584608
000150 31 901 153 919 212 0.851587
000150 32 859 176 958 245 0.846888
000150 33 847 176 920 226 0.845888
000150 34 611 172 681 221 1.147373
000150 35 647 171 697 209 1.348958
000150 36 829 172 883 213 0.919631
000151 29 1009 179 1241 374 0.313952
000151 30 396 187 575 290 0.553923
000151 31 878 156 895 217 0.824565
000151 32 839 177 942 248 0.799996
000151 33 822 176 895 227 0.815238
000151 34 586 175 658 225 1.16999
000151 35 622 175 674 214 1.319633
000151 36 807 175 862 216 0.78689
000152 29 1013 182 1241 374 0.302357
000152 30 354 185 549 294 0.501211
000152 31 859 159 879 221 0.790798
000152 32 819 178 926 251 0.761439
000152 33 800 178 878 230 0.78946
000152 34 558 179 635 230 1.107705
000152 35 598 178 652 218 1.263408
000153 29 1025 183 1241 374 0.265944
000153 30 308 195 523 317 0.484498
000153 31 845 163 867 226 0.766205
000153 32 805 180 914 257 0.744153
000153 33 783 180 864 234 0.752525
000153 34 538 181 616 235 1.106466
000153 35 577 181 631 222 1.225343
000153 36 770 180 827 223 0.691716
000154 29 1040 185 1241 374 0.286914
000154 30 260 198 499 333 0.460875
000154 31 833 165 858 230 0.743208
000154 32 793 183 909 264 0.711801
000154 33 767 183 852 239 0.71604
000154 34 515 184 594 240 1.013223
000154 35 559 184 614 226 1.198985
000154 36 755 182 814 226 0.666118
000155 30 210 200 475 348 0.435864
000155 31 827 163 853 230 0.712919
000155 32 784 184 905 268 0.681808
000155 33 756 180 846 237 0.700415
000155 34 494 187 576 246 0.967576
000155 35 540 186 597 230 1.108679
000155 37 569 180 615 219 1.602982
000156 30 150 203 452 371 0.414365
000156 31 822 160 848 230 0.683997
000156 32 779 184 907 272 0.658267
000156 33 749 182 838 241 0.747966
000156 34 480 186 566 247 0.953041
000156 35 525 185 584 229 1.087559
000156 37 558 179 605 219 1.281948
000157 30 87 194 430 374 0.381328
000157 32 774 183 911 276 0.623045
000157 33 745 180 836 242 0.734748
000157 34 464 185 554 248 0.909756
000157 35 515 183 575 229 1.033754
000157 36 718 180 784 227 0.94908
000157 37 547 178 595 219 1.269954
000158 30 14 196 413 374 0.368123
000158 31 828 157 855 233 0.615923
000158 32 775 182 921 280 0.586969
000158 33 742 177 836 241 0.729422
000158 34 448 184 543 249 0.867085
000158 36 712 179 781 229 0.923458
000158 37 528 178 579 221 1.246542
000158 39 708 178 751 217 1.318003
000158 41 660 176 710 200 2.323903
000159 30 0 198 371 374 0.334601
000159 32 783 182 954 293 0.522118
000159 33 742 182 846 253 0.730663
000159 34 423 181 528 252 0.825728
000159 35 484 182 552 232 0.984366
000159 36 712 179 784 230 0.897777
000159 37 522 177 574 222 1.117485
000159 39 708 178 752 218 1.045024
000159 41 656 176 707 200 2.317625
000160 30 0 200 344 374 0.299449
000160 32 791 182 979 303 0.492632
000160 33 743 183 856 257 0.80715
000160 34 412 181 523 256 0.801745
000160 35 478 182 548 234 0.957309
000160 36 712 179 788 232 0.866823
000160 37 514 177 568 223 1.188893
000160 39 708 178 752 219 1.018373
000160 41 655 176 706 201 2.321909
000162 30 0 203 309 374 0.285311
000162 32 799 183 1006 313 0.461102
000162 33 748 183 870 262 0.556732
000162 34 401 182 517 260 0.78129
000162 35 470 183 543 237 0.834063
000162 36 713 179 791 234 1.018695
000162 37 510 177 566 224 1.214433
000162 39 707 178 753 220 1.018695
000162 41 654 176 706 202 2.287191
000162 32 810 183 1042 326 0.424654
000162 33 753 183 885 267 0.453178
000162 34 387 182 511 265 0.755417
000162 35 463 183 539 240 0.837828
000162 36 715 179 797 237 1.107921
000162 37 506 177 563 225 1.046832
000162 39 707 178 753 221 1.107921
000162 41 653 177 706 202 2.271261
000163 32 810 183 1042 326 0.424654
000163 33 753 183 885 267 0.453178
000163 34 387 182 511 265 0.755417
000163 35 463 183 539 240 0.837828
000163 36 715 179 797 237 1.107921
000163 37 506 177 563 225 1.046832
000163 39 707 178 753 221 1.107921
000163 41 653 177 706 202 2.271261
000163 30 0 210 210 374 0.264565
000163 31 887 151 928 257 0.377744
000163 32 822 184 1083 342 0.401559
000163 33 759 184 902 273 0.562874
000163 34 373 182 504 270 0.703625
000163 35 456 184 536 243 0.836145
000163 36 717 180 804 239 0.879013
000163 37 501 177 560 227 0.981005
000163 39 709 178 756 223 0.976164
000163 41 653 177 706 203 2.215355
000164 30 0 215 134 374 1.151751
000164 32 839 185 1144 364 0.366886
000164 33 766 184 922 280 0.407492
000164 34 356 183 496 276 0.658919
000164 35 449 184 532 246 0.780142
000164 36 720 180 811 242 0.91777
000164 37 498 177 558 228 0.991685
000164 39 710 178 759 224 0.91777
000165 31 928 147 981 272 0.371314
000165 32 860 186 1224 374 0.360125
000165 33 773 184 945 288 0.58281
000165 34 336 183 488 283 0.62611
000165 35 440 185 528 249 0.735369
000165 36 723 180 819 246 0.864602
000165 37 494 177 557 230 0.962534
000165 39 712 178 762 225 0.856567
000166 32 885 187 1241 374 0.284752
000166 33 781 185 971 297 0.583095
000166 34 314 183 481 290 0.56937
000166 35 431 185 524 253 0.707236
000166 36 726 181 829 249 0.859025
000166 37 489 177 555 231 0.925316
000166 39 714 178 766 227 0.910794
000166 41 652 178 707 206 1.992809
000167 32 915 189 1241 374 0.275045
000167 33 791 185 1002 307 0.537059
000167 34 290 182 473 299 0.543254
000167 35 420 186 519 258 0.659952
000167 36 730 181 839 253 0.847751
000167 37 484 177 552 233 0.879482
000167 41 651 178 706 207 1.955813
000167 66 789 146 837 184 2.654265
000168 31 1023 138 1092 306 0.413582
000168 32 954 191 1241 374 0.289495
000168 33 801 186 1040 320 0.516408
000168 34 261 182 463 309 0.505242
000168 35 409 186 514 262 0.675473
000168 36 734 181 850 258 0.810097
000168 37 479 177 549 235 0.860617
000168 41 651 178 706 207 1.883715
000168 66 791 145 839 183 2.698875
000169 31 1053 133 1180 322 0.381735
000169 33 813 186 1085 336 0.517553
000169 34 228 182 454 321 0.478292
000169 35 396 187 508 268 0.762423
000169 36 738 182 863 263 0.790893
000169 37 473 176 546 237 0.940458
000169 41 651 178 707 207 1.971206
000169 66 793 144 841 182 2.662318
000170 31 1106 127 1241 342 0.531778
000170 33 826 187 1142 356 0.467446
000170 34 182 182 440 336 0.455507
000170 35 381 186 502 272 0.700616
000170 36 743 181 878 267 0.821021
000170 37 466 175 542 238 0.807541
000170 39 724 176 784 233 0.999096
000170 41 651 177 707 207 1.6782
000170 66 795 143 843 181 2.625204
000171 33 842 187 1218 374 0.48076
000171 34 127 181 425 355 0.433615
000171 35 364 186 495 277 0.645064
000171 36 749 180 895 272 0.774512
000171 37 458 174 538 240 0.863355
000171 39 726 176 793 234 1.121046
000171 41 650 176 708 207 1.734562
000172 33 862 188 1241 374 0.449832
000172 34 59 181 410 374 0.408074
000172 35 344 185 487 282 0.654365
000172 36 755 180 914 277 0.746704
000172 37 449 172 534 241 0.848657
000172 39 729 175 800 236 1.099949
000172 41 649 175 708 206 1.712409
000172 66 800 141 846 179 2.538477
000173 33 862 188 1241 374 0.449832
000173 34 59 181 410 374 0.408074
000173 35 344 185 487 282 0.654365
000173 36 755 180 914 277 0.746704
000173 37 449 172 534 241 0.848657
000173 39 729 175 800 236 1.099949
000173 41 649 175 708 206 1.712409
000173 66 800 141 846 179 2.538477
000174 33 885 188 1241 374 0.407736
000174 34 0 181 387 374 0.689708
000174 35 322 184 478 289 0.567124
000174 36 762 178 936 284 0.707788
000174 37 439 170 530 243 0.832796
000174 39 732 174 807 238 0.960186
000174 41 648 173 709 205 1.768427
000174 66 802 139 848 178 2.489166
000175 33 914 189 1241 374 0.341389
000175 34 0 180 362 374 0.320363
000175 35 296 183 468 297 0.581369
000175 36 770 177 962 291 0.584079
000175 37 428 169 525 244 0.708026
000175 39 735 173 815 240 0.922423
000175 40 732 179 784 228 0.922423
000175 41 647 173 709 206 1.676632
000175 66 804 138 850 177 2.452242
000176 33 950 190 1241 374 0.308652
000176 35 264 183 456 308 0.53697
000176 36 777 178 990 302 0.635375
000176 37 416 168 520 248 0.635046
000176 39 738 172 823 243 0.886221
000176 40 735 179 789 230 0.886221
000176 41 647 173 710 206 1.718091
000177 35 225 184 443 322 0.472216
000177 36 783 179 1022 315 0.599168
000177 37 404 168 514 252 0.710315
000177 39 741 172 833 245 0.820127
000177 41 645 174 710 208 1.661219
000177 66 805 138 851 176 2.42528
000178 35 178 185 428 340 0.469179
000178 36 793 180 1063 330 0.5679
000178 37 373 167 500 262 0.554795
000178 39 748 174 853 256 0.764096
000178 40 743 179 804 236 0.767658
000178 41 642 174 709 210 1.610759
000179 35 41 188 388 374 0.354237
000179 36 814 182 1177 374 0.41191
000179 37 355 167 492 268 0.613582
000179 39 751 175 865 262 0.699688
000179 40 745 179 810 239 0.710054
000179 41 640 174 709 212 1.561185
000180 35 0 189 364 374 0.351549
000180 36 829 183 1241 374 0.354368
000180 37 334 167 483 274 0.483347
000180 39 755 176 878 269 0.564703
000180 41 638 175 707 213 1.505857
000181 35 0 192 334 374 0.294503
000181 36 846 184 1241 374 0.317386
000181 37 311 166 473 282 0.585047
000181 39 760 178 894 277 0.605305
000181 40 749 179 821 244 0.627182
000181 41 635 176 705 216 1.404493
000181 45 968 150 1045 197 1.828052
000181 46 906 152 973 193 1.788677
000182 35 0 195 296 374 0.283487
000182 36 866 185 1241 374 0.352354
000182 37 283 166 463 291 0.573674
000182 39 764 177 910 282 0.596236
000182 40 751 179 828 247 0.659661
000182 41 633 177 705 217 1.379035
000182 45 971 151 1051 198 1.839373
000182 46 909 152 978 194 1.76715
000183 35 0 198 247 374 0.289411
000183 36 892 186 1241 374 0.326622
000183 37 250 165 450 301 4.90707
000183 39 770 175 930 289 0.523011
000183 41 630 177 703 219 1.371737
000183 46 911 151 983 194 1.662198
000184 37 211 164 437 314 0.43264
000184 39 775 174 952 297 0.51041
000184 40 756 177 843 253 0.575363
000184 41 627 175 703 218 1.301486
000184 46 914 150 988 194 1.631666
000185 37 167 162 421 327 0.403302
000185 39 782 172 979 307 0.483234
000185 40 757 174 850 254 0.520839
000185 41 623 171 703 216 1.256643
000185 46 917 150 994 195 1.632152
000186 37 113 160 404 344 0.764132
000186 38 417 169 543 254 0.648242
000186 39 789 170 1011 318 0.479108
000186 40 757 174 859 258 0.618463
000186 41 622 172 701 217 1.226361
000186 45 987 148 1079 200 1.380972
000186 46 919 150 999 196 1.563548
000187 37 45 157 383 365 0.681047
000187 38 403 168 536 257 0.628782
000187 39 797 170 1049 333 0.433718
000187 40 763 177 870 266 0.506218
000187 41 618 172 701 220 1.196222
000187 45 991 147 1086 201 1.509822
000187 46 922 150 1004 197 1.550553
000188 37 0 153 360 374 0.306038
000188 38 385 171 528 266 0.593601
000188 39 806 170 1097 353 0.403577
000188 40 767 181 882 277 0.594054
000188 41 614 175 698 224 1.161156
000188 45 996 146 1095 201 1.479372
000189 37 0 148 332 374 0.345554
000189 38 367 169 519 271 0.589892
000189 39 816 171 1157 374 0.354337
000189 40 773 180 898 282 0.572216
000189 41 609 175 697 225 1.223022
000190 37 0 146 300 374 0.407113
000190 38 346 168 508 277 0.546967
000190 39 828 171 1235 374 0.500664
000190 40 771 180 916 289 0.52239
000190 41 603 173 695 225 1.092434
000190 48 674 169 723 199 1.568573
000191 37 0 150 262 374 0.350472
000191 38 322 170 497 287 0.517868
000191 39 843 172 1241 374 0.360321
000191 40 775 181 935 299 0.47629
000191 41 597 174 693 228 1.032942
000191 46 932 146 1027 199 1.771931
000191 48 671 169 721 200 1.579045
000192 37 0 155 215 374 0.317625
000192 38 294 163 486 290 0.484612
000192 39 861 173 1241 374 0.333356
000192 40 777 173 955 301 0.45928
000192 41 593 169 690 225 1.149329
000192 42 782 177 865 252 0.476259
000192 48 668 168 719 200 1.498826
000193 38 262 166 475 304 0.445873
000193 39 884 174 1241 374 0.337481
000193 40 788 180 986 320 0.402295
000193 41 587 173 688 231 0.982305
000193 42 786 178 874 258 0.42204
000193 48 664 168 716 201 1.463529
000194 38 219 168 461 321 0.454757
000194 40 794 183 1017 340 0.407844
000194 41 581 176 684 237 0.959538
000194 42 791 179 885 264 0.397591
000194 46 940 145 1045 202 1.379894
000194 48 660 169 713 202 1.504021
000195 38 170 170 443 339 0.421188
000195 39 948 176 1241 374 1.316774
000195 40 801 183 1055 357 0.34347
000195 41 573 174 681 238 1.156327
000195 42 794 177 895 267 0.345604
000195 45 1027 138 1155 204 1.316774
000195 48 656 169 709 204 1.506987
000196 38 106 177 420 368 0.386005
000196 39 994 177 1241 374 1.287643
000196 40 804 170 1101 363 0.342622
000196 41 565 173 677 240 0.984105
000196 42 799 175 906 271 0.315911
000196 45 1031 137 1164 205 1.287643
000196 48 651 170 705 205 1.371719
000197 38 22 172 393 374 0.361714
000197 39 1059 179 1241 374 0.300402
000197 40 811 184 1162 374 0.298979
000197 41 554 177 672 247 0.806069
000197 46 943 147 1061 209 1.306234
000197 48 643 170 699 206 1.317826
000197 58 686 166 725 194 2.195582
000198 38 0 166 361 374 0.336925
000198 39 1157 182 1241 374 0.27074
000198 40 822 182 1241 374 0.258792
000198 41 543 177 666 251 0.777617
000198 48 635 170 691 207 1.330257
000198 58 679 167 719 195 2.159625
000199 38 0 167 319 374 0.292245
000199 40 831 184 1241 374 0.258792
000199 41 530 176 658 253 0.777617
000199 48 626 170 684 208 1.330257
000200 38 0 168 271 374 0.343853
000200 41 516 176 649 258 0.696048
000200 44 1128 138 1241 208 0.992157
000200 45 1035 133 1189 209 1.105516
000200 46 938 145 1070 212 1.151959
000200 48 615 170 674 208 1.226252
000201 38 0 175 211 374 0.312209
000201 40 857 139 1241 374 1.159881
000201 41 500 173 640 259 0.682068
000201 42 808 179 992 321 0.398888
000201 45 1035 132 1196 210 1.160826
000201 46 937 143 1073 213 1.14438
000201 48 604 169 664 209 1.026039
000201 56 777 166 820 201 0.638583
000201 66 743 139 788 182 2.487581
000202 38 0 173 141 374 0.291821
000202 40 873 163 1241 374 1.152745
000202 41 479 169 630 261 0.663444
000202 45 1035 131 1202 211 1.145286
000202 46 935 142 1077 214 1.112758
000202 48 592 169 654 210 0.921549
000202 50 895 158 977 194 1.049573
000202 66 733 140 778 184 2.452382
000203 40 897 164 1241 374 1.110446
000203 41 457 177 619 275 0.617126
000203 45 1035 132 1208 215 1.110446
000203 46 932 144 1080 217 1.105143
000203 48 580 170 643 212 0.886668
000203 50 887 160 970 197 0.899515
000203 66 722 141 767 185 2.417936
000204 40 929 149 1241 374 1.071309
000204 41 433 178 608 284 0.566116
000204 42 817 187 1100 374 1.055066
000204 45 1034 133 1214 219 1.151406
000204 46 928 145 1082 221 1.076538
000204 48 568 170 631 214 0.852564
000204 66 712 142 757 187 2.322261
000205 40 988 171 1241 374 1.059836
000205 41 406 179 595 293 0.523562
000205 45 1033 134 1220 223 1.059836
000205 46 924 146 1085 225 1.059836
000205 48 553 173 620 218 0.879734
000205 66 700 144 745 189 2.2825
000206 40 1065 141 1241 374 1.005004
000206 41 373 179 580 305 0.479271
000206 45 1032 135 1227 228 1.005004
000206 46 920 148 1088 229 1.009057
000206 48 537 178 608 225 1.019296
000206 58 593 173 638 206 1.844959
000206 66 689 146 734 191 2.246751
000207 40 1065 141 1241 374 1.005004
000207 41 373 179 580 305 0.479271
000207 45 1032 135 1227 228 1.005004
000207 46 920 148 1088 229 1.009057
000207 48 537 178 608 225 1.019296
000207 58 593 173 638 206 1.844959
000207 66 689 146 734 191 2.246751
000208 41 334 181 563 319 0.44812
000208 44 1141 144 1241 225 0.967673
000208 45 1031 137 1234 232 0.976124
000208 46 916 149 1092 234 0.988677
000208 47 479 182 568 245 0.674038
000208 48 520 178 597 226 0.954203
000208 58 580 175 626 209 1.80485
000208 66 677 147 723 193 2.227123
000209 41 293 182 549 336 0.410937
000209 44 1144 145 1241 227 0.934438
000209 45 1033 138 1241 238 0.933635
000209 46 916 146 1101 235 0.901628
000209 47 460 184 554 250 0.487964
000209 48 505 178 585 229 0.932283
000209 58 567 174 615 209 1.766268
000209 59 582 169 623 206 1.766268
000209 66 665 149 711 195 2.409382
000209 41 242 183 532 358 0.36405
000209 45 1036 131 1241 235 0.908036
000209 46 916 142 1110 235 0.887479
000209 47 439 180 538 250 0.620396
000209 48 490 179 572 231 0.877205
000209 56 702 176 756 218 1.426262
000209 58 554 173 603 209 1.727325
000209 59 572 166 614 205 1.727325
000209 66 656 148 702 194 2.149795
000210 41 176 185 513 374 0.365391
000210 43 798 179 1126 374 0.376931
000210 45 1042 129 1241 238 0.869164
000210 46 916 139 1121 236 0.86204
000210 47 416 184 525 258 0.873618
000210 48 473 179 559 234 0.873618
000210 56 691 174 748 218 1.463727
000210 58 540 172 591 209 1.598755
000210 59 561 164 605 203 1.910695
000210 66 646 146 692 193 2.127914
000212 41 99 185 496 374 0.448678
000212 42 958 208 1241 374 0.881433
000212 43 803 175 1185 374 0.487967
000212 45 1051 132 1241 246 0.881433
000212 47 399 179 514 256 0.808827
000212 48 460 178 548 235 0.808827
000212 56 687 173 745 218 1.436812
000212 58 531 172 583 210 1.456156
000212 59 550 162 595 202 1.560175
000212 66 639 144 685 191 1.681434
000212 41 0 186 475 374 0.349534
000212 43 818 176 1241 374 0.325452
000212 45 1063 128 1241 247 0.279613
000212 46 926 129 1160 237 0.531647
000212 47 381 180 500 263 0.609495
000212 48 446 177 537 236 0.777205
000212 49 909 156 1011 211 0.783681
000212 56 682 172 742 218 1.444003
000212 58 521 172 575 211 1.404545
000212 59 542 163 589 204 1.521294
000212 66 633 143 679 191 1.640555
000213 41 0 186 455 374 0.29366
000213 43 837 178 1241 374 0.29644
000213 47 361 180 487 267 0.667804
000213 48 433 178 529 240 0.871398
000213 56 677 175 739 223 1.369753
000213 58 513 173 569 213 1.484944
000213 59 534 165 582 207 1.484944
000213 66 626 143 673 192 2.213565
000214 41 0 187 430 374 0.715896
000214 43 861 180 1241 374 0.249991
000214 45 1097 134 1241 258 0.709256
000214 46 949 126 1223 249 0.709256
000214 47 335 184 476 279 0.713388
000214 48 419 179 521 245 0.713388
000214 56 674 176 737 225 1.348918
000214 58 505 175 562 216 1.566125
000214 59 525 166 575 209 1.566125
000216 43 894 181 1241 374 0.231873
000216 47 309 187 462 291 0.723674
000216 48 404 181 512 250 0.723674
000216 56 670 176 735 227 1.290619
000216 58 496 176 555 218 1.526903
000216 59 516 168 567 212 1.526903
000216 66 617 146 665 196 1.964129
000216 41 0 189 367 374 0.249514
000216 43 938 183 1241 374 0.186112
000216 46 979 121 1241 265 0.619235
000216 47 279 191 449 304 0.650918
000216 48 387 182 502 255 0.650918
000216 50 849 168 953 220 1.175274
000216 51 814 167 902 214 1.175274
000216 52 795 173 886 215 1.170796
000216 56 669 177 737 230 1.190244
000216 58 489 178 551 221 1.243979
000216 59 512 167 564 213 1.487514
000216 61 713 169 780 199 1.940866
000216 66 613 148 661 198 1.522988
000217 47 247 188 437 310 0.66904
000217 48 372 183 495 261 0.764924
000217 50 853 168 960 222 1.099737
000217 51 817 167 908 216 1.15728
000217 52 799 171 891 214 1.226859
000217 53 778 168 868 208 1.226859
000217 56 668 179 738 234 1.224992
000217 58 482 179 546 224 0.956693
000217 59 507 167 561 213 1.447224
000218 46 1021 119 1241 276 0.594468
000218 47 212 187 425 320 0.678392
000218 48 357 183 490 265 0.766521
000218 49 960 156 1082 225 0.594468
000218 50 862 166 973 223 1.113603
000218 51 821 166 915 217 1.125713
000218 52 802 170 897 214 1.177752
000218 53 782 166 874 208 1.154452
000218 56 669 177 742 235 1.144665
000218 58 477 178 543 224 1.291104
000218 59 501 166 557 214 1.291104
000218 61 715 168 785 199 1.635682
000218 66 610 144 661 197 1.87171
000219 47 169 190 411 340 1.556563
000219 48 340 182 483 269 0.731269
000219 50 872 164 987 223 1.06506
000219 51 829 166 926 218 1.078206
000219 52 806 168 903 214 1.1494
000219 53 786 165 881 208 1.155973
000219 56 671 176 746 235 1.106167
000219 58 472 176 540 224 1.305773
000219 59 499 165 556 214 1.305773
000219 61 716 167 788 199 1.38777
000219 66 609 143 660 196 1.644184
000220 47 169 190 411 340 1.556563
000220 48 340 182 483 269 0.731269
000220 50 872 164 987 223 1.06506
000220 51 829 166 926 218 1.078206
000220 52 806 168 903 214 1.1494
000220 53 786 165 881 208 1.155973
000220 56 671 176 746 235 1.106167
000220 58 472 176 540 224 1.305773
000220 59 499 165 556 214 1.305773
000220 61 716 167 788 199 1.38777
000220 66 609 143 660 196 1.644184
000221 46 1081 118 1241 282 0.386714
000221 47 117 185 395 350 0.470714
000221 48 321 181 476 274 0.659496
000221 50 883 162 1001 223 1.014513
000221 51 837 165 937 219 1.051267
000221 52 813 168 913 215 1.063943
000221 53 791 163 888 207 1.063851
000221 56 673 174 750 236 1.026201
000221 58 466 174 537 223 1.153579
000221 59 496 164 555 215 1.153579
000221 61 717 166 790 198 1.248666
000221 66 608 142 661 196 1.816449
000221 46 1122 118 1241 285 0.354732
000221 47 50 189 376 374 0.449703
000221 48 300 183 469 283 0.654785
000221 50 895 162 1018 226 0.991653
000221 51 845 164 949 221 0.999376
000221 52 821 168 924 216 1.02079
000221 53 797 164 897 210 1.121505
000221 56 676 174 757 239 0.978017
000221 58 461 174 535 226 1.163102
000221 59 492 163 553 215 1.163102
000221 61 718 165 793 198 0.880423
000221 66 608 141 661 196 1.772429
000222 47 0 192 353 374 0.473053
000222 48 276 184 462 293 0.594916
000222 50 909 162 1036 230 0.980192
000222 51 854 163 961 223 0.971893
000222 52 829 167 936 217 0.978215
000222 53 803 165 906 212 0.975915
000222 56 679 174 765 242 1.226939
000222 58 456 175 532 229 1.16485
000222 59 489 164 552 217 1.16485
000222 61 722 165 798 199 1.334142
000222 66 608 141 663 197 1.751074
000223 48 248 185 454 303 0.531538
000223 50 924 162 1057 233 0.953754
000223 51 866 163 977 225 0.966423
000223 52 838 166 949 219 0.89191
000223 53 810 166 916 215 0.873141
000223 54 790 170 896 211 0.873141
000223 56 682 174 772 246 0.911845
000223 57 671 181 732 226 0.885795
000223 58 451 176 531 231 1.106286
000223 59 485 164 551 220 1.106286
000223 61 725 165 803 200 1.364061
000223 66 609 141 664 197 1.728291
000224 47 0 196 300 374 0.40142
000224 48 216 186 446 315 0.511948
000224 49 1081 146 1235 241 0.848694
000224 50 942 162 1080 237 0.893513
000224 51 879 163 995 228 0.944867
000224 52 848 166 962 220 0.951292
000224 53 818 165 928 216 0.950419
000224 54 795 170 904 212 0.950419
000224 56 687 174 783 249 0.871109
000224 57 673 181 737 228 0.911963
000224 58 445 176 529 234 1.100264
000224 59 483 164 551 221 1.100264
000224 61 728 165 809 200 1.424419
000224 66 610 140 666 198 1.708246
000226 47 0 198 264 374 0.317644
000226 48 177 187 436 330 0.481399
000226 49 1110 145 1241 246 0.790555
000226 50 961 161 1106 241 0.860628
000226 51 893 163 1014 231 0.901731
000226 52 858 165 977 221 0.913124
000226 56 691 174 794 253 0.780268
000226 57 677 181 743 230 0.764811
000226 58 440 177 527 237 1.050338
000226 59 480 164 550 223 1.050338
000226 61 732 165 814 201 0.751582
000226 66 611 141 668 200 1.620514
000226 48 130 188 425 348 0.547562
000226 49 1143 144 1241 251 0.758506
000226 50 983 161 1134 245 0.838657
000226 51 908 162 1035 234 0.884949
000226 52 870 164 993 223 0.935219
000226 53 836 164 953 218 1.139952
000226 54 806 170 921 214 1.14954
000226 56 696 174 806 258 0.765187
000226 57 680 181 750 231 0.805292
000226 58 433 177 525 240 1.013053
000226 59 477 164 550 225 1.013053
000226 61 735 165 820 202 1.343956
000226 66 611 141 669 201 1.580455
000227 48 73 189 412 370 0.496621
000227 50 1007 160 1165 250 0.793965
000227 51 925 162 1058 238 0.849111
000227 52 882 163 1010 225 0.913493
000227 53 846 163 967 219 0.903585
000227 54 815 169 935 215 1.29401
000227 56 702 173 819 263 0.707214
000227 57 684 180 758 233 0.765097
000227 58 426 178 523 244 0.990975
000227 59 474 164 550 227 0.974142
000227 61 739 164 826 202 0.671966
000227 66 613 139 672 201 1.592166
000228 48 0 190 397 374 0.397287
000228 50 1033 158 1201 255 0.76765
000228 51 944 160 1083 240 0.813136
000228 52 895 162 1029 227 0.860707
000228 53 856 162 982 221 0.915141
000228 54 826 169 949 216 1.018798
000228 56 708 173 834 269 0.672897
000228 57 689 181 766 236 0.81406
000228 58 419 177 521 246 0.993449
000228 59 471 164 549 229 0.993449
000228 61 744 162 833 201 1.246767
000228 66 615 138 675 200 1.520494
000229 48 0 192 379 374 0.38899
000229 50 1064 155 1241 260 0.699613
000229 51 964 157 1111 242 0.788333
000229 52 910 160 1049 229 0.806518
000229 53 867 161 999 222 0.965562
000229 54 837 168 964 218 1.059645
000229 56 715 173 852 275 0.623034
000229 57 694 181 775 239 0.783263
000229 58 411 177 519 250 0.928367
000229 59 466 163 549 231 0.928367
000229 61 748 161 840 201 1.015558
000229 64 526 176 571 212 1.542491
000229 65 526 176 589 198 1.665998
000229 66 616 136 677 200 1.499587
000230 48 0 194 357 374 0.396639
000230 50 1098 152 1241 265 0.669093
000230 51 988 154 1143 245 0.754978
000230 52 927 159 1072 231 0.931165
000230 53 879 159 1016 223 0.986307
000230 54 846 167 978 218 0.985118
000230 56 722 172 872 283 0.589703
000230 57 699 181 784 241 0.751237
000230 58 402 177 517 253 0.860012
000230 59 462 162 549 232 0.88852
000230 61 753 159 847 200 0.631423
000230 64 525 175 572 212 1.626169
000230 65 545 174 608 197 1.626169
000230 66 618 135 680 199 1.86273
000231 48 0 197 331 374 0.385575
000231 50 1139 150 1241 269 0.652347
000231 51 1014 151 1178 248 0.718112
000231 52 944 158 1097 234 0.918366
000231 53 892 158 1035 225 0.922574
000231 54 856 166 992 218 0.940346
000231 56 731 172 896 292 0.549788
000231 57 705 181 795 244 0.69361
000231 58 392 176 515 257 0.865675
000231 59 457 161 548 234 0.865675
000231 61 758 158 855 200 0.629996
000231 64 523 174 573 212 1.469696
000231 65 564 172 629 195 1.443686
000231 66 620 133 683 199 1.434687
000232 51 1043 147 1218 251 0.697495
000232 52 963 158 1123 238 0.765217
000232 53 907 156 1056 227 0.941829
000232 54 867 164 1008 219 0.940346
000232 55 838 159 949 206 0.980667
000232 56 740 172 924 302 0.546784
000232 57 712 180 807 248 0.69361
000232 58 381 176 513 261 0.864813
000232 59 451 160 548 236 0.865675
000232 61 763 156 863 200 0.629996
000232 63 503 177 562 226 1.126542
000232 64 522 174 573 213 1.591778
000232 65 589 172 655 196 1.434687
000232 66 621 132 685 199 1.425687
000233 48 0 205 260 374 0.307296
000233 51 1075 146 1241 258 0.708497
000233 52 985 157 1153 242 0.905419
000233 53 922 155 1079 229 0.940764
000233 54 877 164 1024 222 0.773748
000233 55 849 159 964 208 0.773748
000233 56 751 171 957 315 0.474965
000233 57 719 180 821 251 0.628641
000233 58 369 177 509 268 0.74158
000233 59 445 158 547 238 0.767542
000233 61 766 158 870 203 0.417131
000233 63 501 179 562 229 1.294093
000233 64 521 176 574 216 1.525585
000233 66 623 132 687 200 2.231539
000235 48 0 211 209 374 0.276591
000235 51 1111 145 1241 267 0.673183
000235 52 1009 156 1187 247 0.782567
000235 53 939 155 1102 233 0.540778
000235 54 888 165 1040 225 0.656289
000235 55 861 160 980 211 0.710719
000235 56 764 171 998 330 0.43113
000235 57 724 183 834 259 0.632352
000235 58 355 179 505 276 0.711878
000235 59 438 161 545 244 1.030743
000235 61 771 160 878 206 0.427662
000235 64 519 179 575 220 1.264019
000235 65 640 172 709 196 1.816911
000235 66 624 133 690 203 1.601095
000235 48 0 220 140 374 0.252283
000235 51 1153 146 1241 272 0.611095
000235 52 1036 155 1224 252 0.599477
000235 53 957 155 1128 237 0.384601
000235 54 900 166 1059 229 0.384601
000235 56 778 170 1050 350 0.391842
000235 57 730 186 849 268 0.715599
000235 58 339 181 501 284 0.558217
000235 59 430 163 543 251 0.954653
000235 61 776 163 887 210 0.390063
000235 63 494 182 560 236 1.22448
000235 64 516 181 574 223 1.441617
000235 65 667 172 737 197 1.658221
000235 66 625 135 692 206 1.414359
000236 51 1203 146 1241 278 0.575071
000236 52 1062 153 1241 257 0.575071
000236 53 977 155 1157 242 0.346515
000236 54 913 166 1079 232 0.346515
000236 56 790 171 1111 374 0.347783
000236 57 737 189 866 278 0.670516
000236 58 321 183 496 295 0.603121
000236 59 420 163 540 255 0.934178
000236 62 771 161 913 210 1.371563
000236 64 513 182 573 226 1.402868
000236 66 626 136 694 208 1.657642
000238 52 1093 150 1241 262 0.484055
000238 53 1000 155 1188 247 0.484055
000238 55 889 170 1022 228 0.32065
000238 56 806 173 1194 374 0.33134
000238 57 744 188 886 282 0.556403
000238 58 301 184 491 306 0.571667
000238 59 411 162 539 259 0.889746
000238 61 785 163 903 213 1.350919
000238 62 773 159 920 209 1.350919
000238 64 510 181 572 226 1.364177
000238 66 626 135 695 208 1.619084
000239 52 1168 146 1241 270 0.602754
000239 53 1044 153 1241 258 0.673409
000239 56 846 179 1241 374 0.448787
000239 57 757 186 930 296 0.47398
000239 58 240 183 476 328 0.508269
000239 59 385 158 530 266 0.560226
000239 61 793 159 919 212 1.260846
000239 62 778 156 933 208 1.243187
000239 64 502 178 570 225 1.312014
000239 66 626 132 698 209 1.290737
000241 56 874 181 1241 374 0.184204
000241 57 762 187 954 306 0.486232
000241 58 195 182 463 343 0.472457
000241 59 368 154 522 269 0.56422
000241 61 797 156 928 211 1.286442
000241 62 781 154 940 208 1.225255
000241 63 464 174 547 241 0.988531
000241 64 498 178 568 227 1.14824
000241 66 623 129 698 207 1.442773
000242 57 768 187 984 319 0.426782
000242 58 139 181 447 361 0.437023
000242 59 349 149 514 272 0.535587
000242 60 882 163 1011 220 1.173136
000242 61 801 153 937 210 1.198069
000242 62 783 152 948 208 1.198069
000242 63 452 172 541 242 0.958457
000242 64 490 173 561 224 1.004269
000242 66 619 126 698 205 1.540846
000243 54 1027 156 1241 253 0.83451
000243 55 943 159 1110 236 0.83451
000243 57 782 189 1065 354 0.419867
000243 58 0 181 407 374 0.374851
000243 59 303 139 494 280 0.48046
000243 61 801 152 946 212 1.134358
000243 62 782 150 956 209 1.156365
000243 63 424 170 526 247 0.766313
000243 64 473 167 546 222 1.004094
000243 66 608 122 694 203 1.447894
000244 54 1045 156 1241 260 0.78857
000244 55 952 159 1125 239 0.78857
000244 57 789 185 1117 369 0.396481
000244 58 0 182 380 374 0.407333
000244 59 271 140 481 292 0.439577
000244 61 801 151 951 213 1.107821
000244 62 780 149 960 210 1.158156
000244 63 408 168 517 250 0.93657
000244 64 463 168 538 226 1.150046
000244 66 601 121 690 204 1.309469
000245 54 1065 156 1241 267 0.828832
000245 55 960 158 1141 243 0.826356
000245 57 797 181 1183 374 0.617122
000245 58 0 184 348 374 0.366977
000245 59 234 141 466 307 0.451443
000246 60 901 160 1048 228 1.157218
000246 61 801 153 956 218 1.103902
000246 62 779 148 964 211 1.148603
000246 63 389 170 507 256 0.73051
000246 64 451 173 530 232 1.015295
000246 66 592 122 685 207 1.307177
000246 54 1088 157 1241 276 0.907019
000246 55 971 157 1160 247 0.755129
000246 57 808 187 1241 374 0.357001
000246 58 0 186 308 374 0.348428
000246 59 188 142 450 325 0.490558
000246 61 801 155 962 222 1.061167
000246 62 777 154 969 219 1.095648
000246 63 367 172 496 263 0.687323
000246 64 437 177 521 239 0.983464
000246 66 585 127 680 213 1.28522
000247 54 1113 158 1241 283 0.645202
000247 55 982 157 1180 251 0.705565
000247 57 823 195 1241 374 0.329959
000247 58 0 189 260 374 0.320997
000247 59 138 144 433 346 0.393319
000247 61 801 155 969 225 1.040034
000247 62 776 155 974 222 1.075626
000247 63 343 174 484 272 0.755076
000247 64 423 182 512 246 0.864638
000247 66 579 127 679 214 1.413684
000248 55 999 159 1205 259 0.734522
000248 57 840 205 1241 374 0.247494
000248 58 0 193 202 374 0.287566
000248 59 71 141 413 369 0.472138
000248 61 802 156 976 228 0.972062
000248 62 775 155 980 225 0.989432
000248 63 321 177 471 281 0.685703
000248 64 407 182 502 250 0.906328
000248 66 572 126 678 215 1.389774
000249 55 1018 161 1233 269 0.705205
000249 58 0 197 129 374 0.255888
000249 59 0 137 392 374 0.470228
000249 61 802 156 984 232 0.940123
000249 62 775 153 987 226 0.973601
000249 63 296 180 457 292 0.644832
000249 64 391 182 492 254 0.817211
000249 66 566 126 676 217 1.35354
000250 55 1039 164 1241 279 0.670207
000250 59 0 132 368 374 1.904025
000250 61 805 157 995 236 0.893745
000250 62 776 152 996 226 0.912267
000250 63 267 183 440 305 0.715136
000250 64 376 182 483 256 0.853527
000250 66 559 126 675 218 1.383636
000251 55 1039 164 1241 279 0.670207
000251 59 0 132 368 374 1.904025
000251 61 805 157 995 236 0.893745
000251 62 776 152 996 226 0.912267
000251 63 267 183 440 305 0.715136
000251 64 376 182 483 256 0.853527
000251 66 559 126 675 218 1.383636
000252 55 1063 164 1241 289 0.626628
000252 57 934 216 1241 374 0.957213
000252 59 0 125 340 374 0.383345
000252 60 956 169 1145 261 1.152496
000252 61 808 157 1007 240 0.857251
000252 62 776 150 1004 227 0.892993
000252 63 234 183 427 316 0.624212
000252 64 358 181 472 258 0.797764
000252 66 553 126 673 219 1.320414
000253 55 1128 165 1241 304 0.538961
000253 59 0 123 275 374 2.924608
000253 61 821 156 1040 247 0.81878
000253 62 784 150 1032 235 0.846408
000253 63 149 186 395 345 0.527299
000253 64 324 183 453 271 0.713727
000253 66 543 125 675 221 1.344199
000254 60 1007 172 1226 284 0.552637
000254 61 828 155 1060 251 0.734996
000254 62 788 151 1047 239 0.754889
000254 63 98 187 379 364 0.59381
000254 64 305 185 441 278 0.65447
000254 66 540 124 678 222 1.306872
000255 60 1035 173 1241 294 0.565924
000255 61 836 154 1081 255 0.713523
000255 62 793 151 1064 243 0.724843
000255 63 35 188 361 374 0.562689
000255 64 286 185 433 283 0.61657
000255 66 537 124 681 223 1.271943
000256 60 1062 174 1241 304 0.544569
000256 61 845 154 1105 260 0.669866
000256 62 798 152 1082 248 0.688392
000256 63 0 188 344 374 0.528023
000256 64 265 185 425 289 0.649776
000256 66 534 123 685 224 1.316435
000257 60 1096 175 1241 315 0.524787
000257 61 857 152 1135 266 0.642023
000257 62 806 151 1105 252 0.661719
000257 63 0 188 323 374 0.483432
000257 64 241 185 416 296 0.748501
000257 66 532 121 691 224 1.282665
000258 60 1136 177 1241 323 0.538437
000258 61 870 151 1168 272 0.617411
000258 62 814 150 1130 256 0.632541
000258 63 0 188 300 374 0.451774
000258 64 214 185 405 304 0.709442
000258 66 531 119 698 223 1.248923
000259 61 886 150 1206 279 0.588355
000259 62 824 148 1158 261 0.612465
000259 63 0 189 272 374 0.431086
000259 64 183 185 394 313 0.666158
000259 66 530 117 704 223 1.261964
000260 61 903 148 1241 288 0.562059
000260 62 834 147 1189 266 0.581616
000260 63 0 189 240 374 0.401418
000260 64 150 185 382 323 0.562739
000260 66 529 115 711 223 1.246264
000261 61 922 147 1241 297 0.531797
000261 62 846 146 1224 272 0.555573
000261 64 111 184 369 334 0.581029
000261 66 528 113 718 222 1.220649
000262 61 944 145 1241 308 0.508139
000262 62 858 144 1241 279 0.531174
000262 63 0 190 164 374 0.329918
000262 64 65 184 355 348 0.542981
000262 66 529 111 726 222 1.464408
000263 61 970 143 1241 320 0.469748
000263 62 873 143 1241 286 0.514956
000263 64 10 184 339 364 0.556334
000263 66 531 111 736 223 1.538515
000265 61 1000 141 1241 336 0.435137
000265 62 889 141 1241 295 0.478855
000265 64 0 184 322 374 0.469552
000265 66 535 109 746 223 1.349419
000266 61 1034 138 1241 354 0.408784
000266 62 907 139 1241 305 0.447029
000266 64 0 185 306 374 0.433704
000266 66 539 107 758 223 1.645143
000266 61 1076 134 1241 374 0.412194
000266 62 928 136 1241 317 0.459051
000266 64 0 186 287 374 0.410525
000266 66 545 108 771 225 1.064182
000268 61 1126 135 1241 374 0.431754
000268 62 953 133 1241 330 0.438097
000268 64 0 187 265 374 0.375351
000268 66 551 104 785 222 1.367195
000269 62 983 129 1241 346 0.426117
000269 64 0 188 237 374 0.441206
000269 66 557 101 800 221 1.240786
000270 62 1017 123 1241 365 0.388013
000270 64 0 190 203 374 0.367619
000270 66 565 100 815 221 0.72654
000271 62 1059 116 1241 374 0.378883
000271 64 0 190 171 374 0.560047
000271 66 574 98 832 220 0.89343
000272 62 1109 116 1241 374 0.358836
000272 64 0 190 127 374 0.351386
000272 66 584 97 850 220 1.321363
000273 66 607 97 890 224 1.294453
000274 66 620 98 911 226 1.40575
000275 66 633 98 933 228 1.438442
000276 66 648 97 957 228 1.60185
000277 66 664 95 982 229 1.026368
000278 66 680 93 1008 229 0.739472
000279 66 696 92 1035 229 0.708497
000280 66 715 86 1064 226 0.687393
000281 66 733 89 1094 230 0.491778
000283 66 775 83 1161 229 0.44309
000284 66 797 82 1197 231 0.489096
000285 66 821 81 1236 233 0.513004
000286 66 847 83 1241 238 0.77814
000287 66 871 69 1241 227 0.509702
000288 66 899 68 1241 230 0.485512
000290 66 960 72 1241 242 0.742002
000291 66 991 59 1241 233 0.425608
000292 66 991 59 1241 233 0.425608
000293 66 1054 65 1241 248 0.394229
000330 66 1030 121 1161 227 0.890012
000331 66 1000 122 1120 224 0.860242
000332 66 970 121 1083 220 1.000391
000333 66 946 123 1050 220 0.962562
000334 66 920 124 1021 220 0.996357
000335 66 900 128 996 221 0.989
000336 66 879 130 971 222 0.975919
000337 66 858 132 946 221 1.028592
000338 66 835 133 918 222 1.029432
000339 66 810 134 890 221 1.448583
000341 66 781 134 859 220 1.323514
000341 67 0 182 209 268 0.8082
000341 66 755 135 829 219 1.223268
000342 66 729 135 801 218 1.281743
000343 66 704 136 773 218 1.380222
000344 66 681 134 748 216 1.515556
000345 66 657 133 724 214 1.654127
000346 66 634 132 701 212 1.544795
000348 66 615 132 681 212 1.273989
000348 66 599 133 664 212 1.338965
000349 66 588 136 653 215 1.386807
000350 66 578 140 642 218 1.364375
000351 66 573 140 638 219 3.537142
000352 66 569 141 633 219 1.600922
000353 66 565 142 629 220 1.502568
000354 66 565 141 629 219 1.49953
000355 66 565 141 629 219 1.474038
000356 66 565 140 629 218 0.923585
000357 66 565 140 629 218 2.041416
000359 66 565 139 629 216 1.429025
000361 66 566 137 629 214 2.026042
000362 66 566 137 629 214 2.026042
000379 68 426 181 454 198 1.607759
000380 68 421 184 450 202 1.523123
000381 68 414 187 445 206 1.533213
000382 68 408 187 440 206 1.528
000383 68 400 187 435 207 2.061531
000384 68 393 186 429 208 1.404848
000385 68 384 189 422 211 1.320067
000386 68 374 189 415 212 1.265148
000387 69 407 183 440 205 1.525328
000388 68 351 189 399 215 1.112344
000389 68 338 189 389 216 1.04152
000390 68 338 189 389 216 1.04152
000391 68 322 189 378 218 0.972558
000392 69 376 181 416 206 1.55025
000393 68 283 190 350 224 0.897513
000393 69 366 180 409 207 1.51926
000393 68 259 191 333 227 0.817329
000393 69 354 182 400 210 1.23623
000394 68 230 193 313 233 0.764246
000394 69 340 183 389 213 1.112297
000395 68 196 196 289 239 0.754795
000395 69 325 184 378 216 1.057599
000396 68 155 199 262 247 0.710895
000396 69 309 186 366 220 1.02189
000397 68 105 203 230 257 0.655417
000397 69 289 187 352 223 0.966697
000398 68 43 207 191 269 0.581665
000399 68 0 210 143 280 0.572079
000400 68 0 212 83 285 0.536855
000402 69 174 188 272 236 0.740792
000456 70 379 189 415 208 1.872552
000457 70 369 189 407 210 1.80614
000458 70 357 190 398 212 1.738621
000459 70 344 191 389 214 1.615038
000463 70 289 192 348 220 4.0909
000603 66 596 147 641 202 1.585164
000605 66 598 146 644 201 2.153481
000607 66 598 146 644 201 1.968044
000607 66 598 145 645 201 2.295591
000608 66 598 145 645 201 2.131867
000609 66 598 143 645 199 2.316719
000610 66 597 141 646 198 2.23824
000611 66 597 140 646 197 1.877589
000612 66 597 141 647 198 1.827922
000613 66 597 142 647 200 2.191684
000613 71 427 177 454 192 3.789172
000614 66 597 142 648 201 1.934804
000614 71 422 177 450 193 3.741829
000615 66 597 142 648 201 2.090126
000615 71 416 177 445 193 3.540511
000616 66 597 141 649 200 2.014051
000616 71 411 177 440 194 3.466717
000617 66 597 140 649 200 2.404365
000617 71 405 177 435 194 3.571048
000618 66 597 139 650 200 2.328298
000619 66 597 139 651 200 2.106014
000619 71 393 177 425 195 3.492364
000620 66 597 138 652 199 2.031525
000620 71 387 177 421 195 3.420881
000621 66 598 137 653 199 1.883594
000621 71 381 176 416 195 3.268006
000622 66 598 137 654 199 1.810843
000622 71 375 176 410 196 3.198647
000623 71 368 178 405 198 3.054361
000624 71 362 180 400 200 2.950268
000626 71 349 180 389 202 2.804416
000627 71 341 179 383 201 2.737692
000627 72 367 181 407 199 2.995833
000628 71 333 178 377 201 2.687575
000628 72 361 180 402 199 2.911753
000629 71 325 178 371 202 2.626074
000629 72 354 180 396 199 2.845091
000630 66 609 137 675 203 1.144461
000630 71 317 179 364 203 2.550422
000630 72 347 180 391 199 2.782155
000631 71 308 179 357 203 2.486574
000631 72 339 180 385 200 2.708831
000632 66 613 136 680 203 0.913979
000632 71 298 179 350 204 2.519862
000632 72 332 180 379 200 2.647702
000632 73 373 177 412 195 2.836699
000633 66 616 136 683 204 0.980977
000633 71 288 179 342 205 2.377171
000633 72 323 180 372 201 2.582735
000633 73 367 177 407 196 2.771041
000634 71 278 179 334 206 2.366528
000634 72 315 180 366 201 2.567044
000634 73 360 177 402 196 2.76207
000635 66 621 134 686 202 0.900537
000635 71 266 179 324 207 2.242985
000635 72 305 180 358 202 2.557384
000635 73 352 177 396 197 2.673453
000636 66 623 133 688 202 0.714728
000636 71 254 179 315 208 2.251949
000636 72 296 179 351 203 2.387621
000636 73 343 177 390 197 2.603136
000637 66 626 132 690 201 1.143326
000637 71 240 179 304 209 2.2217
000637 72 285 179 343 203 2.359777
000637 73 334 177 384 198 2.543875
000638 66 628 131 692 200 0.791328
000638 71 226 179 293 210 2.105285
000638 72 274 179 334 204 2.236279
000638 73 324 177 377 199 2.479802
000639 66 629 131 693 201 1.14693
000639 71 210 178 280 211 2.016104
000639 72 263 179 325 205 2.149525
000639 73 315 178 370 200 2.470656
000640 66 631 131 693 201 0.75429
000640 71 192 178 267 212 1.979686
000640 72 250 179 316 206 2.093352
000640 73 306 178 362 201 2.421043
000641 66 631 131 693 201 0.75429
000641 71 192 178 267 212 1.979686
000641 72 250 179 316 206 2.093352
000641 73 306 178 362 201 2.421043
000642 66 633 132 694 203 1.267123
000642 71 153 180 236 216 1.879103
000642 72 220 181 293 209 1.994853
000642 73 286 180 344 204 2.368013
000643 71 130 181 219 219 1.851762
000643 72 203 181 280 211 1.925418
000643 73 275 181 334 205 2.302168
000644 66 635 136 694 207 1.426854
000644 71 107 182 202 222 1.781975
000644 72 184 183 266 214 1.85447
000644 73 263 181 324 207 2.255041
000645 66 635 136 694 207 1.426854
000645 71 107 182 202 222 1.781975
000645 72 184 183 266 214 1.85447
000645 73 263 181 324 207 2.255041
000646 66 634 135 694 207 0.883424
000646 71 52 184 162 228 1.698932
000646 72 143 185 235 218 1.756626
000646 73 234 183 299 211 2.133785
000646 74 289 181 335 205 2.323238
000647 66 634 135 694 207 0.715287
000647 71 21 183 139 229 1.654758
000647 72 119 184 217 219 1.774552
000647 73 217 182 286 211 2.111901
000647 74 276 180 324 205 2.293031
000648 66 634 135 694 207 0.715287
000648 71 21 183 139 229 1.654758
000648 72 119 184 217 219 1.774552
000648 73 217 182 286 211 2.111901
000648 74 276 180 324 205 2.293031
000649 66 633 131 693 203 0.698171
000649 71 0 183 114 231 1.637308
000649 72 95 183 199 220 1.637308
000649 73 199 181 272 211 2.047466
000650 66 632 127 693 200 0.576847
000650 71 0 184 85 234 1.58736
000650 72 67 185 179 223 1.58736
000650 73 180 180 257 211 2.026996
000651 66 627 128 688 202 0.649974
000651 72 1 188 132 231 1.615292
000651 73 137 183 224 216 1.90814
000651 74 213 182 271 210 2.163708
000652 72 0 190 105 235 1.630418
000652 73 113 184 206 219 1.834874
000652 74 194 184 256 213 2.089915
000653 66 622 129 683 203 0.77673
000653 72 0 192 76 238 1.644459
000653 73 87 185 186 222 1.790181
000653 74 175 184 240 215 2.021721
000653 78 336 180 369 198 2.914719
000654 66 618 130 679 204 1.125429
000654 73 58 187 164 225 1.740436
000654 74 153 185 222 217 1.972337
000654 78 325 180 360 199 2.857594
000655 73 26 187 141 228 1.713123
000655 74 130 186 204 219 1.922516
000655 78 314 181 349 200 2.801734
000656 73 0 188 115 231 1.68235
000656 74 105 187 184 222 1.866415
000656 77 273 181 316 205 2.584619
000656 78 302 181 339 201 2.747636
000657 74 76 187 161 223 1.795064
000657 77 259 182 303 207 2.6918
000657 78 289 182 327 202 2.6918
000658 66 600 131 662 206 2.762613
000658 74 45 186 136 225 1.785367
000658 75 131 186 204 217 1.754823
000658 77 244 181 290 206 2.495482
000658 78 275 182 315 203 2.599875
000659 75 104 186 182 218 1.706399
000659 77 225 180 273 206 2.546505
000659 78 259 182 300 203 2.546505
000660 66 585 128 648 204 2.072825
000660 74 0 186 80 227 1.75061
000660 75 74 186 158 219 1.892006
000660 76 141 184 215 212 2.033401
000660 77 205 179 256 206 2.497267
000660 78 242 182 285 204 2.517248
000661 66 577 126 641 203 3.005221
000661 74 0 188 48 230 1.704521
000661 75 40 187 131 222 1.880126
000661 76 114 186 193 215 1.967928
000661 77 183 181 237 209 2.445451
000661 78 224 182 269 205 2.48306
000662 66 577 126 641 203 3.005221
000662 74 0 188 48 230 1.704521
000662 75 40 187 131 222 1.880126
000662 77 160 182 217 211 1.967928
000662 78 204 184 252 207 2.48306
000663 66 561 129 625 207 3.402142
000663 75 0 191 71 230 1.87916
000663 76 54 189 145 222 1.87916
000663 77 135 184 196 214 2.337697
000663 78 183 186 234 210 2.360927
000664 66 552 130 617 209 3.34263
000664 75 0 193 36 231 1.832523
000664 76 19 191 118 225 1.832523
000664 77 108 186 174 217 2.262874
000664 78 161 188 214 213 2.303381
000664 80 205 186 258 211 2.480148
000666 66 543 131 609 210 3.283885
000666 76 0 193 88 229 1.936914
000666 77 78 188 149 221 2.235677
000666 78 136 187 193 214 2.336829
000666 80 187 186 243 212 2.471699
000667 77 49 187 124 222 2.157532
000667 78 110 187 170 215 2.252403
000667 80 167 186 228 214 2.498237
000667 77 16 186 96 223 2.099409
000667 78 84 189 149 218 2.309273
000668 77 0 189 72 227 2.073027
000668 78 62 191 130 221 2.073027
000668 80 125 187 195 216 2.35482
000669 78 40 193 113 224 2.105754
000669 80 102 187 176 217 2.293946
000670 66 514 133 582 215 1.186733
000670 80 92 188 170 219 2.259423
000671 66 513 133 581 215 1.213645
000671 80 83 190 163 222 2.247966
000672 66 513 133 581 215 0.986407
000672 80 73 191 156 224 2.158442
000673 66 512 132 580 215 1.041472
000673 80 62 192 149 226 2.223595
000673 82 178 189 231 212 2.700451
000674 66 517 132 586 215 1.69606
000674 80 51 194 142 229 2.082672
000675 66 523 131 592 215 1.634622
000675 80 45 193 138 229 2.09569
000676 66 528 130 598 214 1.315153
000676 80 38 192 134 229 2.183246
000677 66 534 130 604 214 1.918394
000677 80 31 192 130 229 2.226221
000678 66 539 129 610 214 1.315498
000678 80 23 191 126 230 2.029884
000678 81 123 192 193 221 2.268705
000679 66 544 129 614 214 2.190044
000679 80 16 190 122 230 1.987931
000679 81 120 190 193 219 2.29177
000680 66 548 129 619 214 1.854294
000680 81 115 189 190 219 2.226179
000681 66 553 129 624 215 1.295168
000681 81 109 189 187 220 2.182427
000682 66 558 129 629 215 1.723643
000682 81 99 190 180 222 2.102262
000683 66 562 128 634 215 1.904373
000683 81 89 191 173 224 2.092524
000684 66 564 128 636 215 2.604111
000684 81 79 192 165 226 2.052042
000685 66 565 127 638 215 1.527976
000685 81 64 193 154 228 2.009368
000686 66 567 126 640 215 1.017692
000686 81 48 193 142 229 1.940441
000687 66 569 125 642 214 2.445583
000687 81 31 193 129 230 1.899584
000688 66 570 124 644 214 0.893439
000688 81 13 193 116 232 1.841256
000689 66 570 124 645 215 1.676318
000690 66 570 124 645 216 1.625044
000691 66 570 124 646 216 1.734106
000692 66 569 124 647 217 1.847618
000692 83 120 188 197 223 2.805566
000693 66 569 124 647 218 1.79666
000693 83 105 188 185 224 2.76318
000694 66 568 122 647 218 1.245254
000694 83 88 188 173 225 2.523124
000695 66 567 121 647 218 1.595131
000695 85 195 188 254 215 2.361247
000696 66 567 121 647 218 1.595131
000696 85 195 188 254 215 2.361247
000697 66 565 118 647 217 0.901262
000699 66 564 116 647 217 2.151346
000700 66 564 115 648 217 2.220948
000701 66 562 113 648 216 1.965666
000702 66 560 110 648 216 2.442489
000703 66 559 108 648 215 2.899873
000704 66 559 107 649 216 2.550755
000705 66 559 106 649 216 2.852718
000706 66 559 105 650 216 2.809303
000708 66 558 104 651 217 3.776066
000708 85 38 191 130 228 2.005018
000709 66 558 103 652 217 3.215528
000709 85 25 191 120 229 1.954749
000710 66 558 102 653 217 3.175619
000711 66 558 100 655 218 3.201529
000712 66 557 99 656 218 3.961318
000712 79 550 150 608 184 3.700747
000713 66 557 98 657 219 3.322954
000713 79 545 149 603 184 2.646797
000714 66 557 98 658 220 3.662366
000714 79 538 149 597 184 3.10515
000715 66 557 98 658 220 3.662366
000715 79 538 149 597 184 3.10515
000716 66 557 98 660 223 3.81257
000716 79 528 151 588 187 4.043466
000717 66 557 98 661 224 3.309225
000717 79 522 152 583 188 3.55014
000718 66 558 99 662 225 3.492286
000718 79 516 152 577 189 3.981634
000719 66 558 99 663 227 3.62009
000720 66 558 99 664 228 3.52391
000721 66 558 99 665 230 3.562965
000721 79 495 154 558 192 5.566427
000722 66 558 100 666 231 3.601592
000723 66 558 100 668 233 3.562622
000724 66 556 99 667 233 3.534339
000725 66 555 99 667 234 3.49759
000726 66 553 98 666 235 3.217698
000726 79 453 155 521 195 3.824244
000727 66 551 97 666 236 3.189306
000727 79 444 154 512 195 3.923414
000728 66 550 97 665 237 3.178502
000728 79 434 154 504 196 3.848945
000729 66 548 96 665 237 3.201186
000729 79 424 154 495 196 3.861893
000730 66 546 94 664 237 3.205981
000730 79 414 154 486 197 3.836225
000731 66 543 91 664 237 3.18186
000732 66 541 89 664 237 3.125375
000733 66 539 86 663 237 3.089669
000734 66 539 86 663 237 3.089669
000735 66 537 85 663 238 2.901945
000736 66 534 83 663 240 2.731389
000736 79 345 154 424 200 0.539872
000737 66 532 82 663 241 2.773481
000737 79 334 155 414 201 0.554715
000738 66 530 81 663 242 2.774985
000739 66 528 80 663 243 2.549279
000740 66 526 79 662 244 2.551908
000740 79 296 156 380 204 3.513929
000741 66 524 78 662 245 2.499201
000741 79 283 156 369 205 3.495044
000742 66 522 77 662 246 2.331111
000742 79 271 157 358 207 2.813374
000743 66 520 76 662 247 2.291696
000744 66 520 75 662 248 2.200513
000744 79 244 158 335 209 1.942485
000745 66 519 75 662 249 2.135501
000745 79 231 159 323 210 1.055328
000746 66 519 75 662 249 2.135501
000746 79 231 159 323 210 1.055328
000747 66 519 75 663 250 2.181075
000747 79 203 160 298 213 1.732996
000748 66 518 74 663 250 2.041372
000748 79 189 160 286 214 0.837165
000749 66 518 74 663 250 2.041372
000749 79 189 160 286 214 0.837165
000750 66 518 74 664 251 2.114611
000750 79 160 162 262 217 1.726979
000752 66 517 74 664 252 2.054888
000752 79 146 162 250 217 1.885688
000753 66 517 73 665 253 1.991256
000753 79 116 163 225 219 2.766256
000754 66 517 73 665 253 1.991256
000754 79 116 163 225 219 2.766256
000755 66 516 73 665 253 1.957177
000755 79 100 163 212 220 0.924783
000757 66 516 72 666 255 1.954111
000757 79 69 165 185 223 0.293391
000758 66 515 72 667 255 1.965124
000758 79 53 166 172 225 0.642592
000759 66 515 72 667 256 1.98757
000759 79 36 167 158 226 0.277882
000760 66 514 70 668 257 1.948632
000760 79 3 170 130 230 1.504307
000761 66 514 70 668 257 1.948632
000761 79 3 170 130 230 1.504307
000762 66 513 68 670 258 1.891325
000762 79 0 169 102 230 0.264439
000763 66 513 68 671 259 1.912916
000763 79 0 168 87 230 0.257735
000764 66 512 67 672 260 1.88974
000766 66 512 66 673 260 1.867802
000767 66 512 65 674 261 1.811519
000768 66 511 64 675 262 1.855323
000769 66 511 63 675 263 1.817116
000770 66 510 62 676 263 1.810256
000771 66 509 60 678 265 1.758784
000772 66 509 59 679 266 1.72652
000773 66 508 58 680 267 1.717752
000774 66 507 57 682 268 1.634476
000775 66 506 55 683 269 1.632863
000776 66 505 54 684 270 1.609445
000778 66 504 52 686 272 1.587675
000778 66 503 51 687 273 1.475278
000779 66 502 49 688 275 1.473083
000780 66 501 47 690 276 1.338826
000781 66 500 46 691 278 1.342979
000783 66 499 44 693 279 1.184644
000784 66 497 42 694 281 1.170944
000785 66 496 40 696 283 1.261555
000786 66 495 38 698 284 1.047925
000787 66 492 34 701 288 0.977935
000788 66 492 34 701 288 0.977935
000789 66 490 32 703 290 0.85595
000790 66 490 32 704 290 0.838636
000791 66 490 31 705 291 0.821539
000792 66 490 31 705 291 0.821539
000793 66 490 30 706 292 0.745796
000794 66 490 30 707 293 0.755334
000795 66 489 29 707 293 0.74997
000797 66 491 30 707 292 0.764596
000798 66 492 32 706 291 0.79083
000799 66 495 34 705 289 0.916896
000800 66 496 35 705 288 1.025994
000801 66 497 36 704 288 1.053278
000802 66 498 38 704 287 1.056226
