0.413284 0.009385775 0.005406879 0.868161261 -0.001317154 0.000476792 0.001697609 0.999997556
0.516545 0.011111226 0.013314396 1.739646792 -0.002299418 0.000432892 0.003199900 0.999992132
0.619793 0.011518992 0.016654162 2.617946148 -0.002766659 -0.000444121 0.004118462 0.999987602
0.723047 0.011030404 0.026742611 3.494132280 -0.002372873 -0.001905105 0.005528435 0.999980092
0.826194 0.000405096 0.034300335 4.374721527 -0.001793379 -0.004180376 0.006605397 0.999967813
0.929446 -0.019202989 0.041221462 5.263525009 -0.001910524 -0.007436124 0.007941191 0.999938965
1.032570 -0.043474525 0.052982304 6.161005020 -0.002542545 -0.011690176 0.008994044 0.999888003
1.135827 -0.086808711 0.064577430 7.090241432 -0.003820556 -0.016266746 0.009559884 0.999814689
1.238967 -0.122694880 0.066495642 7.970676899 -0.005040911 -0.021949278 0.010641360 0.999689758
1.342096 -0.195089966 0.082762279 8.901470184 -0.005629461 -0.027395086 0.009758138 0.999561191
1.445346 -0.261648923 0.086516693 9.781204224 -0.005648479 -0.033189688 0.008986723 0.999392688
1.548474 -0.355359018 0.096122608 10.723739624 -0.004692447 -0.038433202 0.008901957 0.999210477
1.651731 -0.435790718 0.108239062 11.612380981 -0.004360812 -0.043697823 0.009178644 0.998993099
1.754987 -0.526258111 0.124285772 12.574279785 -0.004107104 -0.048607960 0.010159157 0.998757839
1.858243 -0.637929857 0.140259296 13.457823753 -0.003532763 -0.053169034 0.009016370 0.998538554
1.961504 -0.771028936 0.142319232 14.426781654 -0.003479621 -0.057510000 0.008185297 0.998305321
2.064768 -0.883471727 0.147421360 15.335028648 -0.002356719 -0.061578456 0.008944801 0.998059392
2.168023 -0.999655128 0.159728497 16.194620132 -0.002172684 -0.065613605 0.010558578 0.997786880
2.271280 -1.148898959 0.158185095 17.157373428 -0.003200855 -0.068753518 0.010375298 0.997574568
2.374662 -1.295408249 0.167637259 18.092483521 -0.003759417 -0.071247108 0.008780055 0.997412980
2.478046 -1.420454383 0.169103682 18.935281754 -0.004911596 -0.073599800 0.008079442 0.997243047
2.581420 -1.570869803 0.182738021 19.852552414 -0.004901236 -0.075326547 0.008156801 0.997113466
2.684673 -1.727627277 0.194108516 20.789966583 -0.005740823 -0.076701492 0.008847150 0.996998310
2.788058 -1.847313762 0.202622294 21.630657196 -0.006940589 -0.078685001 0.008937675 0.996835291
2.891446 -2.003787041 0.211135000 22.556417465 -0.007812594 -0.079492219 0.008776760 0.996766269
2.994828 -2.166586399 0.224340558 23.477005005 -0.007976138 -0.079986274 0.008457890 0.996728182
3.098084 -2.298696041 0.230155766 24.296875000 -0.007423404 -0.080148354 0.007788561 0.996724844
3.201468 -2.454576015 0.246604845 25.197977066 -0.005824598 -0.079375058 0.007579855 0.996798992
3.304848 -2.580202579 0.251504004 26.027019501 -0.004917932 -0.078459606 0.007623977 0.996876001
3.408231 -2.706597090 0.261960626 26.914630890 -0.004849413 -0.076716125 0.008167559 0.997007728
3.511628 -2.863757610 0.263428032 27.817562103 -0.006005419 -0.074204847 0.007911719 0.997193575
3.615029 -2.968561649 0.283134401 28.647106171 -0.006412635 -0.072350889 0.009186914 0.997316301
3.718367 -3.090694904 0.286944836 29.536659241 -0.006391699 -0.070861340 0.009263043 0.997422695
3.821748 -3.224006176 0.293947399 30.412105560 -0.005213961 -0.068760365 0.010485184 0.997564435
3.925145 -3.321593285 0.304245412 31.222122192 -0.003109393 -0.067610562 0.010593626 0.997650683
4.028528 -3.444807053 0.313286960 32.105316162 -0.002285453 -0.066145189 0.010779992 0.997749150
4.131906 -3.552515507 0.324711293 32.965797424 -0.001764049 -0.064687558 0.009683996 0.997857034
4.235163 -3.691858292 0.316249371 33.849658966 -0.002602669 -0.063042521 0.009634965 0.997960985
4.338544 -3.770248652 0.327419549 34.611221313 -0.003076277 -0.062489998 0.008450465 0.998005033
4.441803 -3.868563414 0.323825210 35.434192657 -0.003071809 -0.061016779 0.007427254 0.998104393
4.545172 -4.007268429 0.320409119 36.304237366 -0.002956503 -0.059731409 0.005821324 0.998193145
4.648437 -4.116690636 0.331424057 37.177345276 -0.002856734 -0.058575004 0.005681906 0.998262763
4.751816 -4.198837757 0.344132662 37.942424774 -0.002963657 -0.058014903 0.005265860 0.998297453
4.855089 -4.298470020 0.357630789 38.774120331 -0.002853810 -0.056968879 0.005400964 0.998357236
4.958338 -4.387543201 0.356929123 39.598327637 -0.002535436 -0.056516062 0.005564691 0.998382986
5.061591 -4.484353065 0.366192639 40.426616669 -0.002143143 -0.056641366 0.006684820 0.998369932
5.164849 -4.564250469 0.370712370 41.264827728 -0.001929385 -0.057463199 0.007767736 0.998315573
5.268110 -4.683696270 0.372160673 42.111518860 -0.002212608 -0.058233395 0.007736440 0.998270571
5.371242 -4.788577080 0.379267097 42.928337097 -0.002748664 -0.059521813 0.007335941 0.998196244
5.474495 -4.896003723 0.391818941 43.755485535 -0.003530907 -0.060483515 0.007014010 0.998138309
5.577738 -5.025161266 0.394802183 44.623367310 -0.005469021 -0.061323933 0.005829922 0.998085916
5.681034 -5.127551079 0.388965994 45.442317963 -0.006836280 -0.062282886 0.005283171 0.998021126
5.784141 -5.217411041 0.416327834 46.250068665 -0.007194992 -0.063731477 0.005160518 0.997927785
5.887397 -5.319246769 0.424118429 47.065189362 -0.006773780 -0.064984344 0.004886616 0.997851312
5.990642 -5.431505680 0.440555364 47.879215240 -0.005289140 -0.066029884 0.005155163 0.997790337
6.093785 -5.535256386 0.459503651 48.683872223 -0.003617682 -0.067203708 0.006092688 0.997714162
6.197042 -5.642035484 0.470731735 49.489021301 -0.003115994 -0.068281531 0.007027123 0.997636497
6.300298 -5.751111984 0.480717719 50.273265839 -0.002699804 -0.069210395 0.007939471 0.997566819
6.403556 -5.878537178 0.490819931 51.109916687 -0.002101930 -0.070469119 0.008747899 0.997473419
6.506813 -6.007553577 0.491809309 51.919864655 -0.001166468 -0.071878269 0.009372689 0.997368693
6.610060 -6.117466450 0.470918447 52.704807281 -0.000528005 -0.073755234 0.010148996 0.997224569
6.713325 -6.240205765 0.505742729 53.555233002 0.000110105 -0.075513028 0.010499975 0.997089505
6.816582 -6.379220009 0.503464460 54.404281616 -0.000869163 -0.077153429 0.010365029 0.996964991
6.919835 -6.518148422 0.521685600 55.224540710 -0.001851767 -0.078699350 0.008758779 0.996858180
7.023086 -6.666623116 0.536804914 56.119350433 -0.002949435 -0.080291174 0.007515839 0.996738732
7.126356 -6.787140846 0.559268713 56.990207672 -0.004280185 -0.082017332 0.007391137 0.996594310
7.229609 -6.971549511 0.527039170 57.790897369 -0.004696886 -0.083389841 0.007648003 0.996476591
7.332866 -7.130390167 0.546017587 58.649127960 -0.004598213 -0.084521003 0.007381429 0.996383727
7.436123 -7.292919636 0.564140081 59.517379761 -0.003929585 -0.085916750 0.006121979 0.996275783
7.539370 -7.461418152 0.557817817 60.420181274 -0.003577276 -0.087329909 0.005670693 0.996156871
7.642627 -7.630346298 0.572758555 61.297187805 -0.003132692 -0.088544272 0.006203766 0.996047974
7.745896 -7.790736198 0.587528706 62.191257477 -0.002478359 -0.089611128 0.007574708 0.995944917
7.849277 -7.965440750 0.592972338 63.119464874 -0.002066663 -0.090513073 0.007897315 0.995861769
7.952532 -8.153553963 0.602322340 64.037826538 -0.001449173 -0.091393307 0.007093159 0.995788574
8.055789 -8.326947212 0.613716841 64.964088440 -0.000584497 -0.092301212 0.006554789 0.995709360
8.159172 -8.507634163 0.629602671 65.919181824 -0.000437595 -0.093025416 0.006479842 0.995642543
8.262553 -8.684150696 0.625789821 66.860351562 -0.000855952 -0.093567140 0.007007126 0.995587945
8.365809 -8.882117271 0.627429605 67.844673157 -0.001203031 -0.093640126 0.006916394 0.995581329
8.469195 -9.083555222 0.632689774 68.829719543 -0.001982253 -0.093530938 0.006469527 0.995593369
8.572577 -9.278741837 0.647783935 69.842071533 -0.002140265 -0.093458541 0.005217188 0.995607197
8.675822 -9.457180023 0.659557581 70.831695557 -0.002138061 -0.093300976 0.005968079 0.995617747
8.779202 -9.654872894 0.669863462 71.836990356 -0.002104095 -0.092919126 0.006818827 0.995648086
8.882585 -9.836284637 0.676339924 72.861854553 -0.001968273 -0.092632666 0.008347969 0.995663404
8.985860 -10.028470993 0.682510734 73.880607605 -0.001847501 -0.092465110 0.008136722 0.995680988
9.089233 -10.223869324 0.692588031 74.893035889 -0.000957278 -0.092139833 0.007588543 0.995716691
9.192492 -10.419704437 0.701315045 75.911544800 -0.001263358 -0.091843896 0.008203350 0.995738864
9.295874 -10.592723846 0.704596639 76.924644470 -0.002922385 -0.092070304 0.009153199 0.995706141
9.399131 -10.793494225 0.702778757 77.937149048 -0.004610612 -0.091872893 0.008548370 0.995723367
9.502387 -10.999280930 0.707342625 78.951324463 -0.004885217 -0.091945082 0.008392199 0.995716751
9.605761 -11.178465843 0.721478224 79.951568604 -0.004466095 -0.093086287 0.008515145 0.995611608
9.709029 -11.377196312 0.730215788 80.966293335 -0.004155824 -0.093715832 0.009416545 0.995545805
9.812274 -11.574633598 0.737051249 81.964607239 -0.005232253 -0.094770230 0.009241470 0.995442510
9.915532 -11.778045654 0.744949043 82.971893311 -0.006165000 -0.095753305 0.009423302 0.995341420
10.018910 -11.963245392 0.762877882 83.964843750 -0.005934906 -0.097028062 0.009601288 0.995217621
10.122180 -12.159079552 0.770555019 84.951965332 -0.006083984 -0.097853035 0.010258025 0.995129406
10.225560 -12.350570679 0.784417152 85.913154602 -0.004798342 -0.099118650 0.009826095 0.995015502
10.328820 -12.580017090 0.785560608 86.919715881 -0.003492222 -0.099939041 0.007325839 0.994960427
10.432200 -12.784864426 0.789857626 87.899070740 -0.002126636 -0.100690521 0.009063568 0.994874239
10.535440 -13.003127098 0.808683574 88.897933960 -0.001342318 -0.101596683 0.009527036 0.994779170
10.638820 -13.200765610 0.812269092 89.858131409 -0.001964523 -0.101385802 0.009203242 0.994802654
10.742210 -13.428390503 0.819025576 90.850006104 -0.003814504 -0.102053918 0.008570265 0.994734645
10.845600 -13.612842560 0.820928991 91.804733276 -0.004609675 -0.103151992 0.009409393 0.994610429
10.948860 -13.817593575 0.829887509 92.757614136 -0.004639679 -0.103721976 0.008883665 0.994555831
11.052240 -14.030953407 0.832488477 93.701431274 -0.004006003 -0.103686899 0.008244938 0.994567752
11.155620 -14.238180161 0.842263818 94.648559570 -0.003867001 -0.103907511 0.006876651 0.994555652
11.259000 -14.450695038 0.847569764 95.571098328 -0.003383617 -0.103680350 0.004890705 0.994592905
11.362370 -14.653196335 0.853140652 96.503257751 -0.004446462 -0.103136092 0.002430695 0.994654298
11.465750 -14.858930588 0.865467727 97.437141418 -0.005672205 -0.102094464 0.001531753 0.994757354
11.569160 -15.058725357 0.878479302 98.372993469 -0.007606589 -0.100614600 0.000363628 0.994896352
11.672520 -15.241951942 0.895286143 99.267814636 -0.008709181 -0.098362386 -0.000517807 0.995112419
11.776030 -15.423967361 0.908181429 100.172561646 -0.009029956 -0.095483646 -0.000918953 0.995389640
11.879410 -15.590147018 0.925376236 101.060623169 -0.008339601 -0.092317395 -0.000633232 0.995694518
11.982910 -15.743877411 0.929450631 101.919883728 -0.006389753 -0.088524297 0.000555333 0.996053398
12.086310 -15.887261391 0.938936591 102.783294678 -0.003439630 -0.084155619 0.001601578 0.996445417
12.189820 -16.023899078 0.946847498 103.598304749 -0.000810697 -0.079223625 0.000799211 0.996856213
12.293320 -16.143957138 0.954181075 104.444885254 0.000988145 -0.073289730 -0.000096050 0.997310162
12.396830 -16.247226715 0.961093605 105.258430481 0.000290632 -0.066389985 0.000342293 0.997793674
12.500330 -16.334791183 0.966970921 106.087356567 -0.002170885 -0.059782084 0.002564702 0.998205781
12.603960 -16.410449982 0.961110651 106.891166687 -0.004372885 -0.052324757 0.003609507 0.998614013
12.707460 -16.475002289 0.967936456 107.681991577 -0.004920606 -0.044596251 0.002677143 0.998989403
12.810980 -16.528118134 0.970125794 108.470497131 -0.004710151 -0.036524288 0.001468350 0.999320567
12.914480 -16.569324493 0.981112123 109.254196167 -0.003205253 -0.026971886 0.001245825 0.999630272
13.018120 -16.586738586 0.984089017 110.022377014 -0.001850279 -0.016264481 0.000479164 0.999865890
13.121770 -16.580013275 0.989408731 110.783569336 -0.000842404 -0.004136011 -0.000192876 0.999991059
13.225380 -16.558029175 0.986806870 111.543571472 -0.000708125 0.009886882 -0.001690579 0.999949455
13.329020 -16.507806778 0.994638562 112.318367004 -0.000153322 0.025157241 -0.002634546 0.999680042
13.432650 -16.434875488 0.993275642 113.068527222 -0.000502702 0.041449513 -0.003202314 0.999135315
13.536270 -16.314918518 0.993989587 113.798736572 -0.001220789 0.058211263 -0.003365365 0.998297870
13.639780 -16.188390732 0.997371137 114.570976257 -0.001217893 0.075547539 -0.003356017 0.997135818
13.743410 -16.039522171 0.999641955 115.294700623 -0.001041205 0.093007036 -0.002146638 0.995662570
13.846930 -15.838779449 0.993012786 116.044631958 -0.001218084 0.110352494 -0.002013591 0.993889749
13.950430 -15.640401840 0.998895466 116.746627808 -0.000746539 0.128552303 -0.002759502 0.991698623
14.053940 -15.399391174 1.016952991 117.469573975 0.000135618 0.146728143 -0.004229107 0.989167809
14.157450 -15.149238586 1.005194902 118.170959473 0.000564816 0.165209770 -0.004052818 0.986249983
14.260950 -14.854022980 1.007834315 118.869934082 0.000941788 0.183595642 -0.003192310 0.982996225
14.364460 -14.520950317 1.009752989 119.566162109 0.001433938 0.202007130 -0.002067208 0.979380846
14.467840 -14.168411255 1.007508278 120.260597229 0.001856013 0.220758677 -0.002223356 0.975324154
14.571340 -13.771877289 1.000925064 120.924278259 0.002356944 0.239074439 -0.002720968 0.970994592
14.674730 -13.349418640 1.005313039 121.652549744 0.003400426 0.257875174 -0.002956293 0.966167748
14.778230 -12.906631470 1.009549618 122.301269531 0.004424950 0.276517183 -0.001772988 0.960997105
14.881620 -12.409027100 1.000130653 122.973968506 0.006004120 0.295143366 -0.000698895 0.955433846
14.984990 -11.914958954 0.986978531 123.608787537 0.006865128 0.313761741 -0.000646564 0.949476719
15.088510 -11.372585297 0.995046735 124.264953613 0.007014873 0.332153887 -0.000440125 0.943199039
15.191890 -10.811618805 0.989827394 124.865837097 0.006726399 0.349851191 0.000039091 0.936781168
15.295270 -10.202316284 0.980200887 125.489517212 0.007527512 0.367537946 0.001640124 0.929976583
15.398530 -9.588787079 0.969297051 126.075347900 0.008003704 0.384833723 0.002494595 0.922947824
15.501910 -8.939041138 0.960455894 126.657821655 0.009617453 0.401319653 0.002847838 0.915883124
15.605150 -8.256412506 0.938745618 127.220947266 0.011620816 0.416029692 0.001910842 0.909274757
15.708430 -7.561897278 0.926913142 127.783370972 0.014102466 0.429266870 0.001085953 0.903066933
15.811550 -6.857646942 0.913213253 128.308715820 0.016649559 0.440287709 0.001502829 0.897701085
15.914680 -6.111614227 0.897745132 128.842315674 0.018006578 0.449324280 0.002905020 0.893182516
16.017700 -5.347156525 0.881641150 129.371261597 0.017368097 0.456527442 0.003718211 0.889532030
16.120830 -4.575641632 0.866095185 129.915191650 0.015766045 0.462456465 0.003275147 0.886495769
16.223830 -3.772377014 0.841633558 130.456604004 0.014132047 0.466930717 0.003798814 0.884172797
16.326970 -2.965991974 0.819433093 131.003417969 0.013348096 0.470489949 0.003175036 0.882298708
16.429970 -2.134315491 0.806422949 131.551956177 0.013703553 0.472867012 0.002660517 0.881023228
16.533090 -1.301464081 0.787248015 132.108718872 0.013997161 0.474661350 0.003260802 0.880051196
16.636220 -0.454082489 0.783759117 132.661682129 0.015207692 0.475670367 0.003390964 0.879485607
16.739250 0.415653229 0.759730577 133.226516724 0.015530484 0.476493925 0.004291316 0.879030108
16.842370 1.283203125 0.755823016 133.789611816 0.015365313 0.476836950 0.003894449 0.878848851
16.945630 2.182384491 0.726802349 134.380172729 0.015490670 0.477585584 0.003760916 0.878440619
17.048760 3.098213196 0.722448587 134.964279175 0.015801959 0.478024274 0.003520823 0.878197372
17.151890 3.993373871 0.696033716 135.571075439 0.016045636 0.478876293 0.003399733 0.877729118
17.255020 4.905323029 0.678613663 136.179763794 0.016336123 0.479674220 0.003214790 0.877288699
17.358270 5.861606598 0.653292775 136.774520874 0.016022975 0.480252475 0.003292231 0.876977742
17.461410 6.806434631 0.649359226 137.386383057 0.016191334 0.480928451 0.003133643 0.876604736
17.564670 7.772640228 0.637117028 137.994918823 0.015754843 0.481391191 0.003608301 0.876356840
17.667930 8.738765717 0.610283732 138.619476318 0.014373247 0.482103884 0.004131443 0.875986397
17.771180 9.705162048 0.590169072 139.238967896 0.013194947 0.483239502 0.004799844 0.875375628
17.874440 10.673358917 0.568393111 139.847076416 0.012398891 0.484436333 0.005263299 0.874722838
17.977710 11.624404907 0.556023121 140.438613892 0.012338224 0.485633373 0.005175658 0.874060154
18.081080 12.582798004 0.556591988 141.040008545 0.012644439 0.486949384 0.005079357 0.873323858
18.184340 13.556236267 0.523148298 141.630584717 0.012257945 0.488153666 0.005104166 0.872656643
18.287590 14.504482269 0.506949425 142.202056885 0.012497872 0.489130378 0.005020605 0.872106731
18.390980 15.462505341 0.478201151 142.784667969 0.012539688 0.490835756 0.004783613 0.871148765
18.494230 16.435375214 0.466703415 143.387008667 0.012913008 0.492851704 0.004378644 0.870006442
18.597610 17.383716583 0.445935726 143.956893921 0.012854565 0.494699478 0.003540270 0.868961811
18.700990 18.339294434 0.427609324 144.502761841 0.013250708 0.496515602 0.003307936 0.867920339
18.804250 19.298469543 0.420428753 145.088546753 0.014028330 0.498794526 0.002651541 0.866602659
18.907640 20.244861603 0.391029000 145.623428345 0.013554346 0.500631213 0.002713704 0.865550339
19.010890 21.189037323 0.375093818 146.153030396 0.013096534 0.502502978 0.003690358 0.864468396
19.114280 22.143566132 0.351078391 146.691452026 0.011832029 0.504693091 0.004858066 0.863204062
19.217540 23.088691711 0.340594769 147.222732544 0.010750053 0.506790042 0.004381969 0.861991346
19.320910 24.044452667 0.312184691 147.757888794 0.011061818 0.509247422 0.003452593 0.860542119
19.424290 24.979755402 0.300742626 148.260543823 0.011805882 0.511753082 0.002875370 0.859046638
19.527540 25.890434265 0.276258349 148.748992920 0.011998865 0.514341652 0.003254904 0.857495248
19.630940 26.846168518 0.271147847 149.246215820 0.011531422 0.517307281 0.003643651 0.855714262
19.734330 27.773319244 0.243550897 149.726531982 0.010042376 0.519963861 0.003633965 0.854121506
19.837570 28.690345764 0.239575863 150.194488525 0.010330099 0.522649646 0.003648739 0.852477193
19.940950 29.607452393 0.230575919 150.648818970 0.011466041 0.525326610 0.004036701 0.850813866
20.044240 30.547622681 0.211104512 151.096786499 0.012542026 0.528000176 0.004212492 0.849141240
20.147580 31.498085022 0.199332595 151.561950684 0.013043801 0.531422615 0.003295430 0.847000003
20.250980 32.431903839 0.186421990 152.001266479 0.013318107 0.535294890 0.002381332 0.844556868
20.354360 33.382823944 0.170629621 152.439331055 0.013488311 0.540008247 0.002121202 0.841548979
20.457740 34.315628052 0.149117827 152.855834961 0.012831387 0.544995844 0.002195697 0.838337660
20.561230 35.285343170 0.127617598 153.270446777 0.012576346 0.550349653 0.002390442 0.834836125
20.664620 36.259933472 0.128090739 153.665115356 0.012804179 0.556193352 0.002235825 0.830951273
20.768010 37.239128113 0.115422964 154.043273926 0.012551108 0.562348008 0.001925502 0.826803148
20.871510 38.201522827 0.083613873 154.402160645 0.012467790 0.568814874 0.001583837 0.822369516
20.975020 39.195629120 0.073178649 154.765136719 0.012496059 0.575493693 0.000569083 0.817710519
21.078400 40.231876373 0.056081772 155.117187500 0.013270893 0.582552791 -0.000131849 0.812684476
21.181910 41.243488312 0.038947582 155.437957764 0.014179326 0.589500368 -0.000949073 0.807643116
21.285420 42.298038483 0.016165257 155.752395630 0.015829325 0.596258402 -0.002253878 0.802633345
21.388800 43.335102081 -0.017072916 156.041824341 0.016495200 0.603143871 -0.003521092 0.797454059
21.492310 44.389381409 -0.034395218 156.321533203 0.017973464 0.609658599 -0.004200421 0.792449176
21.595680 45.444622040 -0.064789772 156.588684082 0.017319348 0.615927935 -0.003444335 0.787604570
21.699070 46.517936707 -0.096131802 156.835998535 0.016206937 0.621179461 -0.002094355 0.783497930
21.802460 47.595718384 -0.116664648 157.071197510 0.015757510 0.625646532 -0.000437937 0.779947340
21.905710 48.667316437 -0.143958807 157.296417236 0.016815137 0.629181743 0.001053086 0.777075589
22.009090 49.761508942 -0.169743776 157.511596680 0.017166009 0.632333755 0.000365693 0.774505734
22.112350 50.840698242 -0.187326431 157.717315674 0.018529078 0.635368586 -0.000535707 0.771986485
22.215610 51.945003510 -0.228673458 157.943450928 0.019611441 0.637946188 -0.001285156 0.769830108
22.318870 53.043415070 -0.268073320 158.148696899 0.020709433 0.640081644 -0.001071174 0.768026948
22.422120 54.167709351 -0.293934345 158.342193604 0.020605283 0.641471326 -0.001028320 0.766869545
22.525380 55.285442352 -0.310917616 158.546203613 0.019987341 0.642296195 -0.000569385 0.766195655
22.628630 56.410690308 -0.347796440 158.733718872 0.018793095 0.642775178 -0.000126314 0.765824258
22.731760 57.539978027 -0.381150246 158.935348511 0.018109137 0.643112540 0.000078581 0.765557528
22.835030 58.654006958 -0.403138638 159.141006470 0.018629912 0.643074393 -0.000043147 0.765577078
22.938160 59.779930115 -0.428513765 159.333618164 0.019134693 0.642719507 -0.000459698 0.765862465
23.041280 60.886905670 -0.461020708 159.541976929 0.019653764 0.642331660 -0.000483928 0.766174614
23.144540 62.006401062 -0.493077517 159.752487183 0.019882316 0.642065823 -0.000582510 0.766391456
23.247690 63.127799988 -0.507869244 159.958419800 0.020088270 0.641468585 -0.000664158 0.766885936
23.350930 64.264495850 -0.547628880 160.160614014 0.020433530 0.640861809 -0.000154341 0.767384231
23.454190 65.368469238 -0.577497721 160.382537842 0.020054465 0.640134931 -0.000454386 0.768000543
23.557430 66.448326111 -0.625362873 160.598083496 0.020318724 0.639511049 0.000152022 0.768513322
23.660690 67.569534302 -0.654922247 160.813674927 0.020564932 0.638699949 0.000955987 0.769180417
23.763960 68.671394348 -0.692311525 161.037689209 0.020593435 0.638079882 0.002020474 0.769692063
23.867220 69.766609192 -0.715768576 161.234817505 0.020271173 0.637257159 0.003055273 0.770378530
23.970600 70.885162354 -0.742894173 161.447631836 0.020042125 0.636380792 0.003582654 0.771106362
24.073860 71.971359253 -0.769703865 161.676589966 0.021391260 0.635973871 0.003444139 0.771406353
24.177260 73.026382446 -0.804240942 161.877426147 0.023016291 0.635187924 0.002942152 0.772008955
24.280480 74.129318237 -0.839999676 162.090576172 0.024913512 0.634590089 0.002224843 0.772444069
24.383870 75.180198669 -0.866199970 162.310775757 0.025289582 0.634424210 0.000995785 0.772570610
24.487120 76.265266418 -0.901801109 162.527740479 0.024781547 0.634375274 0.000701600 0.772627592
24.590510 77.328330994 -0.940240145 162.746551514 0.023588220 0.634912193 0.001654445 0.772222340
24.693890 78.393005371 -0.976762056 162.965408325 0.022665851 0.635974109 0.002355166 0.771373868
24.797270 79.456817627 -1.008979797 163.161956787 0.021606660 0.637235463 0.003142535 0.770359814
24.900660 80.528404236 -1.037147760 163.368988037 0.020501519 0.639125168 0.002818599 0.768824339
25.004040 81.580146790 -1.065020800 163.570114136 0.018517410 0.641580641 0.002068416 0.766829252
25.107420 82.664489746 -1.087508917 163.743911743 0.017487830 0.644802094 0.003592496 0.764141023
25.210930 83.707939148 -1.117876053 163.915283203 0.017230254 0.648473382 0.004391018 0.761029661
25.314310 84.735336304 -1.146508694 164.074737549 0.018542826 0.652275026 0.003421922 0.757747769
25.417680 85.785400391 -1.166480303 164.219284058 0.021588180 0.655667126 0.001132362 0.754740536
25.521080 86.802238464 -1.189733982 164.364334106 0.024536286 0.658852994 -0.000789485 0.751871049
25.624450 87.826904297 -1.221669197 164.466979980 0.025770636 0.661757529 -0.000462136 0.749274731
25.727840 88.838462830 -1.266597748 164.600402832 0.025177447 0.664756060 0.000089693 0.746636093
25.831100 89.876358032 -1.300142050 164.718322754 0.024658229 0.667370975 0.000652422 0.744316816
25.934480 90.891105652 -1.340476990 164.802307129 0.023726689 0.669870377 0.000308768 0.742098808
26.037730 91.897445679 -1.362349272 164.895706177 0.023402320 0.672120810 -0.000510848 0.740071356
26.141120 92.903610229 -1.405356407 165.000518799 0.023260012 0.674059391 -0.001091129 0.738310039
26.244370 93.896575928 -1.437234640 165.092727661 0.023394614 0.675268888 -0.001203080 0.737199545
26.347630 94.870033264 -1.458295822 165.186096191 0.023456478 0.676131070 -0.002498870 0.736403644
26.450890 95.860626221 -1.515055656 165.264282227 0.022869484 0.676799953 -0.002511527 0.735807359
26.554130 96.853912354 -1.536237478 165.343292236 0.021837063 0.677174389 -0.003211947 0.735491455
26.657400 97.817367554 -1.572799444 165.425704956 0.021144323 0.677707553 -0.003465873 0.735019326
26.760660 98.774551392 -1.601987362 165.503585815 0.020395026 0.678272247 -0.003660758 0.734518468
26.863910 99.738372803 -1.641198158 165.576721191 0.019512378 0.678501368 -0.003935283 0.734329462
26.967290 100.677009583 -1.672027349 165.664230347 0.018790761 0.679113328 -0.004575490 0.733778596
27.070550 101.610115051 -1.703225613 165.741668701 0.018265082 0.679446876 -0.004724331 0.733482122
27.173930 102.531417847 -1.722449780 165.837036133 0.018455429 0.679837823 -0.005059670 0.733112752
27.277190 103.450103760 -1.764934540 165.887435913 0.018959027 0.679528952 -0.004981759 0.733386815
27.380450 104.380249023 -1.787696600 165.961776733 0.019122561 0.678990901 -0.005404904 0.733877659
27.483710 105.290412903 -1.824425459 166.046417236 0.018777011 0.678251624 -0.005964570 0.734565556
27.586950 106.168632507 -1.853383303 166.116287231 0.018097997 0.677657425 -0.006151304 0.735129237
27.690220 107.058921814 -1.879830599 166.198806763 0.017207688 0.676924467 -0.006377331 0.735823691
27.793460 107.946495056 -1.918696642 166.280746460 0.016672749 0.676050901 -0.006112056 0.736640930
27.896730 108.807830811 -1.953832507 166.362014771 0.016081085 0.675053716 -0.006123800 0.737567902
27.999990 109.658584595 -1.982721210 166.443466187 0.015807364 0.673990726 -0.005793966 0.738547921
28.103250 110.512733459 -2.000704050 166.553649902 0.015332941 0.673270583 -0.006581478 0.739207923
28.206500 111.375854492 -2.027671337 166.632125854 0.014867725 0.672007620 -0.007244324 0.740359485
28.309630 112.220291138 -2.048345804 166.737304688 0.013962286 0.671133161 -0.008024850 0.741161883
28.412890 113.058807373 -2.082546234 166.826614380 0.013488588 0.670018911 -0.007976149 0.742178619
28.516150 113.894317627 -2.105362177 166.901473999 0.013325585 0.668799996 -0.008420546 0.743275285
28.619270 114.722358704 -2.131428719 166.994979858 0.013596691 0.667938411 -0.008062888 0.744048715
28.722530 115.534233093 -2.160958052 167.090393066 0.013585874 0.667098165 -0.008367204 0.744798899
28.825790 116.315925598 -2.199127197 167.170532227 0.014029412 0.666265726 -0.008449062 0.745534599
28.929050 117.107872009 -2.202178955 167.268096924 0.014609044 0.665680826 -0.008946920 0.746039927
29.032170 117.949325562 -2.234446049 167.407699585 0.014549591 0.665412009 -0.010311424 0.746263206
29.135440 118.744964600 -2.265431643 167.483245850 0.015170816 0.664609730 -0.010371157 0.746964633
29.238700 119.544548035 -2.276530504 167.565048218 0.015607337 0.663940489 -0.010480311 0.747549057
29.341950 120.270606995 -2.319001198 167.661865234 0.015787084 0.663465977 -0.009745049 0.747976422
29.445210 121.102279663 -2.329461336 167.778823853 0.015813177 0.662907481 -0.010003160 0.748467445
29.548460 121.874832153 -2.362883329 167.878585815 0.015289173 0.662329555 -0.010170680 0.748987556
29.651710 122.635902405 -2.391711712 167.973007202 0.014627071 0.661901474 -0.010161506 0.749379218
29.754850 123.369934082 -2.414073467 168.092697144 0.014459549 0.661482692 -0.010833861 0.749742746
29.858110 124.120384216 -2.451672077 168.185012817 0.014057719 0.661073506 -0.012032043 0.750092983
29.961370 124.872497559 -2.472009659 168.288162231 0.013782807 0.660865247 -0.013162399 0.750262558
30.064750 125.571884155 -2.489579201 168.383850098 0.013424662 0.660997093 -0.013340052 0.750149786
30.168010 126.308166504 -2.507169962 168.485244751 0.012651568 0.661406100 -0.013222726 0.749804676
30.271270 126.954055786 -2.544728994 168.562942505 0.011161039 0.662125349 -0.013533100 0.749187768
30.374520 127.621353149 -2.561210155 168.661087036 0.009942301 0.663367450 -0.013999189 0.748096824
30.477780 128.219924927 -2.580395222 168.737258911 0.008623085 0.664975345 -0.013721144 0.746689498
30.581150 128.799667358 -2.600011587 168.798477173 0.007857349 0.666855216 -0.013033929 0.745031893
30.684420 129.423126221 -2.622599125 168.874008179 0.006948788 0.669152617 -0.012641460 0.742985010
30.787800 130.002029419 -2.639605045 168.912460327 0.006721050 0.671594024 -0.012266084 0.740787268
30.891060 130.480941772 -2.657132149 168.958511353 0.005968052 0.674680114 -0.012634637 0.737977982
30.994440 130.968475342 -2.672251225 168.997833252 0.005405649 0.677943647 -0.013204572 0.734975398
31.097820 131.407348633 -2.681672096 169.024597168 0.005211551 0.681254089 -0.013428294 0.731905341
31.201200 131.872085571 -2.689584732 169.033203125 0.005723577 0.684490085 -0.013358911 0.728877306
31.304460 132.255477905 -2.708138466 169.040054321 0.006894880 0.688046396 -0.013998262 0.725498915
31.407840 132.653350830 -2.716473579 169.050888062 0.007968987 0.691888094 -0.015395649 0.721796572
31.511090 133.026535034 -2.727867365 169.057388306 0.008154773 0.695972860 -0.016550373 0.717831016
31.614480 133.402999878 -2.732208967 169.063018799 0.008191876 0.700622380 -0.016691465 0.713289976
31.717740 133.840545654 -2.743436098 169.041076660 0.008400817 0.705168784 -0.016559977 0.708796263
31.821120 134.206146240 -2.754179955 169.021286011 0.008556850 0.710180879 -0.016559951 0.703772426
31.924370 134.580429077 -2.767355919 169.000854492 0.008795760 0.715575039 -0.016792510 0.698278666
32.027760 134.931365967 -2.781023026 168.982131958 0.008815263 0.721224725 -0.016998198 0.692436397
32.131140 135.300430298 -2.784215927 168.947219849 0.008628883 0.727102935 -0.018463848 0.686225891
32.234400 135.662597656 -2.790975809 168.906051636 0.008555103 0.733467400 -0.019971406 0.679377317
32.337780 136.078353882 -2.807106495 168.822158813 0.009422429 0.740011871 -0.020516675 0.672214806
32.441460 136.451477051 -2.829026222 168.786758423 0.009187472 0.747600377 -0.021656254 0.663732052
32.544400 136.846252441 -2.852062464 168.715850830 0.008748123 0.755369842 -0.022694133 0.654847205
32.647790 137.277236938 -2.863832712 168.616958618 0.008810048 0.763853371 -0.023304671 0.644908726
32.751200 137.752593994 -2.882706404 168.501800537 0.007850689 0.772958875 -0.023417067 0.633975208
32.854570 138.216217041 -2.894161701 168.368179321 0.006702919 0.782702684 -0.023817221 0.621903837
32.958110 138.717147827 -2.911282063 168.218261719 0.006200959 0.793210387 -0.024518749 0.608422220
33.061450 139.199859619 -2.935458183 168.039321899 0.006521157 0.803943038 -0.025729988 0.594113708
33.164960 139.703704834 -2.953441620 167.819427490 0.007081037 0.814721882 -0.026583686 0.579198897
33.268340 140.241790771 -2.981264830 167.590484619 0.007487845 0.825836122 -0.026497792 0.563237429
33.371730 140.748809814 -3.005747557 167.334899902 0.007259561 0.836956680 -0.026796320 0.546564519
33.475230 141.273345947 -3.035450220 167.030700684 0.007370221 0.848045707 -0.026264345 0.529220343
33.578630 141.813873291 -3.059509993 166.706008911 0.008645370 0.859170616 -0.026199646 0.510944784
33.681990 142.309753418 -3.081559658 166.356491089 0.009657125 0.869785190 -0.025664130 0.492668122
33.785500 142.840667725 -3.105569839 165.937545776 0.009776786 0.880171120 -0.024700817 0.473912507
33.888890 143.405639648 -3.151174545 165.531448364 0.007185051 0.890915394 -0.024579924 0.453446746
33.992270 143.902770996 -3.187469959 165.078735352 0.007140364 0.900775552 -0.023688614 0.433579534
34.095540 144.399795532 -3.220209122 164.574111938 0.007967587 0.910025954 -0.022723207 0.413851380
34.198910 144.941955566 -3.229223728 164.031814575 0.009818302 0.918872237 -0.022016397 0.393818110
34.302160 145.411834717 -3.279353380 163.478271484 0.012199087 0.927008867 -0.019608291 0.374327779
34.405410 145.874145508 -3.303862095 162.885681152 0.012611714 0.934144497 -0.018247077 0.356205046
34.508550 146.373413086 -3.321845055 162.286895752 0.011822328 0.940257132 -0.018192943 0.339773118
34.611670 146.834732056 -3.362032890 161.688491821 0.010529909 0.945811152 -0.018634107 0.324011087
34.714930 147.287979126 -3.393327236 161.000823975 0.010676078 0.951266468 -0.018489689 0.307629973
34.818070 147.783340454 -3.396987200 160.246765137 0.009887706 0.956773639 -0.019501274 0.290010631
34.921330 148.180343628 -3.438320160 159.536697388 0.010373149 0.962039173 -0.019754086 0.271997899
35.024460 148.591186523 -3.455195904 158.762847900 0.011120279 0.967177749 -0.020265670 0.253047049
35.127720 148.952911377 -3.494012356 157.984893799 0.011532079 0.972056210 -0.019515857 0.233651116
35.230980 149.318313599 -3.525964975 157.164520264 0.010136997 0.976633191 -0.019296205 0.213804901
35.334230 149.660919189 -3.544797182 156.276306152 0.010077354 0.980710566 -0.019553056 0.194223791
35.437350 149.965744019 -3.580673933 155.421066284 0.010416205 0.984438181 -0.018746000 0.174417660
35.540620 150.224456787 -3.612223387 154.487167358 0.011140998 0.987583220 -0.017065546 0.155769035
35.643750 150.463607788 -3.631064653 153.576019287 0.011513573 0.990221083 -0.015666170 0.138145506
35.746900 150.682983398 -3.659690857 152.613891602 0.012085627 0.992334187 -0.014725363 0.122106321
35.850020 150.884368896 -3.698396206 151.620758057 0.014580474 0.993952870 -0.014079060 0.107920773
35.953010 151.068267822 -3.721815825 150.631500244 0.016487502 0.995103240 -0.014643563 0.096349470
36.056010 151.225341797 -3.756133080 149.576171875 0.018483728 0.995836437 -0.016259182 0.087771572
36.158910 151.395187378 -3.777818680 148.506332397 0.019887460 0.996340632 -0.018046305 0.081142463
36.261910 151.564422607 -3.809615612 147.420593262 0.021176355 0.996641338 -0.019166714 0.076747917
36.364790 151.718856812 -3.833788872 146.295623779 0.021830229 0.996841967 -0.019821063 0.073733278
36.467690 151.872558594 -3.871659279 145.172378540 0.022658842 0.996982336 -0.019142902 0.071737908
36.570690 152.045135498 -3.899641514 144.031402588 0.022577360 0.997089684 -0.018644081 0.070390783
36.673570 152.212371826 -3.946487427 142.836212158 0.022835644 0.997128963 -0.018493749 0.069787480
36.776570 152.390213013 -3.988924980 141.617370605 0.023563521 0.997120976 -0.018313993 0.069707140
36.879580 152.555648804 -4.012651443 140.366760254 0.024054766 0.997085392 -0.017994363 0.070130572
36.982600 152.737319946 -4.052054882 139.115112305 0.024228128 0.997066200 -0.016776998 0.070643619
37.085600 152.936325073 -4.081013680 137.827941895 0.023700703 0.997071564 -0.015399430 0.071059860
37.188760 153.113235474 -4.118653297 136.499328613 0.023621544 0.997062683 -0.014274766 0.071444258
37.291740 153.318130493 -4.145422935 135.190399170 0.023352174 0.997059941 -0.013787324 0.071666129
37.394900 153.521697998 -4.180881500 133.861251831 0.024182405 0.997043848 -0.014292843 0.071515217
37.497990 153.717926025 -4.201140404 132.449829102 0.026693296 0.996972561 -0.015058345 0.071459696
37.601130 153.916015625 -4.246105194 131.054351807 0.026921131 0.996948421 -0.015176624 0.071685433
37.704260 154.132125854 -4.283977509 129.609970093 0.026984466 0.996907711 -0.016761484 0.071874350
37.807400 154.358184814 -4.308276176 128.191696167 0.027189188 0.996854663 -0.018864609 0.072011299
37.910640 154.574218750 -4.351989746 126.702285767 0.026776578 0.996848941 -0.019737944 0.072011478
38.013780 154.809417725 -4.411426544 125.213615417 0.024363533 0.996988237 -0.018628022 0.071231551
38.116910 155.031509399 -4.450336456 123.743583679 0.022767259 0.997131288 -0.016717803 0.070223913
38.220170 155.266418457 -4.506269932 122.226631165 0.021011366 0.997263670 -0.015074785 0.069256365
38.323300 155.476394653 -4.556330681 120.709526062 0.021562960 0.997330070 -0.013918224 0.068367444
38.426430 155.686950684 -4.568870544 119.216979980 0.021208875 0.997398913 -0.013937591 0.067462862
38.529680 155.889678955 -4.611686707 117.681037903 0.022117041 0.997412741 -0.014249803 0.066899426
38.632820 156.111297607 -4.645339966 116.174209595 0.021751475 0.997462749 -0.014981052 0.066109672
38.735990 156.295669556 -4.688630104 114.662361145 0.023143535 0.997431695 -0.014881470 0.066128388
38.839200 156.501632690 -4.736431122 113.137298584 0.023445468 0.997428775 -0.015091482 0.066017918
38.942330 156.714950562 -4.775156975 111.595252991 0.025236979 0.997395039 -0.014199988 0.066065453
39.045590 156.925277710 -4.828600883 110.055999756 0.025777373 0.997368753 -0.012415234 0.066610672
39.148740 157.125991821 -4.871510506 108.483947754 0.026833162 0.997305334 -0.012143249 0.067190759
39.251860 157.349380493 -4.902280331 106.950080872 0.027637988 0.997226298 -0.013917508 0.067691445
39.355130 157.569137573 -4.936800957 105.407356262 0.027571805 0.997169316 -0.015877575 0.068125762
39.458250 157.783874512 -4.998210907 103.859184265 0.027468935 0.997116923 -0.015703801 0.068969168
39.561510 158.003311157 -5.039520264 102.305755615 0.027620384 0.997083843 -0.014678732 0.069609068
39.664630 158.219390869 -5.091295242 100.779785156 0.027122131 0.997031510 -0.014483111 0.070589028
39.767900 158.458908081 -5.133847713 99.173446655 0.026883069 0.996947348 -0.015696872 0.071602277
39.871160 158.719161987 -5.178070545 97.551460266 0.026539892 0.996880174 -0.016780758 0.072415292
39.974420 158.943466187 -5.228578568 96.017883301 0.026829816 0.996817052 -0.016653262 0.073202118
40.077530 159.190261841 -5.270096779 94.418273926 0.026711827 0.996752203 -0.015976936 0.074271798
40.180800 159.433776855 -5.319397449 92.848350525 0.026873814 0.996728480 -0.014729437 0.074787781
40.284060 159.671615601 -5.363091946 91.260025024 0.027525101 0.996647418 -0.013625829 0.075832911
40.387310 159.930114746 -5.412918568 89.682029724 0.027271181 0.996598363 -0.012759461 0.076714851
40.490570 160.191360474 -5.447616577 88.083557129 0.027730415 0.996547520 -0.012852383 0.077193946
40.593700 160.439636230 -5.487165928 86.498596191 0.028084951 0.996483386 -0.013387939 0.077800080
40.696960 160.705352783 -5.534225464 84.834785461 0.028840313 0.996442914 -0.013423643 0.078035608
40.800210 160.960754395 -5.574543476 83.212799072 0.029680049 0.996381938 -0.013924518 0.078410566
40.903480 161.223754883 -5.626706123 81.577438354 0.030115370 0.996313035 -0.014881288 0.078942835
41.006610 161.494857788 -5.663329124 79.923492432 0.030458318 0.996241629 -0.016958315 0.079292573
41.109870 161.765960693 -5.722872734 78.260231018 0.030525982 0.996234417 -0.017408082 0.079259418
41.213120 162.045272827 -5.768560410 76.590225220 0.029614279 0.996298969 -0.016770849 0.078931153
41.316250 162.319061279 -5.832695007 74.894363403 0.028645338 0.996380031 -0.015131478 0.078595541
41.419510 162.587936401 -5.884584904 73.185272217 0.028966559 0.996427000 -0.014301052 0.078036420
41.522630 162.854812622 -5.917903900 71.515731812 0.029365623 0.996478677 -0.014081034 0.077263869
41.625890 163.118637085 -5.956030846 69.824012756 0.029562464 0.996521473 -0.014405560 0.076572977
41.729040 163.391143799 -6.032686234 68.109367371 0.031078545 0.996506751 -0.014934166 0.076061353
41.832280 163.655883789 -6.088877678 66.402053833 0.031207331 0.996518373 -0.016056255 0.075626843
41.935450 163.912719727 -6.129764557 64.687210083 0.031140469 0.996558011 -0.015890695 0.075165465
42.038710 164.176437378 -6.172013283 62.952041626 0.030412089 0.996642828 -0.014544352 0.074609451
42.141840 164.452713013 -6.229965210 61.184436798 0.030790444 0.996700644 -0.011923004 0.074145772
42.244970 164.716842651 -6.270022392 59.453865051 0.031681664 0.996719658 -0.010107332 0.073783770
42.348050 164.976531982 -6.299996376 57.641464233 0.031900156 0.996698737 -0.011489414 0.073769964
42.451190 165.242034912 -6.340006828 55.901580811 0.032995746 0.996641397 -0.015104116 0.073410228
42.554490 165.492279053 -6.373286247 54.155876160 0.031954385 0.996690750 -0.016763447 0.072838828
42.657580 165.791168213 -6.449345112 52.319400787 0.028946301 0.996860862 -0.014833582 0.072184071
42.760840 166.039978027 -6.483837128 50.549186707 0.027145535 0.996963143 -0.012101250 0.071980394
42.863980 166.349090576 -6.526599407 48.804435730 0.025077337 0.997109771 -0.009675914 0.071060687
42.967230 166.633285522 -6.555274010 46.903278351 0.024658058 0.997114182 -0.010314600 0.071055450
43.070490 166.891128540 -6.599760056 45.136360168 0.025233939 0.997082591 -0.012431701 0.070957109
43.173630 167.169815063 -6.649971008 43.342216492 0.026188744 0.997025430 -0.014363420 0.071049854
43.276760 167.437255859 -6.679315090 41.429687500 0.028255196 0.996875823 -0.015617861 0.072085656
43.379880 167.698989868 -6.731349945 39.645343781 0.029403485 0.996785998 -0.016134614 0.072751246
43.483140 167.982833862 -6.777253628 37.768009186 0.028425049 0.996789157 -0.015659032 0.073199861
43.586260 168.260543823 -6.844882488 35.933807373 0.028141461 0.996761143 -0.014003957 0.074021563
43.689410 168.550933838 -6.904299736 34.192523956 0.025412887 0.996821344 -0.013985265 0.074201100
43.792700 168.859695435 -6.956753254 32.288410187 0.024032729 0.996825099 -0.014699641 0.074471571
43.895800 169.155395508 -7.004310608 30.427932739 0.023025768 0.996827543 -0.015049437 0.074686915
43.998930 169.428817749 -7.063077927 28.606792450 0.023290252 0.996812344 -0.014310969 0.074952573
44.102180 169.733200073 -7.099572659 26.664264679 0.024210894 0.996788979 -0.013652408 0.075094536
44.205310 170.012481689 -7.150505066 24.826833725 0.024898157 0.996755838 -0.013487975 0.075338662
44.308570 170.303695679 -7.200560093 22.948295593 0.025375837 0.996747077 -0.013729215 0.075252086
44.411830 170.584686279 -7.254871368 21.077083588 0.024639020 0.996741176 -0.013677706 0.075583324
44.514960 170.903640747 -7.270721436 19.125144958 0.024839379 0.996766090 -0.014074299 0.075114921
44.618220 171.188140869 -7.362271309 17.253063202 0.024509653 0.996759593 -0.014014389 0.075320281
44.721350 171.466445923 -7.453985691 15.407610893 0.024412036 0.996737003 -0.014540908 0.075550966
44.824610 171.775482178 -7.473049641 13.473043442 0.024827065 0.996734202 -0.015760237 0.075207546
44.927870 172.050704956 -7.510751247 11.580677986 0.024596315 0.996748447 -0.015350936 0.075179212
45.030990 172.361373901 -7.567264080 9.663692474 0.024276990 0.996816754 -0.014281899 0.074585646
45.134240 172.648666382 -7.614354134 7.764389038 0.023932617 0.996878028 -0.013513500 0.074019186
45.237380 172.938095093 -7.658849239 5.824707031 0.024269659 0.996912122 -0.013209145 0.073503189
45.340640 173.218124390 -7.716040611 3.923967361 0.024344355 0.996956348 -0.013063824 0.072901636
45.443900 173.520858765 -7.772783279 2.007329941 0.024786366 0.996982276 -0.013547922 0.072307631
45.547030 173.803329468 -7.825697899 0.061557770 0.025326923 0.997001231 -0.014244720 0.071722843
45.650290 174.016296387 -7.893465519 -1.824266434 0.025777107 0.996982694 -0.014633750 0.071741343
45.753530 174.343200684 -7.941397667 -3.751882553 0.026986901 0.997057378 -0.013731483 0.070425652
45.856680 174.593063354 -7.962353706 -5.718889236 0.028514393 0.997066438 -0.012226251 0.069971323
45.959930 174.836074829 -8.024733543 -7.636594772 0.029107407 0.997101307 -0.011373432 0.069371477
46.063060 175.165298462 -8.062952995 -9.595270157 0.030027043 0.997097909 -0.013528884 0.068637542
46.166190 175.435623169 -8.123266220 -11.508766174 0.030450189 0.997080266 -0.015243504 0.068347588
46.269450 175.745452881 -8.195835114 -13.462232590 0.029327905 0.997138023 -0.015928105 0.067837454
46.372600 176.001296997 -8.224493027 -15.592433929 0.028367333 0.997158885 -0.015077093 0.068133429
46.475720 176.284637451 -8.275465012 -17.577430725 0.028754501 0.997160792 -0.014684553 0.068028569
46.578980 176.566329956 -8.332839966 -19.579441071 0.029859498 0.997114599 -0.013765809 0.068420410
46.682120 176.837600708 -8.389779091 -21.587680817 0.030647872 0.997087717 -0.012980549 0.068616673
46.785240 177.124755859 -8.433269501 -23.642406464 0.031606462 0.997004390 -0.012804404 0.069421664
46.888360 177.399475098 -8.486400604 -25.662815094 0.031981472 0.996970892 -0.013121080 0.069670767
46.991500 177.720306396 -8.522226334 -27.692173004 0.031152481 0.996945441 -0.013001268 0.070429310
47.094640 178.021621704 -8.583848000 -29.665624619 0.030873412 0.996915817 -0.013095084 0.070952199
47.197770 178.322158813 -8.627958298 -31.779773712 0.030450063 0.996852398 -0.014532535 0.071741991
47.300890 178.623062134 -8.658469200 -33.791725159 0.030608227 0.996807992 -0.014036583 0.072387807
47.404190 178.938766479 -8.729784012 -35.875030518 0.029687628 0.996816039 -0.013262333 0.072805099
47.507280 179.288452148 -8.770997047 -37.878280640 0.029155022 0.996834517 -0.014482124 0.072533965
47.610430 179.583633423 -8.806633949 -40.079051971 0.027970908 0.996822476 -0.014720445 0.073115677
47.713670 179.842407227 -8.898733139 -42.018657684 0.026821924 0.996833682 -0.014052659 0.073523588
47.816800 180.226989746 -8.921022415 -44.194366455 0.026869819 0.996862531 -0.014164418 0.073092058
47.920060 180.518356323 -8.989187241 -46.246788025 0.027352212 0.996806681 -0.014086281 0.073688075
48.023190 180.827133179 -9.062496185 -48.254875183 0.027417738 0.996820211 -0.014141417 0.073469453
48.126450 181.150817871 -9.091874123 -50.451957703 0.028186178 0.996771038 -0.014929318 0.073689893
48.229580 181.457138062 -9.143331528 -52.514259338 0.028741686 0.996778846 -0.014159862 0.073521025
48.332710 181.783569336 -9.200995445 -54.764137268 0.028885672 0.996823311 -0.012861790 0.073098831
48.435980 182.096099854 -9.265439034 -56.857086182 0.029228799 0.996860683 -0.012468907 0.072518848
48.539100 182.421966553 -9.320390701 -59.017608643 0.029535858 0.996863484 -0.013812056 0.072111279
48.642350 182.738891602 -9.375365257 -61.142723083 0.029735647 0.996891975 -0.014452298 0.071507677
48.745480 183.049087524 -9.420333862 -63.333961487 0.029025327 0.996956944 -0.013994484 0.070982784
48.848620 183.361282349 -9.495062828 -65.462722778 0.028653890 0.997012198 -0.012841423 0.070574448
48.951750 183.679244995 -9.525392532 -67.639862061 0.028311616 0.997067571 -0.012918699 0.069913127
49.054890 183.960479736 -9.594814301 -69.803428650 0.028702902 0.997075319 -0.012277374 0.069758110
49.158010 184.303283691 -9.641477585 -71.961013794 0.028401703 0.997168481 -0.012036552 0.068581402
49.261270 184.599929810 -9.692031860 -74.146247864 0.027999084 0.997201145 -0.012454879 0.068196826
49.364400 184.905975342 -9.755759239 -76.288925171 0.027847273 0.997250974 -0.012304082 0.067554660
49.467530 185.192657471 -9.777986526 -78.435775757 0.027126119 0.997295380 -0.012709172 0.067116171
49.570660 185.502410889 -9.869233131 -80.618942261 0.027543625 0.997312784 -0.012236878 0.066774383
49.673830 185.789505005 -9.923102379 -82.739791870 0.028382523 0.997288764 -0.012004722 0.066823885
49.776920 186.079696655 -9.997835159 -84.945007324 0.029837674 0.997251272 -0.010306799 0.067032196
49.879940 186.363906860 -10.050783157 -87.100128174 0.033467423 0.997120619 -0.008970012 0.067452841
49.983070 186.647781372 -10.088039398 -89.272003174 0.033819091 0.997064710 -0.008321487 0.068183437
50.086210 186.938674927 -10.132800102 -91.408218384 0.034937371 0.996963918 -0.010538125 0.068783998
50.189330 187.227539062 -10.193460464 -93.541145325 0.033883635 0.996950924 -0.012267441 0.069211677
50.292590 187.527938843 -10.242335320 -95.722496033 0.032906946 0.996968925 -0.012024424 0.069465317
50.395720 187.837188721 -10.307857513 -97.824813843 0.033157215 0.996972203 -0.009922476 0.069631577
50.498850 188.148880005 -10.358379364 -100.022331238 0.034693629 0.996891499 -0.010856264 0.069899052
50.601980 188.444320679 -10.395234108 -102.052803040 0.037333876 0.996775270 -0.011828349 0.070038579
50.705240 188.744827271 -10.454308510 -104.151039124 0.036231730 0.996797621 -0.011012447 0.070430137
50.808380 189.049774170 -10.493668556 -106.327789307 0.035351653 0.996812463 -0.011146317 0.070645951
50.911510 189.378128052 -10.522987366 -108.478393555 0.032270484 0.996890783 -0.011062804 0.071028143
51.014760 189.707672119 -10.590847969 -110.670028687 0.030558849 0.996927798 -0.010371209 0.071368612
51.117910 190.025253296 -10.655977249 -112.798248291 0.029236402 0.996929407 -0.009805803 0.071977869
51.221150 190.355895996 -10.688968658 -114.945838928 0.029197833 0.996903121 -0.009928200 0.072340332
51.324280 190.683654785 -10.734415054 -117.078094482 0.029462298 0.996867418 -0.008960770 0.072849341
51.427420 190.982498169 -10.788159370 -119.279052734 0.030396469 0.996790528 -0.007952967 0.073630422
51.530670 191.318710327 -10.826527596 -121.388832092 0.030784165 0.996762216 -0.007949587 0.073852688
51.633800 191.618469238 -10.828603745 -123.594139099 0.031259857 0.996685207 -0.008537485 0.074622788
51.736940 191.951293945 -10.886075974 -125.691543579 0.030943891 0.996687829 -0.007793670 0.074800178
51.840070 192.292007446 -10.913731575 -127.885993958 0.030777307 0.996687412 -0.007821991 0.074872263
51.943330 192.628143311 -10.952200890 -130.002990723 0.030535445 0.996707499 -0.008035389 0.074680790
52.046460 192.960098267 -10.983211517 -132.286804199 0.030257601 0.996701956 -0.007716007 0.074901022
52.149720 193.295486450 -10.999976158 -134.446502686 0.030452112 0.996714056 -0.008023854 0.074628085
52.252850 193.628570557 -11.053254128 -136.559661865 0.029915659 0.996718049 -0.008593759 0.074728362
52.356110 193.953292847 -11.105529785 -138.696792603 0.029859269 0.996750295 -0.008529172 0.074327216
52.459240 194.287231445 -11.122514725 -140.958709717 0.028634036 0.996808112 -0.007974445 0.074095123
52.562360 194.644226074 -11.162406921 -143.094909668 0.028575638 0.996873438 -0.007364999 0.073297352
52.665500 194.957000732 -11.185775757 -145.345260620 0.028331105 0.996900737 -0.006923238 0.073064029
52.768750 195.288269043 -11.216525078 -147.548278809 0.027843783 0.996963561 -0.007046614 0.072379395
52.871880 195.588409424 -11.265262604 -149.658111572 0.028807882 0.996992290 -0.006293675 0.071672305
52.975010 195.939697266 -11.298603058 -151.994140625 0.029138172 0.996985197 -0.005429966 0.071707852
53.078160 196.215393066 -11.344389915 -154.113403320 0.031708743 0.996910334 -0.003720192 0.071767278
53.181420 196.546859741 -11.333171844 -156.395736694 0.034500677 0.996787250 -0.002778243 0.072230145
53.284540 196.869583130 -11.356330872 -158.612228394 0.036477715 0.996684849 -0.001830498 0.072699919
53.387670 197.190872192 -11.380157471 -160.905776978 0.037476916 0.996557653 -0.000960795 0.073941976
53.490810 197.517654419 -11.394899368 -163.013626099 0.035167187 0.996627927 -0.001578138 0.074118420
53.593930 197.852462769 -11.393510818 -165.277984619 0.033912301 0.996665478 -0.000971819 0.074208476
53.697060 198.188369751 -11.421497345 -167.439636230 0.031834010 0.996715963 -0.000892346 0.074452080
53.800220 198.527221680 -11.451894760 -169.612030029 0.031118548 0.996745646 -0.003059536 0.074299358
53.903460 198.843246460 -11.452919006 -171.818191528 0.029613620 0.996782124 -0.005663068 0.074271776
54.006590 199.219940186 -11.481304169 -174.004608154 0.028020047 0.996910095 -0.004892552 0.073220484
54.109740 199.574829102 -11.489583015 -176.232894897 0.026237031 0.996993124 -0.002705396 0.072862737
54.212860 199.866760254 -11.503900528 -178.367141724 0.026177894 0.997028589 -0.003300164 0.072372474
54.316000 200.206558228 -11.522474289 -180.554183960 0.025118282 0.997082233 -0.003807610 0.071982853
54.419240 200.501754761 -11.556078911 -182.757766724 0.024536073 0.997090816 -0.005147815 0.071981415
54.522380 200.818710327 -11.564455032 -184.963882446 0.024215842 0.997115195 -0.007131058 0.071582183
54.625520 201.128799438 -11.610917091 -187.145782471 0.024606159 0.997109294 -0.007161775 0.071527652
54.728650 201.455184937 -11.613536835 -189.328613281 0.024580458 0.997108519 -0.005300192 0.071709722
54.831640 201.770034790 -11.630654335 -191.516952515 0.025101062 0.997075498 -0.004749854 0.072026715
54.934780 202.078674316 -11.656782150 -193.802688599 0.025272349 0.997045815 -0.004104484 0.072416387
55.038030 202.416610718 -11.671535492 -195.935073853 0.023477918 0.997083545 -0.002527280 0.072573058
55.141170 202.746154785 -11.700304985 -198.121200562 0.024684418 0.997069597 -0.002221090 0.072374001
55.244300 203.057556152 -11.707366943 -200.253280640 0.024433125 0.997019172 -0.006892394 0.072857790
55.347460 203.322738647 -11.781921387 -202.509750366 0.026290907 0.996886730 -0.011063722 0.073506631
55.450550 203.665328979 -11.820245743 -204.686782837 0.025682645 0.996895492 -0.010341321 0.073707536
55.553810 204.034194946 -11.846805573 -206.929428101 0.023910606 0.996981263 -0.007333690 0.073504530
55.656960 204.371124268 -11.899661064 -209.080245972 0.022309406 0.997043371 -0.004109346 0.073416650
55.760080 204.658630371 -11.902145386 -211.273498535 0.021981193 0.997043252 -0.002817159 0.073577099
55.863250 205.002563477 -11.919168472 -213.443801880 0.020776017 0.997061610 -0.003062964 0.073668852
55.966350 205.308227539 -11.916003227 -215.617813110 0.020260571 0.997066021 -0.003464151 0.073734723
56.069600 205.627624512 -11.932793617 -217.839996338 0.021029003 0.997050285 -0.002112195 0.073783875
56.172740 205.966659546 -11.930603027 -219.990371704 0.021245431 0.997054994 -0.000564871 0.073685884
56.275870 206.274505615 -11.922864914 -222.214782715 0.023255130 0.996974111 -0.000042568 0.074174553
56.379130 206.588973999 -11.927943230 -224.354476929 0.023447527 0.996952236 -0.000513188 0.074405216
56.482250 206.928527832 -11.916725159 -226.508102417 0.023511119 0.996973753 -0.000802372 0.074093662
56.585380 207.261642456 -11.913807869 -228.692565918 0.022867877 0.996979952 0.000734994 0.074212261
56.688510 207.576995850 -11.896656036 -230.856658936 0.023698779 0.996955395 0.002406276 0.074246868
56.791640 207.928894043 -11.907876015 -233.054748535 0.024406606 0.996890247 0.003804741 0.074831091
56.894790 208.223754883 -11.878609657 -235.183776855 0.025049539 0.996858060 0.003676257 0.075053304
56.997920 208.576660156 -11.845408440 -237.357345581 0.024385484 0.996850669 0.002848620 0.075405337
57.101040 208.886260986 -11.849547386 -239.506454468 0.025207564 0.996798992 0.004858832 0.075715005
57.204300 209.222869873 -11.824072838 -241.680511475 0.026080776 0.996721625 0.005771936 0.076370321
57.307430 209.557235718 -11.825267792 -243.792266846 0.029007260 0.996636033 0.002650572 0.076604128
57.410560 209.876586914 -11.797061920 -245.963562012 0.031442262 0.996503115 0.001003258 0.077407524
57.513690 210.194274902 -11.798010826 -248.073883057 0.032389365 0.996437788 0.002996089 0.077805378
57.616950 210.548538208 -11.796030045 -250.225006104 0.034072712 0.996364832 0.005213098 0.077903539
57.720080 210.884857178 -11.757921219 -252.342544556 0.033591025 0.996367633 0.006309797 0.077995963
57.823330 211.211395264 -11.728848457 -254.527084351 0.032563750 0.996381938 0.006371128 0.078243695
57.926470 211.553375244 -11.719861984 -256.591796875 0.033406422 0.996372342 0.006485387 0.078000367
58.029600 211.886306763 -11.673230171 -258.754577637 0.034035556 0.996335804 0.004966154 0.078306779
58.132870 212.238647461 -11.656626701 -260.846252441 0.032591552 0.996418417 0.005318223 0.077844843
58.236000 212.593841553 -11.626010895 -263.006713867 0.030750539 0.996509790 0.005790593 0.077389665
58.339130 212.921691895 -11.596623421 -265.109008789 0.030502798 0.996508241 0.005630548 0.077519186
58.442270 213.294052124 -11.555622101 -267.259613037 0.030356048 0.996569932 0.004167038 0.076873280
58.545390 213.602432251 -11.553842545 -269.418426514 0.032432344 0.996490240 0.003824447 0.077076055
58.648520 213.940780640 -11.542298317 -271.601409912 0.034041412 0.996454000 0.001182960 0.076936461
58.751830 214.263290405 -11.542327881 -273.707244873 0.035433177 0.996422946 -0.001811290 0.076697499
58.854790 214.619262695 -11.526715279 -275.842376709 0.034792621 0.996470153 -0.002566318 0.076355062
58.958050 214.933929443 -11.541584015 -278.061523438 0.033432435 0.996507466 0.000343859 0.076518022
59.061180 215.294097900 -11.533517838 -280.230041504 0.030794237 0.996611953 0.004398027 0.076138034
59.164310 215.620697021 -11.534392357 -282.480926514 0.028716242 0.996657550 0.006604109 0.076193713
59.267440 216.016250610 -11.461032867 -284.585266113 0.027808923 0.996774614 0.004989545 0.075114019
59.370450 216.345642090 -11.424977303 -286.790405273 0.027783785 0.996767938 0.003691960 0.075287431
59.473580 216.677642822 -11.420263290 -289.007843018 0.030197715 0.996731460 0.004160804 0.074814089
59.576700 216.997756958 -11.425960541 -291.192199707 0.031799946 0.996681690 0.005335997 0.074738741
59.679840 217.319625854 -11.377535820 -293.398223877 0.034080494 0.996627927 0.004736871 0.074490599
59.782970 217.670227051 -11.348995209 -295.642181396 0.034511216 0.996647179 0.004848510 0.074026175
59.886230 217.981231689 -11.333965302 -297.817138672 0.035471879 0.996605873 0.006375656 0.074012406
59.989240 218.317489624 -11.300438881 -300.070495605 0.034249108 0.996649742 0.007192953 0.073922262
60.092370 218.653945923 -11.261501312 -302.224975586 0.033078276 0.996748805 0.006053212 0.073218547
60.195500 218.996917725 -11.231918335 -304.442321777 0.031672221 0.996851742 0.004759344 0.072531827
60.298640 219.330734253 -11.219962120 -306.686431885 0.030648232 0.996931553 0.005036846 0.071853235
60.401770 219.634948730 -11.196479797 -308.859832764 0.030591693 0.996970117 0.006196375 0.071248472
60.504890 219.947692871 -11.169302940 -311.115478516 0.030866694 0.996983588 0.007113852 0.070854858
60.608020 220.267150879 -11.152495384 -313.285400391 0.030813586 0.997046769 0.008248830 0.069858834
60.711150 220.581466675 -11.113961220 -315.496063232 0.030303340 0.997110844 0.009016197 0.069068275
60.814300 220.878494263 -11.082727432 -317.671081543 0.030642018 0.997137666 0.009555065 0.068456255
60.917430 221.224197388 -11.035097122 -319.842742920 0.029259073 0.997239053 0.008382319 0.067733929
61.020560 221.488067627 -11.003236771 -322.041564941 0.030424591 0.997221470 0.008508620 0.067463338
61.123690 221.789062500 -10.965238571 -324.259582520 0.030729331 0.997232854 0.009782776 0.066982403
61.226820 222.089401245 -10.935195923 -326.380340576 0.030521609 0.997275651 0.010489185 0.066330150
61.329950 222.369384766 -10.892619133 -328.540008545 0.029964341 0.997310221 0.010713101 0.066027425
61.433090 222.656402588 -10.846138000 -330.740142822 0.029151099 0.997353792 0.011136306 0.065662645
61.536210 222.970932007 -10.807143211 -332.867645264 0.028278351 0.997421801 0.010000315 0.065192945
61.639340 223.251586914 -10.773943901 -335.038330078 0.028970050 0.997457862 0.007759398 0.064640500
61.742470 223.531539917 -10.744525909 -337.155395508 0.028808942 0.997486055 0.006812305 0.064383075
61.845620 223.798767090 -10.720017433 -339.273162842 0.028821744 0.997447670 0.008229497 0.064805761
61.948770 224.070266724 -10.681811333 -341.428833008 0.028735423 0.997417450 0.009298919 0.065162882
62.051750 224.368515015 -10.635147095 -343.515777588 0.029716833 0.997385502 0.010206270 0.065076403
62.154880 224.655303955 -10.608778000 -345.648773193 0.029558133 0.997367144 0.011647508 0.065187752
62.258010 224.936904907 -10.563579559 -347.727264404 0.029138703 0.997369289 0.011827942 0.065311119
62.361140 225.197967529 -10.510890007 -349.866577148 0.029832881 0.997329772 0.011623541 0.065637104
62.464280 225.515045166 -10.461769104 -351.980224609 0.028016157 0.997400045 0.012245205 0.065255389
62.567290 225.806518555 -10.398896217 -354.157745361 0.027382217 0.997431040 0.012540646 0.064994961
62.670410 226.092330933 -10.361140251 -356.299713135 0.026184956 0.997478187 0.012429894 0.064785108
62.773560 226.357360840 -10.300134659 -358.348052979 0.025993297 0.997540355 0.012964526 0.063792214
62.876680 226.647827148 -10.254506111 -360.442077637 0.025421914 0.997598410 0.014537793 0.062767960
62.979800 226.898986816 -10.200164795 -362.572845459 0.026730370 0.997566640 0.015940480 0.062386964
63.082810 227.160156250 -10.144286156 -364.703399658 0.028346062 0.997553349 0.016369648 0.061773207
63.185940 227.441284180 -10.103481293 -366.818542480 0.029433116 0.997587681 0.015517877 0.060923982
63.289090 227.666076660 -10.047073364 -368.835662842 0.029124651 0.997646034 0.013992144 0.060484149
63.392210 227.852905273 -9.980364799 -370.894470215 0.030018836 0.997647583 0.013297091 0.060177233
63.495350 228.139328003 -9.869337082 -373.052551270 0.029346976 0.997714221 0.013036296 0.059456788
63.598360 228.393707275 -9.879960060 -374.907012939 0.030112132 0.997777879 0.013221041 0.057946831
63.701480 228.635742188 -9.819365501 -376.994049072 0.031062862 0.997786880 0.012951648 0.057346847
63.804620 228.862579346 -9.774740219 -378.999053955 0.031312753 0.997788191 0.013483342 0.057065073
63.907750 229.074432373 -9.746248245 -380.849517822 0.031536251 0.997814655 0.014199045 0.056300256
64.010870 229.320343018 -9.688088417 -382.807586670 0.030554358 0.997890592 0.014106649 0.055513665
64.114010 229.510681152 -9.658927917 -384.692871094 0.030728800 0.997891963 0.015471717 0.055028081
64.217150 229.760406494 -9.609879494 -386.634887695 0.031293109 0.997924447 0.015703369 0.054046016
64.320280 229.934692383 -9.581871986 -388.566894531 0.032484647 0.997886240 0.015156992 0.054203395
64.423280 230.099426270 -9.523045540 -390.368316650 0.033157550 0.997877240 0.013166035 0.054481220
64.526410 230.296630859 -9.482253075 -392.318084717 0.034295939 0.997824907 0.011876128 0.055028729
64.629560 230.560150146 -9.464524269 -394.085174561 0.032097515 0.997953355 0.011847922 0.054022770
64.732670 230.735855103 -9.401100159 -395.885528564 0.030639853 0.998019159 0.012402786 0.053527024
64.835820 230.970657349 -9.351321220 -397.709838867 0.029403469 0.998062134 0.013226391 0.053220607
64.938950 231.142608643 -9.314148903 -399.530303955 0.029583462 0.998036802 0.014515088 0.053259723
65.042080 231.339050293 -9.273029327 -401.370727539 0.030623619 0.998006463 0.014899356 0.053134408
65.145200 231.550872803 -9.207802773 -403.232574463 0.029962497 0.998038054 0.014502374 0.053027958
65.248340 231.714843750 -9.168941498 -404.956634521 0.029584380 0.998077154 0.013854212 0.052676704
65.351350 231.896240234 -9.133737564 -406.746368408 0.029091762 0.998109400 0.013204057 0.052507170
65.454500 232.108978271 -9.079039574 -408.478515625 0.027603557 0.998204768 0.013054493 0.051524952
65.557610 232.289428711 -9.019485474 -410.227722168 0.027054219 0.998241246 0.013232522 0.051063310
65.660740 232.467041016 -8.980745316 -412.038543701 0.027497841 0.998261511 0.012973073 0.050493125
65.763990 232.640106201 -8.962579727 -413.687835693 0.028098477 0.998279870 0.013416033 0.049676232
65.867130 232.801971436 -8.945647240 -415.442474365 0.028360058 0.998283386 0.014159405 0.049248736
65.970130 232.978332520 -8.898505211 -417.088317871 0.027912224 0.998362601 0.013970001 0.047936082
66.073400 233.137741089 -8.855257034 -418.761840820 0.027401639 0.998419583 0.014035573 0.047015768
66.176530 233.299896240 -8.823572159 -420.370544434 0.026898665 0.998510599 0.014580168 0.045171198
66.279660 233.462478638 -8.797277451 -422.026519775 0.026025428 0.998620450 0.013941980 0.043421973
66.382790 233.593872070 -8.754538536 -423.593811035 0.025697462 0.998732030 0.012632268 0.041406091
66.486050 233.719314575 -8.706688881 -425.255767822 0.025458358 0.998821437 0.010923589 0.039852962
66.589170 233.859146118 -8.685751915 -426.791931152 0.025461763 0.998920679 0.010394668 0.037431393
66.692310 233.963516235 -8.661154747 -428.454071045 0.025770629 0.998973787 0.010748824 0.035660535
66.795560 234.080841064 -8.626650810 -430.002014160 0.025690485 0.999043047 0.011688226 0.033412471
66.898700 234.192031860 -8.600229263 -431.649597168 0.026379587 0.999081135 0.013472952 0.030976303
67.001960 234.283172607 -8.551759720 -433.200164795 0.026899830 0.999135375 0.014384716 0.028247796
67.105090 234.355850220 -8.504513741 -434.841979980 0.028053280 0.999179125 0.014121137 0.025585825
67.208350 234.438751221 -8.466786385 -436.351806641 0.029157102 0.999219179 0.014079377 0.022643503
67.311480 234.510726929 -8.426497459 -437.911071777 0.029648768 0.999279559 0.013196685 0.019675776
67.414730 234.565582275 -8.387481689 -439.482666016 0.030725738 0.999296427 0.013277879 0.016918236
67.517860 234.597900391 -8.351512909 -441.104431152 0.030962629 0.999318242 0.014130132 0.014306648
67.621000 234.655380249 -8.305723190 -442.611022949 0.030592900 0.999374986 0.013777417 0.011131268
67.724120 234.694702148 -8.271065712 -444.159301758 0.029708358 0.999447107 0.012423288 0.008277225
67.827290 234.719879150 -8.233226776 -445.708831787 0.028517207 0.999513149 0.011628029 0.005005380
67.930390 234.752105713 -8.196923256 -447.299041748 0.027785085 0.999535918 0.012439177 0.001080913
68.033670 234.733016968 -8.141772270 -448.813903809 0.028611865 0.999493420 0.013611782 -0.002982122
68.136770 234.709014893 -8.081177711 -450.413299561 0.029244130 0.999442816 0.014408432 -0.007159701
68.240040 234.680572510 -8.059545517 -451.875976562 0.030452177 0.999355674 0.014396037 -0.012398107
68.343170 234.637252808 -8.014401436 -453.413269043 0.030549062 0.999273896 0.014314695 -0.017707588
68.446430 234.557144165 -7.979093552 -454.948547363 0.030379610 0.999199450 0.012991592 -0.022554830
68.549550 234.486450195 -7.938548088 -456.437866211 0.028021445 0.999154985 0.010633478 -0.028126108
68.652810 234.407958984 -7.912514687 -457.988433838 0.026982477 0.999024391 0.009576882 -0.033622142
68.755940 234.304779053 -7.878212929 -459.447479248 0.025559470 0.998867691 0.010196578 -0.038807180
68.859080 234.170593262 -7.844228745 -460.990203857 0.026165722 0.998688877 0.010639584 -0.042693116
68.962220 234.039825439 -7.814159393 -462.418762207 0.027308017 0.998549879 0.010231469 -0.045250993
69.065220 233.884918213 -7.782907486 -463.937774658 0.028941641 0.998469651 0.010200541 -0.046007667
69.168230 233.754730225 -7.747765541 -465.364715576 0.030398328 0.998424590 0.010379787 -0.046005286
69.271230 233.619323730 -7.714216232 -466.888336182 0.031869873 0.998433888 0.010806173 -0.044691697
69.374240 233.501846313 -7.680253029 -468.259155273 0.032463409 0.998527586 0.010527395 -0.042165127
69.477250 233.378204346 -7.652655602 -469.753265381 0.033822149 0.998638451 0.010955991 -0.038174726
69.580120 233.270935059 -7.616415024 -471.181365967 0.034850948 0.998775721 0.011462349 -0.033182941
69.683130 233.206878662 -7.597921371 -472.496337891 0.034560472 0.998916090 0.012413416 -0.028604003
69.786140 233.142105103 -7.565080643 -473.916107178 0.034359958 0.999057233 0.012365174 -0.023477942
69.889150 233.086593628 -7.541336060 -475.319427490 0.033532385 0.999201000 0.012067581 -0.018091869
69.992160 233.067184448 -7.512407303 -476.614837646 0.032639325 0.999301732 0.012021760 -0.013646202
70.095290 233.059219360 -7.484459877 -477.966674805 0.032048538 0.999364316 0.012749955 -0.009012383
70.198290 233.060928345 -7.445112228 -479.329254150 0.031365540 0.999405146 0.013521706 -0.004768634
70.301420 233.057540894 -7.413756371 -480.609832764 0.031478334 0.999413848 0.013356708 -0.001629104
70.404680 233.069381714 -7.369255066 -481.942260742 0.030769160 0.999448538 0.012409876 0.001372386
70.507810 233.080459595 -7.332323074 -483.335632324 0.030937834 0.999452651 0.011095797 0.003752806
70.611070 233.100128174 -7.320114136 -484.625244141 0.030962048 0.999444306 0.011076202 0.005460018
70.714320 233.130065918 -7.289281845 -485.994476318 0.030720929 0.999445558 0.010817640 0.006915706
70.817600 233.160736084 -7.243163109 -487.329071045 0.030166423 0.999449551 0.011183301 0.008095059
70.920710 233.179138184 -7.226231575 -488.629364014 0.030117756 0.999440610 0.011613528 0.008748028
71.023970 233.222442627 -7.201391220 -489.946044922 0.029580802 0.999453068 0.011751037 0.008972609
71.127240 233.246826172 -7.170077324 -491.284484863 0.029756580 0.999444127 0.011655417 0.009495181
71.230370 233.265762329 -7.142084122 -492.598175049 0.030239202 0.999419749 0.012096575 0.009970068
71.333620 233.322708130 -7.100327492 -493.913574219 0.030127352 0.999424100 0.012282950 0.009641123
71.436880 233.353118896 -7.060679436 -495.217285156 0.029668428 0.999435961 0.012267034 0.009853529
71.540130 233.354019165 -7.049965858 -496.564971924 0.030577969 0.999403954 0.012584724 0.009914511
71.643260 233.378738403 -7.018037796 -497.886749268 0.030429436 0.999407828 0.012568067 0.010002857
71.746650 233.410263062 -6.970462799 -499.218811035 0.030311340 0.999407291 0.012867787 0.010033673
71.849890 233.435211182 -6.957149506 -500.469665527 0.031085273 0.999369025 0.014369275 0.009423742
71.953030 233.472579956 -6.910631180 -501.755310059 0.030517340 0.999387264 0.014377595 0.009329470
72.056300 233.506805420 -6.871300697 -503.048858643 0.031161331 0.999378324 0.013927538 0.008829647
72.159540 233.514114380 -6.862259865 -504.265106201 0.031173965 0.999375284 0.014312866 0.008503320
72.262800 233.538284302 -6.825613022 -505.493835449 0.031393532 0.999367416 0.014387557 0.008500909
72.366180 233.557785034 -6.807062149 -506.689147949 0.031050865 0.999379039 0.014548828 0.008108035
72.469320 233.576141357 -6.779305458 -507.902435303 0.031875167 0.999348283 0.014862456 0.008131249
72.572640 233.603271484 -6.752927780 -509.035156250 0.032052532 0.999338388 0.015383828 0.007664940
72.675820 233.627029419 -6.725341797 -510.206848145 0.031767186 0.999349535 0.015330577 0.007503032
72.779080 233.665512085 -6.691449165 -511.348449707 0.031674732 0.999359369 0.015002920 0.007246197
72.882340 233.667892456 -6.671636581 -512.403137207 0.032143284 0.999343395 0.015037022 0.007314744
72.985600 233.681716919 -6.644408226 -513.511962891 0.031664774 0.999353766 0.015222018 0.007598991
73.088860 233.740798950 -6.601439476 -514.546997070 0.032213159 0.999332905 0.015306160 0.007859291
73.191990 233.736648560 -6.596104622 -515.546447754 0.031299848 0.999353826 0.015457925 0.008559754
73.295250 233.746200562 -6.572650909 -516.547973633 0.031330571 0.999341726 0.015801089 0.009211158
73.398510 233.769744873 -6.549690247 -517.497009277 0.031363234 0.999333739 0.015856681 0.009850674
73.501890 233.802734375 -6.519939423 -518.433593750 0.031000614 0.999343216 0.015842037 0.010054866
73.605130 233.839416504 -6.494672775 -519.321105957 0.030613588 0.999347150 0.016248563 0.010202652
73.708390 233.848419189 -6.478588104 -520.198425293 0.031177470 0.999319851 0.016462581 0.010805466
73.811660 233.873596191 -6.448438644 -521.065002441 0.030835336 0.999334753 0.015813980 0.011362415
73.914900 233.906906128 -6.434411049 -521.876464844 0.030683842 0.999344766 0.015236427 0.011675749
74.018170 233.927154541 -6.410621643 -522.677917480 0.030715855 0.999344707 0.014783868 0.012167841
74.121430 233.948455811 -6.392948151 -523.466552734 0.031143000 0.999333084 0.014390501 0.012505370
74.224690 233.976440430 -6.360995293 -524.212219238 0.031104660 0.999347508 0.013572377 0.012362474
74.327820 233.994781494 -6.352907181 -524.972290039 0.031162288 0.999346316 0.013541758 0.012347750
74.431080 234.004425049 -6.339400291 -525.709594727 0.030972725 0.999356270 0.013172505 0.012419455
74.534210 234.033569336 -6.326020241 -526.464904785 0.031291712 0.999357939 0.012647965 0.012022354
74.637450 234.058822632 -6.300756454 -527.189941406 0.031126266 0.999374568 0.012102239 0.011622925
74.740720 234.073303223 -6.286349297 -527.902465820 0.031423219 0.999372125 0.012096635 0.011025210
74.843980 234.087646484 -6.269603729 -528.633178711 0.031196574 0.999378502 0.012354871 0.010803370
74.947230 234.107818604 -6.252119064 -529.320312500 0.031531878 0.999378502 0.012064210 0.010142285
75.050370 234.117263794 -6.233364105 -530.029541016 0.031550121 0.999383330 0.012033134 0.009632879
75.153620 234.143539429 -6.216345787 -530.754089355 0.030939484 0.999407768 0.012246377 0.008772099
75.256880 234.157226562 -6.200021744 -531.426513672 0.031283870 0.999405622 0.012304628 0.007639142
75.360130 234.164382935 -6.183525085 -532.110290527 0.031330906 0.999406993 0.012558211 0.006809706
75.463390 234.176742554 -6.166002274 -532.766296387 0.031432271 0.999400318 0.013332433 0.005762698
75.566520 234.185897827 -6.154640198 -533.364318848 0.031465456 0.999400675 0.013627621 0.004737318
75.669780 234.184432983 -6.131749153 -534.036804199 0.031765446 0.999396920 0.013420501 0.004079508
75.773030 234.194137573 -6.128051758 -534.607971191 0.032105822 0.999388754 0.013457503 0.003186552
75.876170 234.204116821 -6.120671272 -535.190124512 0.031901471 0.999394298 0.013718327 0.002253918
75.979450 234.195266724 -6.101545334 -535.730041504 0.032156497 0.999389410 0.013586150 0.001483605
76.082690 234.205764771 -6.086236000 -536.283020020 0.032430589 0.999383330 0.013437799 0.000804784
76.185820 234.196640015 -6.072162628 -536.770874023 0.032373458 0.999385357 0.013439692 0.000476798
76.288950 234.213790894 -6.055825233 -537.260009766 0.032044318 0.999395967 0.013448077 -0.000131444
76.392210 234.203002930 -6.053300858 -537.738769531 0.032018021 0.999391437 0.013837191 -0.000269781
76.495370 234.205245972 -6.042342186 -538.182128906 0.032459792 0.999371469 0.014239125 -0.000460112
76.598460 234.199905396 -6.039130211 -538.591308594 0.031898212 0.999389887 0.014206928 -0.000686084
76.701720 234.209686279 -6.028069496 -538.972412109 0.032380398 0.999373794 0.014225808 -0.001075491
76.804860 234.204391479 -6.016999245 -539.348144531 0.032710485 0.999364614 0.014111231 -0.001120735
76.908110 234.208435059 -6.003941536 -539.692749023 0.032707680 0.999370694 0.013644445 -0.001523770
77.011250 234.208618164 -5.996513367 -540.006958008 0.031857882 0.999403834 0.013202213 -0.001653572
77.114500 234.205490112 -5.993474960 -540.331909180 0.032168403 0.999388218 0.013623913 -0.001665905
77.217680 234.207031250 -5.983409882 -540.620178223 0.032070965 0.999392450 0.013533315 -0.001730572
77.320760 234.210494995 -5.977286339 -540.912658691 0.032270085 0.999386847 0.013474002 -0.001739991
77.424020 234.201568604 -5.966035843 -541.181884766 0.032255340 0.999386489 0.013567826 -0.001457032
77.527150 234.206130981 -5.970438957 -541.415527344 0.032119308 0.999388158 0.013777008 -0.001328732
77.630280 234.205566406 -5.964557648 -541.657287598 0.032122381 0.999387860 0.013801558 -0.001243802
77.733540 234.221633911 -5.957154274 -541.869079590 0.031536896 0.999407768 0.013706420 -0.001291062
77.836670 234.207015991 -5.957901001 -542.073852539 0.031722087 0.999399543 0.013920551 -0.000731739
77.939940 234.213745117 -5.949025154 -542.269653320 0.031615097 0.999410212 0.013391189 -0.000607806
78.043090 234.216354370 -5.950072289 -542.460876465 0.031841092 0.999410629 0.012817940 -0.000516809
78.146370 234.214111328 -5.958865166 -542.640441895 0.031984858 0.999412715 0.012295349 -0.000185654
78.249450 234.216262817 -5.945384026 -542.826538086 0.031941146 0.999421895 0.011646725 -0.000019038
78.352710 234.219131470 -5.935147285 -543.011840820 0.031753533 0.999430120 0.011452024 0.000163692
78.455840 234.211029053 -5.932062149 -543.229492188 0.032049112 0.999416947 0.011752426 0.000697807
78.559090 234.221069336 -5.922986031 -543.423828125 0.031958692 0.999422431 0.011525650 0.000740702
78.662220 234.218353271 -5.925587654 -543.610900879 0.032446813 0.999404073 0.011733220 0.001027393
78.765480 234.223739624 -5.917357445 -543.816162109 0.032304648 0.999410629 0.011548072 0.001225867
78.868610 234.223251343 -5.912156105 -544.012145996 0.032126468 0.999417067 0.011459598 0.001471983
78.971870 234.223251343 -5.916076660 -544.212036133 0.032148160 0.999411643 0.011822996 0.001752603
79.075140 234.222534180 -5.907019615 -544.422729492 0.032286607 0.999407470 0.011755491 0.002047868
79.178270 234.226867676 -5.898506165 -544.638977051 0.032189690 0.999412477 0.011553677 0.002235143
79.281520 234.233459473 -5.893318176 -544.849060059 0.032029670 0.999418318 0.011472606 0.002335480
79.384770 234.237716675 -5.885767937 -545.058898926 0.031573255 0.999432147 0.011492132 0.002547546
79.488030 234.239532471 -5.883635521 -545.274902344 0.031607080 0.999428928 0.011599327 0.002867507
79.591290 234.235824585 -5.875598907 -545.500793457 0.031833753 0.999422073 0.011493218 0.003152476
79.694540 234.237457275 -5.874697685 -545.711486816 0.031833559 0.999418020 0.011797587 0.003324770
79.797800 234.242660522 -5.867971420 -545.938964844 0.032111123 0.999406457 0.011935673 0.003621083
79.901070 234.245513916 -5.862521172 -546.152709961 0.032012068 0.999408662 0.011926051 0.003911857
80.004360 234.242416382 -5.856138229 -546.381652832 0.032034926 0.999404848 0.012066227 0.004261086
80.107450 234.244476318 -5.850784302 -546.600646973 0.032033749 0.999402583 0.012133853 0.004595354
80.210730 234.243316650 -5.848807335 -546.833374023 0.031900693 0.999405980 0.012092572 0.004883219
80.314000 234.255722046 -5.844384193 -547.056030273 0.031888999 0.999407172 0.012009337 0.004915759
80.417240 234.252990723 -5.842434883 -547.279357910 0.031933617 0.999399960 0.012380978 0.005169997
80.520350 234.255477905 -5.832252502 -547.499938965 0.032358557 0.999383628 0.012495508 0.005397132
80.623610 234.260299683 -5.831296921 -547.706176758 0.032782476 0.999365807 0.012759083 0.005519989
80.726860 234.269348145 -5.823865891 -547.910522461 0.032863341 0.999363005 0.012724518 0.005631892
80.830120 234.270233154 -5.817424774 -548.111083984 0.032540094 0.999371767 0.012744611 0.005892010
80.933310 234.270645142 -5.808963776 -548.302368164 0.032103453 0.999386311 0.012553917 0.006222748
81.036510 234.273284912 -5.804829597 -548.474853516 0.032192297 0.999381423 0.012648999 0.006354734
81.139760 234.278991699 -5.803880692 -548.637939453 0.032199252 0.999379873 0.012748027 0.006364506
81.243140 234.279327393 -5.799248695 -548.790405273 0.032071695 0.999380291 0.012978351 0.006476179
81.346450 234.276885986 -5.795635223 -548.937561035 0.031980406 0.999377251 0.013227739 0.006875950
81.449660 234.282165527 -5.798408508 -549.062622070 0.032423317 0.999363482 0.013183304 0.006892997
81.552920 234.274139404 -5.800744057 -549.182067871 0.033022776 0.999339461 0.013380961 0.007145330
81.656050 234.286788940 -5.788661957 -549.281494141 0.032968175 0.999345660 0.013104536 0.007045816
81.759300 234.286285400 -5.795636177 -549.376953125 0.032655992 0.999353290 0.013241182 0.007162527
81.862700 234.296356201 -5.789380074 -549.454040527 0.032179117 0.999372602 0.013002671 0.007055820
81.965840 234.299163818 -5.787907600 -549.516662598 0.031872254 0.999382615 0.012954210 0.007118329
82.069080 234.307678223 -5.782843590 -549.576538086 0.031973127 0.999383390 0.012716006 0.006987505
82.172330 234.296478271 -5.782591820 -549.631958008 0.032294367 0.999375463 0.012349907 0.007293524
82.275590 234.298492432 -5.781532288 -549.672180176 0.032123994 0.999387145 0.011834743 0.007299849
82.378910 234.299850464 -5.774714470 -549.735900879 0.031919844 0.999401808 0.011060361 0.007401385
82.482170 234.301300049 -5.780806541 -549.788757324 0.031905387 0.999405742 0.010800694 0.007315629
82.585360 234.300750732 -5.775369644 -549.868591309 0.031978071 0.999403536 0.010738261 0.007386751
82.688610 234.313980103 -5.776329041 -549.943359375 0.032041226 0.999401331 0.010817612 0.007305305
82.791870 234.314193726 -5.782598495 -550.020629883 0.032290351 0.999391854 0.010908235 0.007367836
