0.310034 0.0000000 0.0000000 0.0000000 0.0000000 0.0000000 0.0000000 1.0000000
0.413284 0.0093858 0.0054069 0.8681613 -0.0013172 0.0004768 0.0016976 0.9999976
0.516545 0.0111112 0.0133144 1.7396470 -0.0022994 0.0004329 0.0031999 0.9999921
0.619793 0.0115190 0.0166542 2.6179461 -0.0027667 -0.0004441 0.0041185 0.9999876
0.723047 0.0110304 0.0267426 3.4941325 -0.0023729 -0.0019051 0.0055284 0.9999801
0.826194 0.0004051 0.0343003 4.3747215 -0.0017934 -0.0041804 0.0066054 0.9999678
0.929446 -0.0192030 0.0412215 5.2635255 -0.0019105 -0.0074361 0.0079412 0.9999390
1.032570 -0.0434745 0.0529823 6.1610045 -0.0025425 -0.0116902 0.0089940 0.9998880
1.238967 -0.1226949 0.0664956 7.9706779 -0.0050409 -0.0219493 0.0106414 0.9996898
1.445346 -0.2616490 0.0865167 9.7812061 -0.0056485 -0.0331897 0.0089867 0.9993927
1.651731 -0.4357908 0.1082391 11.6123838 -0.0043608 -0.0436978 0.0091786 0.9989931
1.858243 -0.6379300 0.1402593 13.4578247 -0.0035328 -0.0531690 0.0090164 0.9985386
2.168023 -0.9996545 0.1597285 16.1946182 -0.0021727 -0.0656136 0.0105586 0.9977869
2.478046 -1.4204540 0.1691037 18.9352837 -0.0049116 -0.0735998 0.0080794 0.9972430
2.788058 -1.8473136 0.2026223 21.6306572 -0.0069406 -0.0786850 0.0089377 0.9968353
3.098084 -2.2986960 0.2301558 24.2968750 -0.0074234 -0.0801484 0.0077886 0.9967248
3.304848 -2.5802028 0.2515040 26.0270233 -0.0049179 -0.0784596 0.0076240 0.9968760
3.615029 -2.9685624 0.2831344 28.6471081 -0.0064126 -0.0723509 0.0091869 0.9973163
3.925145 -3.3215933 0.3042455 31.2221222 -0.0031094 -0.0676106 0.0105936 0.9976507
4.338544 -3.7702489 0.3274196 34.6112213 -0.0030763 -0.0624900 0.0084505 0.9980051
4.751816 -4.1988378 0.3441326 37.9424248 -0.0029637 -0.0580149 0.0052659 0.9982975
5.061591 -4.4843521 0.3661926 40.4266129 -0.0021431 -0.0566414 0.0066848 0.9983699
5.371242 -4.7885771 0.3792671 42.9283371 -0.0027487 -0.0595218 0.0073359 0.9981962
5.784141 -5.2174106 0.4163278 46.2500687 -0.0071950 -0.0637315 0.0051605 0.9979278
5.990642 -5.4315062 0.4405555 47.8792152 -0.0052891 -0.0660299 0.0051552 0.9977903
6.403556 -5.8785362 0.4908200 51.1099052 -0.0021019 -0.0704691 0.0087479 0.9974734
6.816582 -6.3792205 0.5034645 54.4042854 -0.0008692 -0.0771534 0.0103650 0.9969650
7.229609 -6.9715490 0.5270392 57.7908974 -0.0046969 -0.0833898 0.0076480 0.9964766
7.642627 -7.6303458 0.5727586 61.2971878 -0.0031327 -0.0885443 0.0062038 0.9960480
8.055789 -8.3269482 0.6137168 64.9640884 -0.0005845 -0.0923012 0.0065548 0.9957094
8.365809 -8.8821163 0.6274296 67.8446732 -0.0012030 -0.0936401 0.0069164 0.9955813
8.675822 -9.4571819 0.6595576 70.8316956 -0.0021381 -0.0933010 0.0059681 0.9956177
8.882585 -9.8362865 0.6763400 72.8618698 -0.0019683 -0.0926327 0.0083480 0.9956634
9.089233 -10.2238684 0.6925880 74.8930359 -0.0009573 -0.0921398 0.0075885 0.9957167
9.399131 -10.7934933 0.7027788 77.9371490 -0.0046106 -0.0918729 0.0085484 0.9957234
9.605761 -11.1784678 0.7214785 79.9515762 -0.0044661 -0.0930863 0.0085151 0.9956116
9.812274 -11.5746326 0.7370512 81.9646072 -0.0052323 -0.0947702 0.0092415 0.9954425
10.018910 -11.9632435 0.7628778 83.9648438 -0.0059349 -0.0970281 0.0096013 0.9952176
10.122180 -12.1590805 0.7705551 84.9519730 -0.0060840 -0.0978530 0.0102580 0.9951294
10.328820 -12.5800180 0.7855606 86.9197159 -0.0034922 -0.0999390 0.0073258 0.9949605
10.432200 -12.7848625 0.7898577 87.8990860 -0.0021266 -0.1006905 0.0090636 0.9948742
10.638820 -13.2007675 0.8122689 89.8581314 -0.0019645 -0.1013858 0.0092032 0.9948027
10.845600 -13.6128426 0.8209291 91.8047409 -0.0046097 -0.1031520 0.0094094 0.9946104
11.052240 -14.0309553 0.8324883 93.7014389 -0.0040060 -0.1036869 0.0082449 0.9945678
11.259000 -14.4506969 0.8475698 95.5711060 -0.0033836 -0.1036803 0.0048907 0.9945929
11.465750 -14.8589287 0.8654678 97.4371490 -0.0056722 -0.1020945 0.0015318 0.9947574
11.672520 -15.2419510 0.8952861 99.2678070 -0.0087092 -0.0983624 -0.0005178 0.9951124
11.879410 -15.5901470 0.9253763 101.0606232 -0.0083396 -0.0923174 -0.0006332 0.9956945
11.982910 -15.7438812 0.9294508 101.9198914 -0.0063898 -0.0885243 0.0005553 0.9960534
12.086310 -15.8872643 0.9389366 102.7832947 -0.0034396 -0.0841556 0.0016016 0.9964454
12.293320 -16.1439590 0.9541811 104.4448929 0.0009881 -0.0732897 -0.0000960 0.9973102
12.500330 -16.3347912 0.9669709 106.0873489 -0.0021709 -0.0597821 0.0025647 0.9982058
12.707460 -16.4750004 0.9679369 107.6819992 -0.0049206 -0.0445962 0.0026771 0.9989894
12.810980 -16.5281181 0.9701260 108.4705048 -0.0047102 -0.0365243 0.0014684 0.9993206
13.018120 -16.5867367 0.9840891 110.0223770 -0.0018503 -0.0162645 0.0004792 0.9998659
13.121770 -16.5800152 0.9894089 110.7835693 -0.0008424 -0.0041360 -0.0001929 0.9999911
13.329020 -16.5078068 0.9946386 112.3183746 -0.0001533 0.0251572 -0.0026345 0.9996800
13.432650 -16.4348755 0.9932756 113.0685425 -0.0005027 0.0414495 -0.0032023 0.9991353
13.639780 -16.1883850 0.9973712 114.5709839 -0.0012179 0.0755475 -0.0033560 0.9971358
13.950430 -15.6404037 0.9988955 116.7466354 -0.0007465 0.1285523 -0.0027595 0.9916986
14.157450 -15.1492348 1.0051949 118.1709595 0.0005648 0.1652098 -0.0040528 0.9862500
14.364460 -14.5209427 1.0097529 119.5661697 0.0014339 0.2020071 -0.0020672 0.9793808
14.674730 -13.3494148 1.0053132 121.6525574 0.0034004 0.2578752 -0.0029563 0.9661677
14.881620 -12.4090347 1.0001310 122.9739838 0.0060041 0.2951434 -0.0006989 0.9554338
15.088510 -11.3725891 0.9950469 124.2649612 0.0070149 0.3321539 -0.0004401 0.9431990
15.295270 -10.2023315 0.9802008 125.4895172 0.0075275 0.3675379 0.0016401 0.9299766
15.605150 -8.2564125 0.9387463 127.2209320 0.0116208 0.4160297 0.0019108 0.9092748
15.811550 -6.8576469 0.9132135 128.3087158 0.0166496 0.4402877 0.0015028 0.8977011
16.017700 -5.3471527 0.8816402 129.3712463 0.0173681 0.4565274 0.0037182 0.8895320
16.326970 -2.9659882 0.8194340 131.0033875 0.0133481 0.4704899 0.0031750 0.8822986
16.533090 -1.3014679 0.7872478 132.1087036 0.0139972 0.4746614 0.0032608 0.8800512
16.739250 0.4156570 0.7597306 133.2265167 0.0155305 0.4764939 0.0042913 0.8790301
16.945630 2.1823769 0.7268027 134.3801422 0.0154907 0.4775856 0.0037609 0.8784406
17.151890 3.9933624 0.6960331 135.5710907 0.0160456 0.4788763 0.0033997 0.8777291
17.358270 5.8616066 0.6532923 136.7745209 0.0160230 0.4802525 0.0032922 0.8769777
17.564670 7.7726440 0.6371173 137.9949036 0.0157548 0.4813912 0.0036083 0.8763568
17.771180 9.7051544 0.5901692 139.2389679 0.0131949 0.4832395 0.0047998 0.8753756
17.977710 11.6244011 0.5560231 140.4386139 0.0123382 0.4856334 0.0051757 0.8740602
18.184340 13.5562439 0.5231470 141.6305847 0.0122579 0.4881537 0.0051042 0.8726566
18.494230 16.4353676 0.4667039 143.3870087 0.0129130 0.4928517 0.0043786 0.8700065
18.700990 18.3392906 0.4276088 144.5027618 0.0132507 0.4965156 0.0033079 0.8679203
18.907640 20.2448616 0.3910283 145.6234283 0.0135543 0.5006312 0.0027137 0.8655503
19.114280 22.1435623 0.3510782 146.6914520 0.0118320 0.5046931 0.0048581 0.8632041
19.320910 24.0444565 0.3121845 147.7579041 0.0110618 0.5092474 0.0034526 0.8605421
19.630940 26.8461647 0.2711481 149.2462158 0.0115314 0.5173073 0.0036437 0.8557143
19.837570 28.6903572 0.2395768 150.1944580 0.0103301 0.5226496 0.0036487 0.8524772
20.147580 31.4980850 0.1993333 151.5619354 0.0130438 0.5314226 0.0032954 0.8470000
20.250980 32.4319038 0.1864218 152.0012665 0.0133181 0.5352949 0.0023813 0.8445569
20.457740 34.3156281 0.1491177 152.8558502 0.0128314 0.5449958 0.0021957 0.8383377
20.664620 36.2599449 0.1280905 153.6651154 0.0128042 0.5561934 0.0022358 0.8309513
20.871510 38.2015381 0.0836135 154.4021606 0.0124678 0.5688149 0.0015838 0.8223696
21.078400 40.2318840 0.0560821 155.1172028 0.0132709 0.5825528 -0.0001318 0.8126845
21.285420 42.2980270 0.0161650 155.7523956 0.0158293 0.5962584 -0.0022539 0.8026333
21.492310 44.3893776 -0.0343959 156.3215027 0.0179735 0.6096586 -0.0042004 0.7924492
21.699070 46.5179405 -0.0961320 156.8359985 0.0162069 0.6211795 -0.0020944 0.7834979
21.802460 47.5957260 -0.1166649 157.0712280 0.0157575 0.6256465 -0.0004379 0.7799474
22.009090 49.7615051 -0.1697438 157.5116272 0.0171660 0.6323338 0.0003657 0.7745058
22.215610 51.9449997 -0.2286725 157.9434662 0.0196114 0.6379462 -0.0012852 0.7698301
22.422120 54.1677094 -0.2939339 158.3421936 0.0206053 0.6414713 -0.0010283 0.7668695
22.628630 56.4107056 -0.3477972 158.7337341 0.0187931 0.6427752 -0.0001263 0.7658243
22.835030 58.6539993 -0.4031391 159.1410370 0.0186299 0.6430744 -0.0000431 0.7655771
23.041280 60.8869171 -0.4610214 159.5420074 0.0196538 0.6423317 -0.0004839 0.7661746
23.247690 63.1278076 -0.5078707 159.9584198 0.0200883 0.6414686 -0.0006642 0.7668859
23.557430 66.4483261 -0.6253629 160.5980835 0.0203187 0.6395110 0.0001520 0.7685133
23.867220 69.7666245 -0.7157686 161.2348175 0.0202712 0.6372572 0.0030553 0.7703785
24.177260 73.0263824 -0.8042400 161.8774261 0.0230163 0.6351879 0.0029422 0.7720090
24.383870 75.1801987 -0.8661990 162.3107605 0.0252896 0.6344243 0.0009958 0.7725706
24.693890 78.3930206 -0.9767609 162.9653778 0.0226659 0.6359741 0.0023552 0.7713739
25.004040 81.5801544 -1.0650215 163.5701294 0.0185174 0.6415806 0.0020684 0.7668293
25.314310 84.7353516 -1.1465101 164.0747528 0.0185428 0.6522750 0.0034219 0.7577478
25.624450 87.8269043 -1.2216721 164.4669952 0.0257706 0.6617576 -0.0004621 0.7492747
25.934480 90.8911057 -1.3404765 164.8023224 0.0237267 0.6698704 0.0003088 0.7420988
26.141120 92.9036102 -1.4053564 165.0005341 0.0232600 0.6740594 -0.0010911 0.7383100
26.450890 95.8606339 -1.5150561 165.2643127 0.0228695 0.6768000 -0.0025115 0.7358074
26.657400 97.8173676 -1.5727990 165.4257202 0.0211443 0.6777076 -0.0034659 0.7350193
26.967290 100.6770096 -1.6720269 165.6642303 0.0187908 0.6791133 -0.0045755 0.7337786
27.277190 103.4501038 -1.7649355 165.8874359 0.0189590 0.6795290 -0.0049818 0.7333868
27.586950 106.1686325 -1.8533833 166.1163025 0.0180980 0.6776574 -0.0061513 0.7351292
27.896730 108.8078384 -1.9538329 166.3620300 0.0160811 0.6750537 -0.0061238 0.7375679
28.206500 111.3758621 -2.0276709 166.6321259 0.0148677 0.6720076 -0.0072443 0.7403595
28.516150 113.8943176 -2.1053634 166.9014893 0.0133256 0.6688000 -0.0084205 0.7432752
28.722530 115.5342407 -2.1609583 167.0903931 0.0135859 0.6670982 -0.0083672 0.7447989
29.135440 118.7449799 -2.2654316 167.4832611 0.0151708 0.6646097 -0.0103712 0.7469646
29.445210 121.1022949 -2.3294613 167.7788391 0.0158132 0.6629075 -0.0100032 0.7484674
29.961370 124.8724976 -2.4720101 168.2881622 0.0137828 0.6608652 -0.0131624 0.7502626
30.168010 126.3081665 -2.5071702 168.4852448 0.0126516 0.6614061 -0.0132227 0.7498047
30.374520 127.6213608 -2.5612097 168.6610718 0.0099423 0.6633675 -0.0139992 0.7480968
30.787800 130.0020447 -2.6396050 168.9124451 0.0067211 0.6715941 -0.0122661 0.7407873
31.201200 131.8721008 -2.6895845 169.0332336 0.0057236 0.6844901 -0.0133589 0.7288773
31.717740 133.8405457 -2.7434356 169.0410767 0.0084008 0.7051688 -0.0165600 0.7087963
32.131140 135.3004456 -2.7842162 168.9472351 0.0086289 0.7271029 -0.0184639 0.6862259
32.441460 136.4514771 -2.8290262 168.7867584 0.0091875 0.7476004 -0.0216563 0.6637321
32.751200 137.7525940 -2.8827062 168.5018005 0.0078507 0.7729589 -0.0234171 0.6339752
32.958110 138.7171478 -2.9112802 168.2182770 0.0062010 0.7932104 -0.0245188 0.6084223
33.268340 140.2417908 -2.9812641 167.5905151 0.0074878 0.8258362 -0.0264978 0.5632374
33.578630 141.8138733 -3.0595102 166.7060242 0.0086454 0.8591707 -0.0261996 0.5109448
33.888890 143.4056549 -3.1511745 165.5314789 0.0071851 0.8909154 -0.0245799 0.4534468
34.198910 144.9419708 -3.2292252 164.0318146 0.0098183 0.9188722 -0.0220164 0.3938181
34.508550 146.3734436 -3.3218455 162.2869110 0.0118223 0.9402571 -0.0181929 0.3397731
34.818070 147.7833405 -3.3969867 160.2467651 0.0098877 0.9567736 -0.0195013 0.2900106
35.024460 148.5911865 -3.4551959 158.7628479 0.0111203 0.9671777 -0.0202657 0.2530470
35.334230 149.6609344 -3.5447958 156.2763367 0.0100774 0.9807106 -0.0195531 0.1942238
35.540620 150.2244415 -3.6122234 154.4871826 0.0111410 0.9875832 -0.0170655 0.1557690
35.850020 150.8843689 -3.6983953 151.6207733 0.0145805 0.9939529 -0.0140791 0.1079208
36.158910 151.3951721 -3.7778187 148.5063477 0.0198875 0.9963407 -0.0180463 0.0811425
36.364790 151.7188721 -3.8337898 146.2956238 0.0218302 0.9968420 -0.0198211 0.0737333
36.467690 151.8725891 -3.8716588 145.1723938 0.0226588 0.9969823 -0.0191429 0.0717379
36.673570 152.2123718 -3.9464855 142.8361969 0.0228356 0.9971290 -0.0184937 0.0697875
36.879580 152.5556641 -4.0126514 140.3667603 0.0240548 0.9970854 -0.0179944 0.0701306
37.085600 152.9362946 -4.0810118 137.8279419 0.0237007 0.9970715 -0.0153994 0.0710599
37.291740 153.3181458 -4.1454229 135.1903992 0.0233522 0.9970599 -0.0137873 0.0716661
37.497990 153.7179413 -4.2011404 132.4498291 0.0266933 0.9969725 -0.0150583 0.0714597
37.807400 154.3582153 -4.3082767 128.1916962 0.0271892 0.9968547 -0.0188646 0.0720113
38.116910 155.0315094 -4.4503365 123.7435760 0.0227673 0.9971313 -0.0167178 0.0702239
38.426430 155.6869659 -4.5688705 119.2169952 0.0212089 0.9973990 -0.0139376 0.0674629
38.735990 156.2956696 -4.6886311 114.6623688 0.0231435 0.9974317 -0.0148815 0.0661284
38.942330 156.7149506 -4.7751579 111.5952454 0.0252370 0.9973950 -0.0142000 0.0660655
39.251860 157.3493652 -4.9022789 106.9500885 0.0276380 0.9972263 -0.0139175 0.0676914
39.458250 157.7839050 -4.9982109 103.8591766 0.0274689 0.9971169 -0.0157038 0.0689692
39.767900 158.4589081 -5.1338482 99.1734390 0.0268831 0.9969473 -0.0156969 0.0716023
39.974420 158.9434509 -5.2285762 96.0178757 0.0268298 0.9968171 -0.0166533 0.0732021
40.180800 159.4337769 -5.3193989 92.8483505 0.0268738 0.9967285 -0.0147294 0.0747878
40.387310 159.9301147 -5.4129190 89.6820297 0.0272712 0.9965984 -0.0127595 0.0767149
40.696960 160.7053528 -5.5342264 84.8347931 0.0288403 0.9964429 -0.0134236 0.0780356
40.903480 161.2237396 -5.6267042 81.5774384 0.0301154 0.9963130 -0.0148813 0.0789428
41.109870 161.7659760 -5.7228723 78.2602310 0.0305260 0.9962344 -0.0174081 0.0792594
41.316250 162.3190460 -5.8326950 74.8943634 0.0286453 0.9963800 -0.0151315 0.0785955
41.522630 162.8547668 -5.9179020 71.5157318 0.0293656 0.9964786 -0.0140810 0.0772639
41.729040 163.3911438 -6.0326877 68.1093826 0.0310785 0.9965068 -0.0149342 0.0760614
41.935450 163.9127350 -6.1297655 64.6872101 0.0311405 0.9965580 -0.0158907 0.0751655
42.141840 164.4526978 -6.2299628 61.1844406 0.0307904 0.9967006 -0.0119230 0.0741458
42.348050 164.9765320 -6.2999949 57.6414757 0.0319002 0.9966987 -0.0114894 0.0737700
42.657580 165.7911530 -6.4493446 52.3193893 0.0289463 0.9968609 -0.0148336 0.0721841
42.967230 166.6332855 -6.5552735 46.9032898 0.0246581 0.9971142 -0.0103146 0.0710554
43.276760 167.4372253 -6.6793146 41.4296875 0.0282552 0.9968758 -0.0156179 0.0720857
43.586260 168.2605438 -6.8448825 35.9338150 0.0281415 0.9967611 -0.0140040 0.0740216
43.792700 168.8596954 -6.9567523 32.2884102 0.0240327 0.9968251 -0.0146996 0.0744716
44.102180 169.7331848 -7.0995736 26.6642551 0.0242109 0.9967890 -0.0136524 0.0750945
44.411830 170.5846710 -7.2548699 21.0770836 0.0246390 0.9967412 -0.0136777 0.0755833
44.618220 171.1881409 -7.3622718 17.2530613 0.0245097 0.9967596 -0.0140144 0.0753203
44.824610 171.7754669 -7.4730487 13.4730444 0.0248271 0.9967342 -0.0157602 0.0752075
45.030990 172.3613434 -7.5672631 9.6636906 0.0242770 0.9968168 -0.0142819 0.0745856
45.237380 172.9380951 -7.6588483 5.8247070 0.0242697 0.9969121 -0.0132091 0.0735032
45.443900 173.5208435 -7.7727818 2.0073242 0.0247864 0.9969823 -0.0135479 0.0723076
45.753530 174.3432312 -7.9413991 -3.7518749 0.0269869 0.9970574 -0.0137315 0.0704257
46.063060 175.1653137 -8.0629539 -9.5952644 0.0300270 0.9970979 -0.0135289 0.0686375
46.372600 176.0013123 -8.2244940 -15.5924416 0.0283673 0.9971589 -0.0150771 0.0681334
46.578980 176.5663300 -8.3328419 -19.5794411 0.0298595 0.9971146 -0.0137658 0.0684204
46.785240 177.1247711 -8.4332705 -23.6424084 0.0316065 0.9970044 -0.0128044 0.0694217
46.991500 177.7203369 -8.5222282 -27.6921711 0.0311525 0.9969454 -0.0130013 0.0704293
47.197770 178.3221588 -8.6279602 -31.7797604 0.0304501 0.9968524 -0.0145325 0.0717420
47.404190 178.9387817 -8.7297859 -35.8750229 0.0296876 0.9968160 -0.0132623 0.0728051
47.610430 179.5836334 -8.8066339 -40.0790520 0.0279709 0.9968225 -0.0147204 0.0731157
47.920060 180.5183868 -8.9891891 -46.2467880 0.0273522 0.9968066 -0.0140863 0.0736881
48.126450 181.1508179 -9.0918751 -50.4519501 0.0281862 0.9967710 -0.0149293 0.0736899
48.332710 181.7835846 -9.2009964 -54.7641449 0.0288857 0.9968233 -0.0128618 0.0730988
48.539100 182.4219666 -9.3203907 -59.0175972 0.0295359 0.9968635 -0.0138121 0.0721113
48.745480 183.0490875 -9.4203339 -63.3339386 0.0290253 0.9969569 -0.0139945 0.0709828
48.951750 183.6792603 -9.5253944 -67.6398468 0.0283116 0.9970676 -0.0129187 0.0699131
49.158010 184.3032837 -9.6414776 -71.9610062 0.0284017 0.9971685 -0.0120366 0.0685814
49.364400 184.9059753 -9.7557583 -76.2889252 0.0278473 0.9972510 -0.0123041 0.0675547
49.570660 185.5024261 -9.8692331 -80.6189575 0.0275436 0.9973128 -0.0122369 0.0667744
49.776920 186.0797272 -9.9978352 -84.9450150 0.0298377 0.9972513 -0.0103068 0.0670322
49.983070 186.6477966 -10.0880394 -89.2720032 0.0338191 0.9970647 -0.0083215 0.0681834
50.189330 187.2275391 -10.1934605 -93.5411530 0.0338836 0.9969509 -0.0122674 0.0692117
50.395720 187.8371887 -10.3078594 -97.8248215 0.0331572 0.9969722 -0.0099225 0.0696316
50.601980 188.4443054 -10.3952370 -102.0528030 0.0373339 0.9967752 -0.0118283 0.0700386
50.808380 189.0497894 -10.4936752 -106.3277969 0.0353517 0.9968125 -0.0111463 0.0706460
51.014760 189.7076721 -10.5908480 -110.6700211 0.0305589 0.9969279 -0.0103712 0.0713686
51.221150 190.3559113 -10.6889687 -114.9458389 0.0291978 0.9969031 -0.0099282 0.0723403
51.427420 190.9824829 -10.7881594 -119.2790527 0.0303965 0.9967905 -0.0079530 0.0736304
51.633800 191.6184540 -10.8286037 -123.5941238 0.0312599 0.9966852 -0.0085375 0.0746228
51.840070 192.2919922 -10.9137287 -127.8860092 0.0307773 0.9966874 -0.0078220 0.0748723
52.046460 192.9601288 -10.9832134 -132.2868042 0.0302576 0.9967020 -0.0077160 0.0749010
52.252850 193.6285706 -11.0532541 -136.5596466 0.0299157 0.9967180 -0.0085938 0.0747284
52.459240 194.2872162 -11.1225128 -140.9587097 0.0286340 0.9968081 -0.0079744 0.0740951
52.665500 194.9570160 -11.1857758 -145.3452759 0.0283311 0.9969007 -0.0069232 0.0730640
52.975010 195.9396667 -11.2986002 -151.9941406 0.0291382 0.9969852 -0.0054300 0.0717079
53.181420 196.5468445 -11.3331699 -156.3957520 0.0345007 0.9967873 -0.0027782 0.0722301
53.490810 197.5176392 -11.3948984 -163.0136261 0.0351672 0.9966279 -0.0015781 0.0741184
53.697060 198.1883698 -11.4214983 -167.4396362 0.0318340 0.9967160 -0.0008923 0.0744521
54.006590 199.2199097 -11.4813032 -174.0046082 0.0280200 0.9969101 -0.0048926 0.0732205
54.212860 199.8667908 -11.5039015 -178.3671112 0.0261779 0.9970286 -0.0033002 0.0723725
54.522380 200.8186951 -11.5644569 -184.9638977 0.0242158 0.9971152 -0.0071311 0.0715822
54.728650 201.4551697 -11.6135359 -189.3286438 0.0245805 0.9971085 -0.0053002 0.0717097
55.038030 202.4166107 -11.6715355 -195.9350891 0.0234779 0.9970835 -0.0025273 0.0725731
55.450550 203.6653290 -11.8202467 -204.6867981 0.0256826 0.9968955 -0.0103413 0.0737075
55.760080 204.6586304 -11.9021463 -211.2735138 0.0219812 0.9970433 -0.0028172 0.0735771
55.966350 205.3082275 -11.9160032 -215.6178284 0.0202606 0.9970660 -0.0034642 0.0737347
56.172740 205.9666290 -11.9306011 -219.9904022 0.0212454 0.9970550 -0.0005649 0.0736859
56.379130 206.5889893 -11.9279442 -224.3545074 0.0234475 0.9969522 -0.0005132 0.0744052
56.482250 206.9285278 -11.9167252 -226.5081024 0.0235111 0.9969738 -0.0008024 0.0740937
56.688510 207.5769806 -11.8966551 -230.8566284 0.0236988 0.9969553 0.0024063 0.0742469
56.894790 208.2237701 -11.8786097 -235.1837616 0.0250495 0.9968581 0.0036763 0.0750533
57.101040 208.8862762 -11.8495474 -239.5064087 0.0252076 0.9967990 0.0048588 0.0757150
57.307430 209.5572662 -11.8252687 -243.7922668 0.0290073 0.9966360 0.0026506 0.0766041
57.513690 210.1943054 -11.7980127 -248.0738678 0.0323894 0.9964378 0.0029961 0.0778054
57.720080 210.8848572 -11.7579222 -252.3425751 0.0335910 0.9963676 0.0063098 0.0779960
57.926470 211.5533752 -11.7198620 -256.5917969 0.0334064 0.9963723 0.0064854 0.0780004
58.132870 212.2386475 -11.6566238 -260.8462524 0.0325916 0.9964184 0.0053182 0.0778448
58.339130 212.9216919 -11.5966225 -265.1090393 0.0305028 0.9965082 0.0056305 0.0775192
58.545390 213.6024475 -11.5538425 -269.4183350 0.0324323 0.9964902 0.0038244 0.0770760
58.751830 214.2633057 -11.5423298 -273.7072754 0.0354332 0.9964229 -0.0018113 0.0766975
58.958050 214.9338837 -11.5415831 -278.0615234 0.0334324 0.9965075 0.0003439 0.0765180
59.267440 216.0162659 -11.4610329 -284.5852966 0.0278089 0.9967746 0.0049895 0.0751140
59.473580 216.6776276 -11.4202633 -289.0078735 0.0301977 0.9967315 0.0041608 0.0748141
59.679840 217.3196259 -11.3775358 -293.3981628 0.0340805 0.9966279 0.0047369 0.0744906
59.886230 217.9812317 -11.3339672 -297.8171387 0.0354719 0.9966059 0.0063757 0.0740124
60.092370 218.6539459 -11.2615004 -302.2250061 0.0330783 0.9967488 0.0060532 0.0732185
60.195500 218.9969177 -11.2319183 -304.4423218 0.0316722 0.9968517 0.0047593 0.0725318
60.401770 219.6349487 -11.1964788 -308.8598633 0.0305917 0.9969701 0.0061964 0.0712485
60.608020 220.2671661 -11.1524944 -313.2854004 0.0308136 0.9970468 0.0082488 0.0698588
60.814300 220.8784943 -11.0827293 -317.6710510 0.0306420 0.9971377 0.0095551 0.0684563
61.020560 221.4880524 -11.0032358 -322.0415649 0.0304246 0.9972215 0.0085086 0.0674633
61.226820 222.0894318 -10.9351940 -326.3803711 0.0305216 0.9972757 0.0104892 0.0663302
61.329950 222.3693695 -10.8926201 -328.5400696 0.0299643 0.9973103 0.0107131 0.0660274
61.536210 222.9709473 -10.8071423 -332.8676453 0.0282784 0.9974218 0.0100003 0.0651929
61.742470 223.5315247 -10.7445259 -337.1553955 0.0288089 0.9974861 0.0068123 0.0643831
61.845620 223.7987366 -10.7200184 -339.2731323 0.0288217 0.9974476 0.0082295 0.0648058
62.051750 224.3685303 -10.6351490 -343.5158081 0.0297168 0.9973855 0.0102063 0.0650764
62.258010 224.9369202 -10.5635824 -347.7272949 0.0291387 0.9973693 0.0118279 0.0653111
62.464280 225.5150604 -10.4617691 -351.9801941 0.0280162 0.9974000 0.0122452 0.0652554
62.773560 226.3573608 -10.3001337 -358.3480530 0.0259933 0.9975404 0.0129645 0.0637922
62.979800 226.8990021 -10.2001610 -362.5728760 0.0267304 0.9975667 0.0159405 0.0623870
63.289090 227.6661072 -10.0470762 -368.8356934 0.0291247 0.9976460 0.0139921 0.0604842
63.598360 228.3937225 -9.8799601 -374.9070435 0.0301121 0.9977779 0.0132210 0.0579468
63.907750 229.0744324 -9.7462502 -380.8495178 0.0315363 0.9978147 0.0141990 0.0563003
64.114010 229.5106506 -9.6589241 -384.6928711 0.0307288 0.9978919 0.0154717 0.0550281
64.423280 230.0994263 -9.5230427 -390.3683167 0.0331575 0.9978772 0.0131660 0.0544812
64.732670 230.7359009 -9.4011021 -395.8855896 0.0306399 0.9980192 0.0124028 0.0535270
64.938950 231.1426239 -9.3141489 -399.5303040 0.0295835 0.9980369 0.0145151 0.0532597
65.248340 231.7148438 -9.1689425 -404.9566956 0.0295844 0.9980772 0.0138542 0.0526767
65.454500 232.1090088 -9.0790424 -408.4785767 0.0276036 0.9982048 0.0130545 0.0515250
65.763990 232.6401062 -8.9625797 -413.6878357 0.0280985 0.9982799 0.0134160 0.0496762
65.970130 232.9783325 -8.8985052 -417.0883179 0.0279122 0.9983626 0.0139700 0.0479361
66.176530 233.2999268 -8.8235731 -420.3705750 0.0268987 0.9985106 0.0145802 0.0451712
66.382790 233.5938721 -8.7545404 -423.5938110 0.0256975 0.9987320 0.0126323 0.0414061
66.589170 233.8591156 -8.6857500 -426.7919312 0.0254618 0.9989207 0.0103947 0.0374314
66.795560 234.0808563 -8.6266508 -430.0020142 0.0256905 0.9990430 0.0116882 0.0334125
67.001960 234.2831879 -8.5517588 -433.2001648 0.0268998 0.9991354 0.0143847 0.0282478
67.208350 234.4387054 -8.4667854 -436.3518372 0.0291571 0.9992192 0.0140794 0.0226435
67.414730 234.5656128 -8.3874807 -439.4826965 0.0307257 0.9992964 0.0132779 0.0169182
67.621000 234.6554108 -8.3057261 -442.6110229 0.0305929 0.9993750 0.0137774 0.0111313
67.724120 234.6947021 -8.2710686 -444.1593018 0.0297084 0.9994471 0.0124233 0.0082772
67.827290 234.7198792 -8.2332287 -445.7088318 0.0285172 0.9995131 0.0116280 0.0050054
68.033670 234.7330322 -8.1417732 -448.8139343 0.0286119 0.9994935 0.0136118 -0.0029821
68.240040 234.6805267 -8.0595427 -451.8760071 0.0304522 0.9993557 0.0143960 -0.0123981
68.549550 234.4864502 -7.9385471 -456.4378967 0.0280214 0.9991550 0.0106335 -0.0281261
68.755940 234.3047791 -7.8782139 -459.4475098 0.0255595 0.9988678 0.0101966 -0.0388072
68.962220 234.0398407 -7.8141594 -462.4187927 0.0273080 0.9985499 0.0102315 -0.0452510
69.168230 233.7547150 -7.7477655 -465.3647766 0.0303983 0.9984246 0.0103798 -0.0460053
69.374240 233.5018311 -7.6802521 -468.2591858 0.0324634 0.9985276 0.0105274 -0.0421651
69.683130 233.2069244 -7.5979233 -472.4963379 0.0345605 0.9989161 0.0124134 -0.0286040
69.992160 233.0671997 -7.5124092 -476.6148682 0.0326393 0.9993017 0.0120218 -0.0136462
70.301420 233.0575562 -7.4137535 -480.6099243 0.0314783 0.9994138 0.0133567 -0.0016291
70.611070 233.1001434 -7.3201141 -484.6252747 0.0309620 0.9994443 0.0110762 0.0054600
70.920710 233.1791077 -7.2262297 -488.6293335 0.0301178 0.9994406 0.0116135 0.0087480
71.230370 233.2657928 -7.1420870 -492.5982361 0.0302392 0.9994197 0.0120966 0.0099701
71.540130 233.3540344 -7.0499697 -496.5649414 0.0305780 0.9994040 0.0125847 0.0099145
71.849890 233.4352417 -6.9571514 -500.4696960 0.0310853 0.9993690 0.0143693 0.0094237
72.159540 233.5141296 -6.8622589 -504.2651367 0.0311740 0.9993753 0.0143129 0.0085033
72.366180 233.5577850 -6.8070621 -506.6892090 0.0310509 0.9993790 0.0145488 0.0081080
72.572640 233.6032715 -6.7529297 -509.0352783 0.0320525 0.9993384 0.0153838 0.0076649
72.882340 233.6679077 -6.6716394 -512.4031372 0.0321433 0.9993434 0.0150370 0.0073147
73.191990 233.7366943 -6.5961027 -515.5465698 0.0312999 0.9993538 0.0154579 0.0085598
73.501890 233.8027191 -6.5199356 -518.4336548 0.0310006 0.9993432 0.0158420 0.0100549
73.914900 233.9069366 -6.4344110 -521.8765869 0.0306838 0.9993448 0.0152364 0.0116757
74.327820 233.9947815 -6.3529081 -524.9722290 0.0311623 0.9993463 0.0135418 0.0123478
74.637450 234.0588379 -6.3007565 -527.1899414 0.0311263 0.9993746 0.0121022 0.0116229
74.947230 234.1078339 -6.2521181 -529.3203125 0.0315319 0.9993785 0.0120642 0.0101423
75.256880 234.1572266 -6.2000237 -531.4264526 0.0312839 0.9994056 0.0123046 0.0076391
75.463390 234.1767120 -6.1659985 -532.7664185 0.0314323 0.9994003 0.0133324 0.0057627
75.773030 234.1941223 -6.1280527 -534.6081543 0.0321058 0.9993888 0.0134575 0.0031866
76.082690 234.2057648 -6.0862370 -536.2831421 0.0324306 0.9993833 0.0134378 0.0008048
76.392210 234.2030334 -6.0533009 -537.7388916 0.0320180 0.9993915 0.0138372 -0.0002698
76.701720 234.2096405 -6.0280657 -538.9724121 0.0323804 0.9993738 0.0142258 -0.0010755
77.114500 234.2055054 -5.9934750 -540.3319092 0.0321684 0.9993882 0.0136239 -0.0016659
77.527150 234.2061615 -5.9704409 -541.4155884 0.0321193 0.9993882 0.0137770 -0.0013287
78.043090 234.2163696 -5.9500694 -542.4609375 0.0318411 0.9994106 0.0128179 -0.0005168
78.249450 234.2162628 -5.9453869 -542.8265991 0.0319411 0.9994219 0.0116467 -0.0000190
79.178270 234.2268524 -5.8985043 -544.6389771 0.0321897 0.9994125 0.0115537 0.0022351
79.591290 234.2358398 -5.8755989 -545.5008545 0.0318338 0.9994221 0.0114932 0.0031525
79.797800 234.2426758 -5.8679705 -545.9389648 0.0321111 0.9994065 0.0119357 0.0036211
80.314000 234.2557373 -5.8443842 -547.0560913 0.0318890 0.9994072 0.0120093 0.0049158
81.449660 234.2821808 -5.7984104 -549.0626221 0.0324233 0.9993635 0.0131833 0.0068930
81.862700 234.2963562 -5.7893810 -549.4540405 0.0321791 0.9993726 0.0130027 0.0070558
82.275590 234.2984772 -5.7815275 -549.6723022 0.0321240 0.9993871 0.0118347 0.0072998
82.688610 234.3139801 -5.7763309 -549.9433594 0.0320412 0.9994013 0.0108176 0.0073053
