000070 4 142 181 209 207 46.986244
000071 4 131 179 201 206 43.547852
000071 5 323 163 359 193 40.032646
000072 4 120 179 193 207 42.152962
000072 5 315 163 353 195 37.782791
000073 4 108 179 184 208 42.481968
000074 4 81 181 165 211 40.959
000075 4 81 181 165 211 39.792225
000076 4 67 178 156 210 38.065849
000076 5 275 164 325 202 28.21088
000077 4 38 178 135 212 37.320488
000077 5 250 162 308 204 25.205254
000078 4 38 178 135 212 37.320488
000078 5 250 162 308 204 25.205254
000079 4 21 178 124 213 35.716721
000079 5 236 161 298 205 23.093904
000080 4 4 178 112 214 35.370983
000080 5 219 159 287 205 22.20225
000081 4 0 177 100 215 34.777416
000081 5 200 157 274 206 21.557283
000082 4 0 177 86 215 34.033699
000082 5 178 154 260 207 19.727015
000083 4 0 176 71 215 33.877079
000083 5 152 152 243 209 18.685627
000084 4 0 175 55 214 32.691944
000084 5 123 150 224 211 17.613262
000085 4 0 174 37 214 32.642479
000085 5 89 148 203 214 16.993727
000086 5 43 144 174 217 15.268892
000087 5 0 142 141 221 15.296818
000088 5 0 139 102 225 14.546801
000098 6 277 168 320 188 54.95295
000099 6 270 171 315 191 53.957272
000099 8 304 170 341 189 55.336292
000100 6 263 172 309 192 52.226074
000100 8 299 172 337 191 54.779522
000101 6 255 173 303 194 51.223095
000101 8 293 173 332 192 53.754814
000102 6 247 175 297 197 50.128704
000103 6 239 177 291 199 49.137707
000104 6 230 177 284 200 48.466103
000106 6 210 177 268 200 33.290554
000110 6 163 178 232 204 42.416458
000110 8 224 177 277 201 43.825432
000111 6 149 178 221 206 49.498161
000112 6 134 179 210 207 38.759659
000112 8 203 179 261 204 45.524483
000113 6 118 180 198 209 43.380142
000113 8 191 180 252 206 45.463238
000114 6 100 179 184 210 42.369137
000114 8 179 181 243 208 44.798035
000115 6 80 179 170 211 40.868755
000115 8 166 179 233 207 39.886574
000116 6 59 178 155 211 40.441345
000116 8 152 178 222 206 40.367336
000117 6 37 178 138 212 34.419788
000117 8 136 176 210 206 39.5378
000118 6 12 177 120 213 38.718491
000118 8 119 178 198 209 37.670784
000119 6 0 177 100 214 32.662491
000119 8 101 181 184 213 36.740196
000120 6 0 177 78 216 31.937469
000120 8 81 181 169 214 35.842545
000121 8 58 181 153 216 35.476612
000122 8 34 181 135 217 34.408146
