6.700000 -0.002809696 0.008433649 1.045208812 0.000963269 -0.000980445 0.001185466 0.999998331
6.800000 -0.009955593 0.015188907 2.104761362 -0.001126818 -0.002135944 0.001429855 0.999996066
6.900000 -0.021233555 0.025149224 3.174027920 -0.004269639 -0.003006548 0.001261637 0.999985576
7.000000 -0.035170306 0.037327863 4.237668991 -0.006061402 -0.004140288 0.000623342 0.999972880
7.100000 -0.051284071 0.055898063 5.303248882 -0.005760883 -0.005303666 0.000048657 0.999969363
7.200000 -0.070858292 0.069700249 6.368621349 -0.004382137 -0.006628397 -0.000331911 0.999968350
7.300000 -0.097712502 0.083578482 7.434092522 -0.003093908 -0.008294677 -0.001336267 0.999959946
7.400000 -0.123976842 0.096771121 8.513150215 -0.002616208 -0.009910611 -0.001450339 0.999946415
7.500000 -0.155787483 0.107476741 9.585826874 -0.003004320 -0.011651957 -0.002616491 0.999924183
7.600000 -0.201213777 0.114928544 10.670570374 -0.003387454 -0.013598898 -0.002958263 0.999897420
7.700000 -0.250711471 0.129037544 11.739181519 -0.003132405 -0.015660280 -0.003667673 0.999865711
7.800000 -0.297443390 0.141803503 12.817543983 -0.002684442 -0.017784467 -0.004232062 0.999829292
7.900000 -0.355131745 0.154689193 13.904456139 -0.002949563 -0.019806718 -0.005180654 0.999786019
8.000000 -0.405222863 0.162451267 15.017543793 -0.003500239 -0.022196990 -0.005361299 0.999733090
8.100000 -0.476996690 0.165826946 16.057558060 -0.004070633 -0.024095440 -0.006083590 0.999682844
8.200000 -0.532340705 0.173177764 17.146694183 -0.003890511 -0.026776593 -0.006216327 0.999614537
8.300000 -0.595057249 0.183465809 18.261606216 -0.003433035 -0.029481962 -0.006582094 0.999537766
8.400000 -0.671792448 0.196908027 19.332942963 -0.003372848 -0.031262819 -0.006747759 0.999482751
8.500000 -0.753683329 0.211005867 20.436216354 -0.004036270 -0.032930549 -0.007744655 0.999419451
8.600000 -0.829898834 0.221068680 21.540775299 -0.004761579 -0.034763455 -0.007981158 0.999352336
8.700000 -0.924948215 0.231761783 22.603382111 -0.005486588 -0.035780597 -0.008465311 0.999308765
8.800000 -1.004453301 0.250976324 23.700267792 -0.005313482 -0.037082527 -0.008209394 0.999264359
8.900000 -1.107330084 0.254504234 24.773942947 -0.005658846 -0.037809022 -0.008765688 0.999230504
9.000000 -1.208433390 0.279960811 25.869628906 -0.005373364 -0.038815882 -0.008590193 0.999195039
9.100000 -1.289900064 0.299440622 26.954216003 -0.005086010 -0.040222432 -0.008511987 0.999141574
9.200000 -1.383373141 0.308901012 28.045360565 -0.004383450 -0.041503761 -0.008991411 0.999088287
9.300000 -1.477920651 0.322081894 29.135936737 -0.004015993 -0.042546831 -0.008417804 0.999050915
9.400000 -1.588892460 0.344041288 30.224042892 -0.003645778 -0.043140300 -0.009705836 0.999015212
9.500000 -1.681193709 0.343351990 31.304906845 -0.004621430 -0.044395879 -0.009423011 0.998958886
9.600000 -1.781934619 0.353650987 32.403015137 -0.005391166 -0.045235824 -0.010535872 0.998906195
9.700000 -1.888426304 0.386975139 33.488010406 -0.006419659 -0.045807853 -0.009891707 0.998880684
9.800000 -1.995905161 0.403900385 34.578174591 -0.005876767 -0.046374891 -0.010594865 0.998850644
9.900000 -2.109258652 0.424689800 35.655437469 -0.003250165 -0.046835825 -0.011157653 0.998834968
10.000000 -2.217389107 0.433719933 36.742786407 -0.001731653 -0.047659755 -0.011498588 0.998795927
10.100000 -2.323996067 0.443943977 37.850704193 -0.001506704 -0.047945183 -0.011340727 0.998784423
10.200000 -2.438501120 0.461740673 38.960163116 -0.000840878 -0.048163664 -0.010606673 0.998782754
10.300000 -2.529996872 0.458108395 40.051078796 -0.000791494 -0.048759721 -0.007798996 0.998779774
10.400000 -2.635099649 0.465547860 41.169986725 -0.000896509 -0.049422424 -0.006172059 0.998758495
10.500000 -2.739201546 0.469851792 42.280559540 -0.002188671 -0.050081093 -0.004568459 0.998732328
10.600000 -2.852723598 0.474933922 43.382068634 -0.003100242 -0.050591983 -0.004860082 0.998702765
10.700000 -2.960094929 0.495070934 44.517677307 -0.002822730 -0.051070563 -0.004537793 0.998680770
10.800000 -3.083837271 0.507846713 45.646350861 -0.002705787 -0.051551949 -0.004778694 0.998655200
10.900000 -3.209129810 0.516078174 46.775218964 -0.002899803 -0.051488489 -0.005535020 0.998654068
11.000000 -3.315825462 0.534644008 47.907882690 -0.002406014 -0.052154921 -0.005839144 0.998619080
11.100000 -3.450822830 0.557473481 49.082885742 -0.002278869 -0.052424960 -0.005314824 0.998608112
11.200000 -3.575340271 0.566103041 50.244697571 -0.001633679 -0.052936349 -0.004533127 0.998586237
11.300000 -3.701546907 0.570696235 51.408878326 -0.000645507 -0.053777006 -0.004410830 0.998543024
11.400000 -3.838375568 0.578601718 52.590015411 -0.000298644 -0.054173741 -0.004026081 0.998523355
11.500000 -3.966897488 0.594398081 53.764347076 -0.000140597 -0.054773338 -0.004689605 0.998487771
11.600000 -4.091242790 0.594632268 54.964843750 -0.001937528 -0.055362303 -0.004098427 0.998456061
11.700000 -4.238012791 0.609994352 56.157936096 -0.003189067 -0.055741850 -0.004942633 0.998427868
11.800000 -4.383221626 0.630962551 57.379779816 -0.002994264 -0.056155656 -0.004488980 0.998407423
11.900000 -4.530262947 0.648024499 58.589027405 -0.001711688 -0.056702886 -0.003037060 0.998385012
12.000000 -4.657303810 0.659609139 59.827713013 -0.000898172 -0.057517398 -0.002241795 0.998341620
12.100000 -4.799766541 0.669401526 61.057468414 -0.000515462 -0.058177151 -0.001391566 0.998305142
12.200000 -4.964732170 0.681442559 62.298706055 -0.000981124 -0.058471628 -0.002426981 0.998285592
