6.600000 0.0000000 0.0000000 0.0000000 0.0000000 0.0000000 0.0000000 1.0000000
6.700000 -0.0028097 0.0084337 1.0452088 0.0009633 -0.0009804 0.0011855 0.9999983
6.800000 -0.0099556 0.0151889 2.1047616 -0.0011268 -0.0021359 0.0014299 0.9999961
6.900000 -0.0212336 0.0251492 3.1740282 -0.0042696 -0.0030065 0.0012616 0.9999856
7.000000 -0.0351703 0.0373279 4.2376695 -0.0060614 -0.0041403 0.0006233 0.9999729
7.100000 -0.0512841 0.0558981 5.3032489 -0.0057609 -0.0053037 0.0000487 0.9999694
7.200000 -0.0708583 0.0697002 6.3686213 -0.0043821 -0.0066284 -0.0003319 0.9999683
7.400000 -0.1239768 0.0967711 8.5131502 -0.0026162 -0.0099106 -0.0014503 0.9999464
7.500000 -0.1557875 0.1074768 9.5858288 -0.0030043 -0.0116520 -0.0026165 0.9999242
7.700000 -0.2507115 0.1290376 11.7391825 -0.0031324 -0.0156603 -0.0036677 0.9998657
7.800000 -0.2974434 0.1418035 12.8175440 -0.0026844 -0.0177845 -0.0042321 0.9998293
7.900000 -0.3551318 0.1546892 13.9044561 -0.0029496 -0.0198067 -0.0051807 0.9997861
8.100000 -0.4769967 0.1658269 16.0575619 -0.0040706 -0.0240954 -0.0060836 0.9996828
8.200000 -0.5323408 0.1731778 17.1466961 -0.0038905 -0.0267766 -0.0062163 0.9996145
8.400000 -0.6717925 0.1969080 19.3329430 -0.0033728 -0.0312628 -0.0067478 0.9994828
8.500000 -0.7536833 0.2110059 20.4362164 -0.0040363 -0.0329306 -0.0077447 0.9994195
8.700000 -0.9249480 0.2317618 22.6033859 -0.0054866 -0.0357806 -0.0084653 0.9993088
8.900000 -1.1073298 0.2545042 24.7739429 -0.0056588 -0.0378090 -0.0087657 0.9992305
9.100000 -1.2899001 0.2994407 26.9542160 -0.0050860 -0.0402224 -0.0085120 0.9991416
9.300000 -1.4779205 0.3220819 29.1359367 -0.0040160 -0.0425468 -0.0084178 0.9990509
9.500000 -1.6811941 0.3433519 31.3049068 -0.0046214 -0.0443959 -0.0094230 0.9989589
9.700000 -1.8884259 0.3869752 33.4880104 -0.0064197 -0.0458079 -0.0098917 0.9988807
9.900000 -2.1092579 0.4246898 35.6554337 -0.0032502 -0.0468358 -0.0111577 0.9988350
10.100000 -2.3239963 0.4439440 37.8507118 -0.0015067 -0.0479452 -0.0113407 0.9987844
10.300000 -2.5299969 0.4581084 40.0510788 -0.0007915 -0.0487597 -0.0077990 0.9987798
10.500000 -2.7392015 0.4698518 42.2805634 -0.0021887 -0.0500811 -0.0045685 0.9987323
10.700000 -2.9600949 0.4950709 44.5176773 -0.0028227 -0.0510706 -0.0045378 0.9986808
10.900000 -3.2091298 0.5160782 46.7752190 -0.0028998 -0.0514885 -0.0055350 0.9986541
11.100000 -3.4508233 0.5574735 49.0828857 -0.0022789 -0.0524250 -0.0053148 0.9986081
11.200000 -3.5753398 0.5661030 50.2446976 -0.0016337 -0.0529363 -0.0045331 0.9985862
11.400000 -3.8383749 0.5786018 52.5900154 -0.0002986 -0.0541737 -0.0040261 0.9985234
11.500000 -3.9668975 0.5943981 53.7643509 -0.0001406 -0.0547733 -0.0046896 0.9984878
11.700000 -4.2380133 0.6099944 56.1579399 -0.0031891 -0.0557419 -0.0049426 0.9984279
11.800000 -4.3832226 0.6309626 57.3797874 -0.0029943 -0.0561557 -0.0044890 0.9984074
12.000000 -4.6573033 0.6596091 59.8276978 -0.0008982 -0.0575174 -0.0022418 0.9983416
12.100000 -4.7997665 0.6694016 61.0574646 -0.0005155 -0.0581771 -0.0013916 0.9983051
